Code/MATLAB/Matlab_old/02 Fill Missing Data/data_grav_rasters/EGM2008_geoid.asc
ncols         159
nrows         172
xllcorner     32.4820794100
yllcorner     29.1707288100
cellsize      0.0259688
nodata_value  999
[rows 0 to 31 of 172, columns 71 to 141 of 159]
16.193 16.250 16.310 16.373 16.440 16.510 16.584 16.661 16.742 16.826 16.915 17.010 17.110 17.217 17.329 17.447 17.570 17.698 17.830 17.968 18.111 18.261 18.419 18.584 18.757 18.936 19.120 19.309 19.503 19.705 19.916 20.142 20.384 20.642 20.914 21.197 21.486 21.777 22.070 22.366 22.664 22.966 23.270 23.575 23.878 24.177 24.470 24.755 25.027 25.280 25.503 25.688 25.835 25.949 26.040 26.121 26.204 26.294 26.389 26.479 26.548 26.587 26.595 26.583 26.564 26.541 26.515 26.482 26.437 26.377 26.296
16.225 16.281 16.340 16.404 16.472 16.543 16.618 16.696 16.778 16.864 16.956 17.055 17.161 17.273 17.390 17.511 17.635 17.763 17.897 18.037 18.184 18.339 18.500 18.667 18.839 19.018 19.203 19.396 19.597 19.809 20.032 20.268 20.515 20.773 21.041 21.315 21.592 21.872 22.154 22.436 22.721 23.009 23.301 23.597 23.896 24.196 24.493 24.781 25.051 25.294 25.502 25.671 25.804 25.912 26.005 26.095 26.190 26.291 26.391 26.476 26.531 26.547 26.529 26.489 26.442 26.392 26.342 26.288 26.226 26.154 26.068
16.259 16.314 16.374 16.439 16.508 16.581 16.657 16.736 16.819 16.908 17.003 17.107 17.218 17.334 17.455 17.578 17.704 17.833 17.968 18.110 18.260 18.418 18.581 18.749 18.921 19.099 19.285 19.481 19.691 19.913 20.148 20.393 20.646 20.905 21.168 21.432 21.698 21.965 22.232 22.499 22.769 23.043 23.323 23.613 23.912 24.215 24.516 24.803 25.065 25.293 25.484 25.638 25.763 25.869 25.969 26.071 26.180 26.293 26.398 26.476 26.513 26.504 26.459 26.393 26.321 26.250 26.179 26.108 26.033 25.950 25.858
16.295 16.350 16.411 16.477 16.548 16.623 16.701 16.782 16.866 16.957 17.056 17.164 17.279 17.400 17.523 17.648 17.774 17.904 18.040 18.184 18.336 18.496 18.661 18.829 19.001 19.179 19.367 19.568 19.785 20.017 20.263 20.516 20.774 21.032 21.290 21.546 21.801 22.055 22.307 22.560 22.814 23.074 23.345 23.630 23.928 24.231 24.529 24.807 25.055 25.268 25.444 25.591 25.715 25.827 25.940 26.058 26.184 26.306 26.409 26.471 26.483 26.445 26.373 26.284 26.194 26.107 26.024 25.942 25.856 25.765 25.666
16.333 16.390 16.452 16.520 16.593 16.670 16.749 16.832 16.919 17.012 17.114 17.225 17.344 17.467 17.592 17.718 17.845 17.976 18.112 18.258 18.412 18.573 18.739 18.908 19.081 19.260 19.451 19.658 19.882 20.122 20.375 20.634 20.893 21.150 21.403 21.652 21.898 22.141 22.381 22.620 22.862 23.110 23.372 23.649 23.941 24.236 24.523 24.786 25.017 25.216 25.386 25.533 25.665 25.793 25.925 26.064 26.205 26.330 26.418 26.452 26.428 26.358 26.261 26.157 26.056 25.964 25.876 25.789 25.699 25.602 25.498
16.375 16.433 16.497 16.567 16.641 16.720 16.801 16.885 16.975 17.071 17.175 17.289 17.409 17.533 17.659 17.786 17.913 18.045 18.184 18.331 18.486 18.649 18.816 18.986 19.160 19.343 19.539 19.752 19.982 20.228 20.484 20.744 21.002 21.256 21.504 21.747 21.985 22.220 22.452 22.682 22.912 23.150 23.400 23.667 23.945 24.226 24.494 24.739 24.955 25.145 25.315 25.470 25.619 25.770 25.929 26.090 26.238 26.350 26.407 26.399 26.336 26.237 26.123 26.011 25.911 25.821 25.737 25.652 25.562 25.464 25.358
16.419 16.480 16.545 16.617 16.693 16.772 16.854 16.940 17.031 17.130 17.236 17.351 17.471 17.595 17.721 17.847 17.977 18.111 18.252 18.401 18.558 18.721 18.889 19.061 19.239 19.427 19.629 19.848 20.083 20.331 20.587 20.844 21.099 21.347 21.590 21.829 22.063 22.292 22.518 22.739 22.961 23.189 23.427 23.678 23.938 24.198 24.445 24.671 24.875 25.060 25.235 25.405 25.579 25.760 25.946 26.120 26.260 26.341 26.352 26.300 26.203 26.085 25.966 25.858 25.765 25.684 25.609 25.531 25.445 25.349 25.244
16.466 16.528 16.595 16.667 16.743 16.822 16.905 16.992 17.086 17.186 17.294 17.409 17.528 17.650 17.775 17.902 18.033 18.171 18.315 18.466 18.625 18.788 18.957 19.131 19.314 19.508 19.717 19.942 20.180 20.429 20.682 20.934 21.183 21.426 21.665 21.899 22.130 22.355 22.574 22.789 23.003 23.220 23.445 23.679 23.918 24.154 24.379 24.587 24.781 24.967 25.153 25.345 25.548 25.759 25.961 26.131 26.240 26.276 26.241 26.155 26.041 25.921 25.808 25.711 25.629 25.559 25.493 25.422 25.341 25.249 25.148
16.511 16.575 16.643 16.715 16.789 16.868 16.951 17.040 17.136 17.238 17.347 17.461 17.578 17.698 17.821 17.949 18.083 18.224 18.372 18.526 18.685 18.848 19.018 19.195 19.382 19.584 19.800 20.030 20.271 20.519 20.768 21.014 21.257 21.496 21.731 21.961 22.188 22.408 22.620 22.827 23.031 23.238 23.450 23.667 23.884 24.097 24.301 24.496 24.685 24.878 25.081 25.300 25.530 25.758 25.957 26.098 26.163 26.153 26.085 25.985 25.873 25.764 25.665 25.580 25.509 25.447 25.387 25.320 25.241 25.152 25.056
16.553 16.618 16.686 16.756 16.830 16.908 16.992 17.082 17.181 17.285 17.395 17.507 17.622 17.740 17.862 17.990 18.127 18.271 18.423 18.578 18.738 18.901 19.071 19.251 19.444 19.653 19.877 20.112 20.355 20.601 20.846 21.088 21.326 21.561 21.792 22.018 22.239 22.451 22.654 22.852 23.046 23.243 23.442 23.642 23.840 24.034 24.222 24.409 24.600 24.806 25.030 25.272 25.518 25.744 25.918 26.017 26.036 25.991 25.909 25.814 25.717 25.625 25.541 25.468 25.406 25.348 25.288 25.219 25.139 25.052 24.961
16.589 16.654 16.722 16.792 16.865 16.943 17.028 17.120 17.221 17.327 17.437 17.549 17.662 17.777 17.898 18.028 18.167 18.315 18.468 18.625 18.784 18.947 19.119 19.302 19.502 19.719 19.950 20.190 20.434 20.678 20.919 21.157 21.392 21.623 21.851 22.072 22.284 22.486 22.679 22.865 23.050 23.235 23.421 23.607 23.790 23.969 24.146 24.330 24.529 24.750 24.993 25.249 25.497 25.706 25.845 25.900 25.882 25.819 25.739 25.658 25.579 25.505 25.435 25.373 25.316 25.257 25.192 25.117 25.033 24.946 24.862
16.620 16.685 16.753 16.824 16.897 16.975 17.060 17.154 17.257 17.365 17.475 17.586 17.698 17.812 17.933 18.064 18.206 18.356 18.511 18.668 18.827 18.990 19.163 19.351 19.558 19.783 20.020 20.265 20.510 20.752 20.990 21.224 21.455 21.684 21.907 22.122 22.325 22.516 22.696 22.871 23.045 23.220 23.396 23.568 23.736 23.901 24.070 24.252 24.459 24.693 24.949 25.212 25.453 25.639 25.744 25.766 25.726 25.658 25.586 25.520 25.459 25.400 25.344 25.290 25.233 25.169 25.096 25.013 24.926 24.841 24.763
16.647 16.713 16.781 16.852 16.926 17.004 17.090 17.185 17.288 17.397 17.508 17.620 17.731 17.846 17.968 18.101 18.244 18.396 18.551 18.708 18.866 19.030 19.206 19.400 19.614 19.846 20.090 20.338 20.583 20.822 21.057 21.287 21.516 21.741 21.959 22.166 22.360 22.540 22.710 22.876 23.041 23.207 23.371 23.529 23.680 23.829 23.987 24.166 24.375 24.616 24.878 25.140 25.372 25.539 25.622 25.625 25.577 25.512 25.451 25.399 25.352 25.307 25.260 25.209 25.148 25.076 24.994 24.907 24.821 24.742 24.673
16.672 16.738 16.808 16.879 16.953 17.031 17.117 17.213 17.316 17.426 17.538 17.650 17.762 17.879 18.003 18.138 18.283 18.435 18.590 18.746 18.904 19.070 19.249 19.449 19.670 19.908 20.156 20.406 20.650 20.887 21.118 21.346 21.571 21.793 22.006 22.206 22.391 22.562 22.724 22.883 23.042 23.200 23.352 23.494 23.625 23.754 23.895 24.064 24.268 24.507 24.766 25.023 25.246 25.402 25.474 25.473 25.429 25.373 25.325 25.287 25.252 25.216 25.173 25.118 25.049 24.969 24.883 24.798 24.721 24.652 24.593
16.696 16.762 16.832 16.903 16.977 17.056 17.142 17.237 17.341 17.450 17.563 17.677 17.792 17.911 18.038 18.175 18.320 18.473 18.627 18.783 18.941 19.109 19.292 19.497 19.724 19.966 20.217 20.467 20.710 20.944 21.173 21.399 21.623 21.842 22.051 22.245 22.423 22.586 22.742 22.896 23.051 23.201 23.341 23.463 23.571 23.676 23.797 23.949 24.141 24.369 24.620 24.868 25.082 25.232 25.303 25.308 25.275 25.234 25.201 25.175 25.150 25.118 25.071 25.007 24.930 24.845 24.763 24.688 24.623 24.568 24.520
16.716 16.782 16.852 16.924 16.998 17.077 17.164 17.259 17.363 17.474 17.588 17.704 17.822 17.943 18.073 18.211 18.357 18.509 18.664 18.820 18.980 19.151 19.338 19.548 19.778 20.022 20.273 20.522 20.763 20.996 21.225 21.451 21.675 21.892 22.098 22.287 22.457 22.614 22.764 22.913 23.062 23.204 23.329 23.432 23.517 23.599 23.698 23.832 24.008 24.222 24.460 24.697 24.903 25.048 25.120 25.133 25.114 25.090 25.072 25.057 25.037 25.002 24.948 24.876 24.794 24.712 24.638 24.577 24.527 24.485 24.444
16.733 16.798 16.868 16.940 17.016 17.096 17.184 17.280 17.386 17.498 17.613 17.731 17.852 17.976 18.107 18.247 18.394 18.546 18.702 18.860 19.024 19.199 19.391 19.604 19.836 20.081 20.330 20.576 20.815 21.048 21.277 21.506 21.731 21.949 22.152 22.334 22.496 22.644 22.786 22.928 23.069 23.200 23.310 23.394 23.459 23.521 23.603 23.722 23.883 24.084 24.310 24.537 24.733 24.870 24.940 24.958 24.952 24.941 24.934 24.926 24.907 24.869 24.809 24.734 24.653 24.578 24.516 24.468 24.430 24.397 24.360
16.744 16.809 16.879 16.953 17.030 17.113 17.204 17.302 17.409 17.523 17.640 17.760 17.883 18.009 18.142 18.283 18.431 18.586 18.745 18.907 19.077 19.259 19.457 19.673 19.905 20.148 20.393 20.634 20.871 21.103 21.334 21.564 21.792 22.009 22.208 22.384 22.537 22.674 22.806 22.938 23.066 23.183 23.277 23.345 23.395 23.445 23.516 23.623 23.774 23.964 24.180 24.396 24.579 24.704 24.767 24.786 24.787 24.785 24.786 24.781 24.763 24.723 24.664 24.591 24.518 24.454 24.403 24.365 24.333 24.302 24.266
16.749 16.815 16.886 16.962 17.043 17.130 17.223 17.325 17.433 17.548 17.667 17.789 17.913 18.041 18.176 18.319 18.471 18.629 18.793 18.964 19.142 19.332 19.537 19.757 19.989 20.228 20.467 20.702 20.934 21.163 21.393 21.623 21.850 22.065 22.259 22.427 22.571 22.699 22.820 22.938 23.052 23.152 23.231 23.287 23.327 23.369 23.434 23.534 23.676 23.857 24.061 24.263 24.430 24.541 24.596 24.614 24.618 24.622 24.626 24.624 24.607 24.571 24.518 24.455 24.394 24.341 24.300 24.266 24.235 24.202 24.164
16.749 16.816 16.890 16.970 17.054 17.145 17.241 17.345 17.455 17.571 17.691 17.814 17.940 18.071 18.209 18.356 18.511 18.676 18.848 19.028 19.217 19.417 19.629 19.852 20.084 20.318 20.550 20.777 21.000 21.223 21.448 21.674 21.896 22.105 22.293 22.455 22.592 22.712 22.823 22.929 23.028 23.114 23.180 23.225 23.259 23.297 23.356 23.449 23.580 23.747 23.935 24.119 24.269 24.367 24.416 24.434 24.442 24.450 24.458 24.458 24.444 24.415 24.372 24.323 24.276 24.236 24.201 24.169 24.136 24.100 24.060
16.744 16.815 16.892 16.975 17.064 17.157 17.256 17.360 17.471 17.587 17.708 17.833 17.963 18.098 18.240 18.391 18.552 18.724 18.905 19.096 19.296 19.506 19.726 19.952 20.182 20.410 20.633 20.850 21.063 21.275 21.490 21.707 21.920 22.122 22.303 22.461 22.595 22.711 22.816 22.914 23.002 23.077 23.133 23.171 23.200 23.233 23.285 23.366 23.479 23.624 23.788 23.950 24.083 24.173 24.222 24.246 24.260 24.273 24.284 24.287 24.278 24.256 24.225 24.190 24.157 24.127 24.098 24.067 24.033 23.995 23.959
16.736 16.811 16.892 16.979 17.070 17.165 17.264 17.368 17.478 17.595 17.718 17.846 17.980 18.120 18.268 18.424 18.592 18.771 18.961 19.163 19.374 19.593 19.818 20.046 20.272 20.494 20.707 20.913 21.114 21.313 21.515 21.719 21.921 22.114 22.290 22.445 22.580 22.697 22.802 22.897 22.981 23.050 23.100 23.133 23.158 23.184 23.224 23.286 23.374 23.488 23.620 23.754 23.871 23.957 24.012 24.047 24.073 24.094 24.109 24.115 24.109 24.094 24.072 24.050 24.028 24.008 23.984 23.956 23.924 23.890 23.861
16.726 16.804 16.889 16.978 17.071 17.166 17.265 17.368 17.478 17.596 17.722 17.855 17.994 18.140 18.292 18.454 18.628 18.814 19.014 19.225 19.445 19.671 19.900 20.126 20.348 20.561 20.764 20.959 21.148 21.335 21.523 21.714 21.904 22.088 22.260 22.414 22.552 22.674 22.784 22.882 22.967 23.034 23.082 23.112 23.131 23.148 23.171 23.209 23.266 23.343 23.438 23.542 23.642 23.727 23.794 23.846 23.886 23.918 23.939 23.947 23.943 23.932 23.917 23.902 23.890 23.878 23.861 23.838 23.811 23.784 23.766
16.712 16.794 16.882 16.973 17.067 17.162 17.259 17.362 17.473 17.593 17.723 17.862 18.006 18.157 18.314 18.481 18.660 18.853 19.061 19.282 19.510 19.742 19.971 20.194 20.408 20.611 20.804 20.988 21.167 21.344 21.522 21.701 21.881 22.056 22.223 22.377 22.517 22.645 22.760 22.863 22.951 23.020 23.067 23.094 23.106 23.111 23.116 23.128 23.153 23.195 23.255 23.331 23.416 23.501 23.580 23.649 23.706 23.748 23.775 23.785 23.782 23.772 23.762 23.754 23.749 23.744 23.735 23.719 23.699 23.681 23.672
16.698 16.781 16.870 16.963 17.057 17.152 17.250 17.354 17.467 17.591 17.726 17.869 18.018 18.172 18.333 18.503 18.687 18.888 19.105 19.335 19.572 19.808 20.037 20.254 20.458 20.649 20.831 21.007 21.178 21.349 21.519 21.690 21.860 22.027 22.187 22.337 22.477 22.606 22.724 22.830 22.919 22.989 23.035 23.058 23.063 23.055 23.043 23.033 23.031 23.044 23.077 23.131 23.205 23.291 23.380 23.463 23.533 23.585 23.616 23.628 23.627 23.619 23.612 23.610 23.612 23.615 23.614 23.606 23.594 23.584 23.582
16.681 16.766 16.855 16.948 17.043 17.139 17.238 17.345 17.461 17.589 17.728 17.875 18.027 18.183 18.346 18.520 18.709 18.919 19.147 19.389 19.635 19.876 20.103 20.312 20.505 20.684 20.855 21.022 21.188 21.354 21.520 21.685 21.846 22.003 22.153 22.295 22.428 22.552 22.666 22.768 22.854 22.920 22.962 22.981 22.979 22.963 22.938 22.912 22.894 22.889 22.906 22.949 23.016 23.102 23.196 23.287 23.365 23.422 23.457 23.472 23.474 23.471 23.469 23.474 23.485 23.496 23.503 23.503 23.498 23.493 23.497
16.664 16.748 16.838 16.931 17.026 17.124 17.225 17.335 17.455 17.587 17.729 17.879 18.032 18.190 18.354 18.532 18.729 18.949 19.190 19.444 19.700 19.945 20.171 20.373 20.554 20.721 20.881 21.039 21.200 21.363 21.525 21.683 21.836 21.981 22.117 22.245 22.364 22.476 22.578 22.669 22.744 22.801 22.836 22.849 22.842 22.821 22.792 22.762 22.738 22.728 22.741 22.781 22.847 22.932 23.027 23.119 23.197 23.256 23.294 23.313 23.321 23.325 23.333 23.347 23.366 23.386 23.401 23.408 23.409 23.410 23.417
16.645 16.729 16.818 16.911 17.007 17.106 17.210 17.322 17.446 17.581 17.726 17.877 18.031 18.190 18.358 18.541 18.746 18.978 19.232 19.498 19.764 20.014 20.238 20.434 20.605 20.761 20.911 21.061 21.216 21.374 21.530 21.681 21.823 21.954 22.074 22.185 22.286 22.380 22.464 22.537 22.596 22.638 22.661 22.667 22.658 22.637 22.611 22.584 22.565 22.563 22.583 22.627 22.695 22.779 22.869 22.955 23.029 23.087 23.126 23.151 23.167 23.182 23.200 23.224 23.253 23.280 23.302 23.316 23.324 23.331 23.344
16.625 16.708 16.796 16.889 16.985 17.085 17.191 17.306 17.432 17.570 17.717 17.869 18.026 18.188 18.360 18.551 18.766 19.008 19.272 19.548 19.820 20.073 20.296 20.488 20.654 20.803 20.945 21.090 21.238 21.388 21.536 21.676 21.805 21.921 22.025 22.118 22.202 22.277 22.342 22.395 22.435 22.460 22.472 22.470 22.459 22.440 22.419 22.403 22.398 22.408 22.439 22.490 22.560 22.640 22.723 22.800 22.867 22.921 22.962 22.993 23.019 23.044 23.073 23.106 23.142 23.176 23.204 23.225 23.240 23.255 23.275
16.603 16.685 16.772 16.864 16.960 17.061 17.169 17.286 17.415 17.555 17.704 17.860 18.021 18.188 18.367 18.565 18.789 19.038 19.309 19.589 19.862 20.116 20.339 20.530 20.695 20.844 20.985 21.125 21.267 21.408 21.544 21.670 21.785 21.886 21.976 22.054 22.124 22.183 22.231 22.268 22.291 22.303 22.304 22.297 22.284 22.268 22.255 22.248 22.254 22.276 22.316 22.373 22.443 22.518 22.591 22.658 22.718 22.769 22.812 22.849 22.883 22.917 22.954 22.994 23.035 23.073 23.106 23.133 23.157 23.181 23.210
16.579 16.659 16.745 16.836 16.932 17.034 17.144 17.265 17.397 17.540 17.693 17.854 18.020 18.195 18.382 18.587 18.816 19.069 19.339 19.617 19.888 20.139 20.363 20.558 20.729 20.883 21.029 21.170 21.307 21.438 21.560 21.670 21.768 21.856 21.933 22.002 22.061 22.110 22.146 22.170 22.182 22.183 22.177 22.165 22.152 22.138 22.129 22.128 22.140 22.168 22.213 22.272 22.340 22.408 22.472 22.532 22.587 22.636 22.682 22.724 22.765 22.806 22.849 22.892 22.935 22.976 23.013 23.047 23.079 23.112 23.150
16.553 16.631 16.716 16.806 16.903 17.008 17.122 17.246 17.383 17.531 17.689 17.855 18.028 18.210 18.404 18.615 18.846 19.098 19.364 19.634 19.899 20.146 20.372 20.573 20.755 20.921 21.076 21.221 21.355 21.475 21.582 21.675 21.757 21.832 21.900 21.962 22.014 22.056 22.084 22.098 22.100 22.093 22.080 22.065 22.051 22.039 22.030 22.031 22.045 22.075 22.120 22.179 22.243 22.306 22.365 22.421 22.474 22.524 22.572 22.619 22.665 22.711 22.757 22.802 22.846 22.889 22.930 22.970 23.009 23.050 23.096
