Code/MATLAB/Matlab_old/02 Fill Missing Data/data_grav_rasters/EGM2008_geoid.asc
ncols         159
nrows         172
xllcorner     32.4820794100
yllcorner     29.1707288100
cellsize      0.0259688
nodata_value  999
[rows 0 to 31 of 172, columns 0 to 70 of 159]
16.024 16.130 16.224 16.306 16.374 16.427 16.464 16.482 16.482 16.464 16.429 16.379 16.315 16.239 16.152 16.057 15.957 15.856 15.758 15.665 15.578 15.497 15.422 15.351 15.283 15.217 15.153 15.091 15.032 14.976 14.924 14.877 14.837 14.806 14.782 14.767 14.760 14.759 14.765 14.777 14.795 14.820 14.851 14.886 14.925 14.965 15.005 15.046 15.088 15.132 15.178 15.226 15.275 15.321 15.365 15.406 15.447 15.489 15.535 15.585 15.639 15.693 15.746 15.797 15.844 15.890 15.936 15.984 16.033 16.085 16.138
16.038 16.136 16.224 16.300 16.363 16.413 16.446 16.462 16.459 16.439 16.401 16.347 16.280 16.201 16.114 16.019 15.921 15.822 15.727 15.637 15.553 15.477 15.407 15.341 15.279 15.219 15.159 15.101 15.044 14.989 14.938 14.893 14.854 14.825 14.804 14.792 14.788 14.790 14.797 14.810 14.829 14.854 14.884 14.920 14.958 14.998 15.038 15.079 15.121 15.165 15.211 15.260 15.308 15.355 15.399 15.442 15.484 15.528 15.574 15.624 15.676 15.729 15.780 15.829 15.876 15.922 15.969 16.017 16.066 16.118 16.170
16.039 16.129 16.209 16.278 16.335 16.379 16.408 16.421 16.417 16.395 16.356 16.302 16.234 16.156 16.070 15.978 15.883 15.789 15.697 15.611 15.530 15.457 15.391 15.330 15.273 15.218 15.164 15.110 15.056 15.004 14.954 14.910 14.875 14.848 14.830 14.821 14.819 14.823 14.832 14.847 14.866 14.892 14.923 14.958 14.996 15.036 15.077 15.119 15.161 15.206 15.252 15.300 15.348 15.394 15.439 15.482 15.525 15.570 15.617 15.666 15.717 15.767 15.816 15.864 15.911 15.957 16.005 16.054 16.104 16.154 16.206
16.028 16.111 16.183 16.244 16.293 16.332 16.357 16.367 16.361 16.339 16.300 16.247 16.181 16.106 16.023 15.936 15.847 15.758 15.671 15.589 15.512 15.441 15.378 15.321 15.268 15.217 15.168 15.118 15.068 15.018 14.972 14.931 14.898 14.873 14.859 14.852 14.853 14.860 14.871 14.887 14.908 14.935 14.967 15.003 15.042 15.083 15.124 15.167 15.210 15.256 15.302 15.349 15.396 15.441 15.485 15.528 15.571 15.616 15.663 15.712 15.761 15.810 15.857 15.903 15.949 15.996 16.043 16.093 16.142 16.192 16.243
16.009 16.084 16.149 16.202 16.245 16.277 16.298 16.305 16.298 16.275 16.238 16.186 16.124 16.053 15.976 15.896 15.814 15.732 15.651 15.572 15.499 15.430 15.369 15.313 15.262 15.215 15.169 15.123 15.077 15.032 14.990 14.953 14.923 14.902 14.890 14.886 14.889 14.898 14.913 14.931 14.955 14.984 15.017 15.055 15.094 15.136 15.178 15.222 15.267 15.312 15.359 15.405 15.450 15.494 15.536 15.579 15.622 15.667 15.714 15.762 15.810 15.856 15.902 15.946 15.991 16.037 16.084 16.133 16.182 16.231 16.281
15.983 16.052 16.110 16.158 16.195 16.222 16.238 16.242 16.233 16.210 16.173 16.125 16.066 16.001 15.931 15.858 15.784 15.710 15.635 15.562 15.492 15.425 15.364 15.308 15.258 15.212 15.168 15.126 15.085 15.045 15.008 14.976 14.950 14.933 14.924 14.923 14.929 14.941 14.958 14.981 15.008 15.039 15.075 15.113 15.153 15.194 15.236 15.280 15.325 15.372 15.418 15.464 15.508 15.550 15.592 15.633 15.676 15.721 15.768 15.815 15.862 15.908 15.951 15.994 16.037 16.082 16.127 16.174 16.222 16.271 16.321
15.954 16.017 16.071 16.114 16.146 16.169 16.181 16.182 16.170 16.146 16.110 16.064 16.010 15.950 15.887 15.823 15.758 15.692 15.625 15.557 15.490 15.424 15.363 15.306 15.255 15.209 15.168 15.129 15.092 15.058 15.027 15.001 14.981 14.968 14.963 14.965 14.974 14.989 15.009 15.035 15.066 15.100 15.136 15.175 15.214 15.254 15.296 15.339 15.384 15.431 15.477 15.523 15.567 15.609 15.650 15.691 15.734 15.779 15.825 15.872 15.917 15.962 16.004 16.045 16.086 16.128 16.172 16.217 16.264 16.313 16.364
15.921 15.981 16.031 16.071 16.100 16.119 16.128 16.125 16.111 16.086 16.050 16.007 15.957 15.903 15.848 15.792 15.735 15.677 15.617 15.555 15.491 15.427 15.366 15.308 15.256 15.210 15.170 15.134 15.102 15.074 15.050 15.030 15.016 15.009 15.008 15.013 15.025 15.043 15.067 15.095 15.128 15.164 15.201 15.239 15.276 15.315 15.355 15.397 15.442 15.488 15.535 15.582 15.626 15.668 15.709 15.750 15.793 15.837 15.882 15.928 15.972 16.015 16.056 16.096 16.136 16.176 16.218 16.261 16.307 16.356 16.409
15.887 15.943 15.990 16.028 16.055 16.071 16.077 16.071 16.055 16.029 15.996 15.955 15.911 15.864 15.816 15.767 15.718 15.667 15.613 15.556 15.495 15.433 15.372 15.315 15.263 15.217 15.179 15.146 15.119 15.097 15.079 15.066 15.059 15.057 15.060 15.069 15.084 15.104 15.130 15.160 15.195 15.231 15.267 15.304 15.340 15.376 15.415 15.456 15.500 15.547 15.594 15.641 15.686 15.728 15.770 15.810 15.852 15.894 15.938 15.981 16.023 16.065 16.105 16.144 16.183 16.222 16.262 16.305 16.350 16.399 16.453
15.851 15.904 15.949 15.985 16.010 16.024 16.027 16.020 16.004 15.979 15.949 15.913 15.875 15.834 15.793 15.752 15.709 15.663 15.613 15.560 15.502 15.442 15.383 15.326 15.276 15.232 15.196 15.167 15.144 15.126 15.115 15.108 15.107 15.111 15.119 15.132 15.150 15.172 15.199 15.230 15.264 15.299 15.335 15.370 15.405 15.441 15.478 15.519 15.562 15.609 15.656 15.702 15.747 15.789 15.830 15.870 15.910 15.950 15.990 16.030 16.070 16.109 16.148 16.187 16.226 16.265 16.304 16.346 16.390 16.439 16.493
15.815 15.864 15.906 15.940 15.964 15.978 15.980 15.974 15.959 15.938 15.912 15.883 15.852 15.819 15.784 15.747 15.709 15.666 15.619 15.567 15.512 15.454 15.397 15.343 15.296 15.255 15.222 15.195 15.176 15.163 15.156 15.156 15.160 15.170 15.183 15.200 15.220 15.244 15.272 15.302 15.336 15.370 15.405 15.440 15.474 15.509 15.546 15.587 15.630 15.675 15.721 15.766 15.809 15.851 15.890 15.929 15.966 16.003 16.039 16.075 16.111 16.148 16.186 16.225 16.264 16.303 16.342 16.383 16.427 16.475 16.529
15.781 15.826 15.866 15.898 15.921 15.934 15.938 15.934 15.923 15.908 15.888 15.867 15.842 15.816 15.787 15.754 15.717 15.676 15.630 15.579 15.525 15.469 15.415 15.365 15.321 15.284 15.254 15.231 15.215 15.206 15.203 15.207 15.217 15.232 15.250 15.271 15.295 15.320 15.348 15.378 15.410 15.444 15.478 15.513 15.547 15.582 15.619 15.659 15.701 15.744 15.787 15.830 15.871 15.911 15.949 15.985 16.020 16.053 16.086 16.117 16.149 16.184 16.220 16.259 16.298 16.338 16.377 16.416 16.459 16.506 16.560
15.753 15.794 15.831 15.861 15.884 15.898 15.905 15.904 15.898 15.889 15.876 15.861 15.844 15.823 15.798 15.768 15.732 15.691 15.645 15.594 15.541 15.487 15.436 15.390 15.350 15.318 15.292 15.273 15.260 15.254 15.255 15.263 15.277 15.297 15.320 15.345 15.371 15.397 15.426 15.455 15.487 15.520 15.554 15.589 15.623 15.658 15.695 15.733 15.772 15.812 15.852 15.892 15.930 15.967 16.004 16.039 16.071 16.102 16.131 16.159 16.187 16.218 16.253 16.291 16.330 16.369 16.407 16.446 16.487 16.534 16.587
15.734 15.772 15.806 15.835 15.858 15.874 15.883 15.886 15.885 15.881 15.874 15.864 15.851 15.834 15.811 15.783 15.748 15.708 15.661 15.611 15.559 15.508 15.460 15.419 15.384 15.356 15.335 15.319 15.310 15.308 15.312 15.324 15.343 15.366 15.393 15.421 15.449 15.476 15.504 15.534 15.565 15.598 15.632 15.666 15.700 15.734 15.769 15.804 15.841 15.877 15.913 15.949 15.984 16.019 16.054 16.088 16.119 16.148 16.174 16.199 16.224 16.252 16.284 16.320 16.358 16.397 16.435 16.473 16.513 16.559 16.612
15.725 15.760 15.793 15.822 15.845 15.863 15.874 15.880 15.882 15.881 15.877 15.870 15.859 15.843 15.822 15.795 15.761 15.722 15.677 15.629 15.579 15.531 15.488 15.450 15.421 15.398 15.382 15.371 15.366 15.368 15.376 15.392 15.414 15.441 15.470 15.499 15.528 15.555 15.582 15.612 15.643 15.676 15.710 15.743 15.776 15.808 15.840 15.872 15.904 15.937 15.969 16.002 16.034 16.067 16.099 16.132 16.162 16.190 16.214 16.237 16.259 16.284 16.313 16.347 16.384 16.421 16.459 16.497 16.537 16.583 16.635
15.725 15.761 15.793 15.821 15.845 15.863 15.875 15.882 15.885 15.884 15.880 15.873 15.863 15.847 15.827 15.801 15.769 15.732 15.691 15.646 15.601 15.557 15.518 15.486 15.461 15.444 15.434 15.428 15.428 15.434 15.447 15.466 15.491 15.520 15.550 15.580 15.607 15.633 15.659 15.687 15.718 15.751 15.785 15.817 15.848 15.878 15.906 15.934 15.962 15.991 16.020 16.050 16.079 16.109 16.139 16.169 16.198 16.224 16.247 16.268 16.289 16.311 16.338 16.369 16.404 16.441 16.479 16.517 16.558 16.603 16.656
15.735 15.770 15.802 15.830 15.853 15.870 15.881 15.887 15.889 15.887 15.881 15.873 15.861 15.845 15.825 15.800 15.772 15.739 15.703 15.663 15.623 15.585 15.552 15.525 15.506 15.495 15.490 15.490 15.495 15.506 15.522 15.545 15.572 15.602 15.632 15.661 15.686 15.710 15.734 15.761 15.790 15.823 15.856 15.887 15.916 15.942 15.966 15.990 16.015 16.041 16.067 16.093 16.119 16.146 16.172 16.199 16.225 16.249 16.271 16.291 16.310 16.331 16.356 16.386 16.419 16.456 16.494 16.533 16.574 16.620 16.673
15.750 15.784 15.816 15.843 15.864 15.879 15.887 15.891 15.890 15.885 15.878 15.867 15.854 15.838 15.818 15.797 15.772 15.745 15.714 15.681 15.648 15.616 15.588 15.567 15.554 15.549 15.549 15.555 15.565 15.579 15.599 15.624 15.653 15.684 15.714 15.741 15.764 15.785 15.807 15.832 15.860 15.891 15.923 15.952 15.978 16.000 16.020 16.040 16.062 16.085 16.108 16.132 16.154 16.176 16.198 16.220 16.243 16.265 16.285 16.304 16.323 16.343 16.367 16.395 16.428 16.464 16.502 16.543 16.585 16.632 16.685
15.768 15.801 15.830 15.854 15.872 15.884 15.889 15.889 15.886 15.879 15.870 15.859 15.845 15.829 15.812 15.793 15.772 15.750 15.726 15.700 15.674 15.648 15.627 15.612 15.605 15.604 15.610 15.620 15.634 15.651 15.673 15.700 15.731 15.762 15.792 15.819 15.841 15.860 15.879 15.902 15.928 15.957 15.986 16.013 16.035 16.053 16.068 16.084 16.102 16.122 16.143 16.163 16.182 16.199 16.215 16.233 16.251 16.270 16.290 16.309 16.327 16.347 16.369 16.396 16.428 16.464 16.504 16.545 16.589 16.637 16.690
15.789 15.818 15.843 15.863 15.877 15.884 15.886 15.884 15.879 15.871 15.862 15.851 15.838 15.823 15.808 15.792 15.776 15.759 15.741 15.722 15.702 15.683 15.668 15.659 15.657 15.661 15.671 15.684 15.701 15.720 15.744 15.772 15.803 15.836 15.867 15.894 15.916 15.934 15.952 15.972 15.995 16.021 16.046 16.069 16.087 16.100 16.111 16.122 16.136 16.152 16.169 16.186 16.200 16.213 16.224 16.237 16.251 16.268 16.287 16.305 16.323 16.342 16.364 16.389 16.420 16.456 16.496 16.539 16.585 16.634 16.688
15.812 15.835 15.855 15.870 15.880 15.884 15.884 15.880 15.874 15.867 15.859 15.849 15.837 15.824 15.811 15.798 15.785 15.773 15.761 15.747 15.734 15.721 15.712 15.708 15.710 15.719 15.732 15.748 15.766 15.786 15.810 15.838 15.871 15.905 15.938 15.967 15.990 16.008 16.024 16.041 16.061 16.082 16.103 16.121 16.133 16.142 16.147 16.154 16.163 16.174 16.187 16.200 16.210 16.218 16.225 16.234 16.245 16.259 16.276 16.293 16.311 16.329 16.349 16.373 16.403 16.439 16.480 16.525 16.573 16.624 16.681
15.837 15.854 15.869 15.880 15.886 15.888 15.887 15.883 15.878 15.872 15.865 15.857 15.847 15.835 15.823 15.812 15.802 15.794 15.786 15.778 15.769 15.762 15.758 15.759 15.765 15.777 15.793 15.811 15.829 15.850 15.873 15.901 15.934 15.969 16.004 16.035 16.060 16.079 16.094 16.108 16.123 16.140 16.155 16.167 16.175 16.178 16.179 16.180 16.184 16.190 16.199 16.207 16.213 16.217 16.220 16.225 16.233 16.244 16.259 16.274 16.290 16.307 16.325 16.349 16.378 16.414 16.456 16.503 16.554 16.609 16.669
15.868 15.878 15.888 15.896 15.900 15.901 15.900 15.897 15.894 15.890 15.885 15.877 15.868 15.857 15.846 15.836 15.828 15.822 15.818 15.814 15.810 15.808 15.807 15.812 15.821 15.836 15.854 15.873 15.892 15.913 15.935 15.962 15.994 16.029 16.065 16.097 16.123 16.143 16.157 16.168 16.179 16.190 16.200 16.208 16.211 16.210 16.206 16.203 16.201 16.202 16.205 16.208 16.210 16.210 16.209 16.211 16.215 16.224 16.235 16.248 16.262 16.277 16.294 16.317 16.347 16.384 16.428 16.477 16.531 16.590 16.654
15.905 15.909 15.915 15.920 15.924 15.925 15.925 15.924 15.922 15.920 15.916 15.909 15.900 15.889 15.878 15.869 15.862 15.859 15.858 15.857 15.857 15.857 15.860 15.866 15.878 15.895 15.914 15.934 15.955 15.975 15.996 16.021 16.051 16.084 16.119 16.151 16.178 16.197 16.210 16.218 16.225 16.231 16.237 16.240 16.240 16.235 16.229 16.221 16.215 16.211 16.208 16.206 16.203 16.199 16.194 16.192 16.193 16.198 16.206 16.216 16.228 16.242 16.260 16.283 16.314 16.353 16.399 16.451 16.508 16.570 16.638
15.947 15.947 15.950 15.953 15.957 15.959 15.960 15.960 15.959 15.958 15.955 15.949 15.940 15.930 15.919 15.910 15.905 15.903 15.903 15.905 15.907 15.910 15.914 15.921 15.934 15.951 15.972 15.994 16.015 16.035 16.055 16.078 16.105 16.136 16.168 16.198 16.223 16.241 16.251 16.257 16.260 16.262 16.263 16.263 16.260 16.254 16.245 16.234 16.224 16.215 16.208 16.200 16.193 16.184 16.176 16.170 16.168 16.169 16.174 16.182 16.193 16.207 16.226 16.252 16.285 16.327 16.375 16.429 16.487 16.551 16.621
15.993 15.990 15.990 15.992 15.995 15.997 15.999 16.000 16.000 16.000 15.997 15.992 15.984 15.974 15.964 15.957 15.952 15.951 15.953 15.956 15.960 15.963 15.967 15.975 15.987 16.005 16.026 16.049 16.071 16.092 16.112 16.133 16.156 16.183 16.211 16.237 16.259 16.275 16.283 16.286 16.285 16.284 16.281 16.278 16.273 16.265 16.254 16.241 16.228 16.215 16.203 16.191 16.179 16.167 16.156 16.147 16.141 16.140 16.142 16.149 16.160 16.176 16.198 16.226 16.262 16.306 16.356 16.410 16.470 16.534 16.604
16.040 16.034 16.032 16.032 16.034 16.036 16.037 16.039 16.039 16.039 16.038 16.034 16.028 16.020 16.012 16.005 16.002 16.002 16.004 16.008 16.011 16.015 16.019 16.026 16.038 16.054 16.075 16.099 16.122 16.144 16.164 16.183 16.204 16.226 16.249 16.271 16.290 16.302 16.307 16.307 16.303 16.298 16.292 16.286 16.278 16.268 16.255 16.240 16.224 16.207 16.192 16.177 16.162 16.148 16.134 16.124 16.116 16.113 16.115 16.122 16.134 16.152 16.176 16.207 16.246 16.291 16.341 16.395 16.454 16.517 16.587
16.083 16.077 16.073 16.072 16.072 16.073 16.074 16.075 16.076 16.076 16.076 16.074 16.070 16.064 16.058 16.053 16.051 16.051 16.054 16.057 16.061 16.065 16.069 16.075 16.085 16.100 16.120 16.143 16.167 16.189 16.210 16.229 16.247 16.266 16.284 16.302 16.316 16.325 16.327 16.324 16.317 16.308 16.298 16.288 16.277 16.264 16.249 16.231 16.213 16.194 16.176 16.159 16.143 16.128 16.114 16.103 16.095 16.092 16.094 16.101 16.114 16.134 16.160 16.193 16.232 16.278 16.327 16.381 16.438 16.500 16.569
16.121 16.115 16.110 16.108 16.108 16.108 16.108 16.109 16.110 16.111 16.112 16.112 16.110 16.107 16.104 16.100 16.098 16.098 16.100 16.104 16.108 16.111 16.115 16.121 16.130 16.143 16.161 16.182 16.206 16.228 16.249 16.267 16.284 16.300 16.315 16.329 16.339 16.344 16.344 16.337 16.327 16.314 16.301 16.287 16.272 16.256 16.238 16.218 16.197 16.176 16.157 16.139 16.123 16.109 16.097 16.086 16.079 16.076 16.079 16.086 16.100 16.121 16.147 16.181 16.220 16.264 16.312 16.364 16.420 16.482 16.550
16.152 16.147 16.144 16.142 16.142 16.142 16.142 16.143 16.144 16.146 16.148 16.149 16.150 16.149 16.147 16.145 16.143 16.143 16.144 16.147 16.151 16.155 16.160 16.165 16.172 16.183 16.198 16.217 16.238 16.260 16.280 16.298 16.314 16.327 16.340 16.350 16.356 16.359 16.355 16.346 16.333 16.317 16.300 16.282 16.264 16.245 16.224 16.202 16.180 16.158 16.139 16.121 16.107 16.094 16.083 16.074 16.068 16.066 16.068 16.076 16.090 16.110 16.137 16.169 16.207 16.249 16.296 16.346 16.401 16.462 16.529
16.177 16.175 16.173 16.173 16.174 16.175 16.177 16.178 16.180 16.182 16.185 16.187 16.189 16.190 16.190 16.188 16.186 16.185 16.185 16.188 16.192 16.197 16.202 16.207 16.213 16.221 16.233 16.248 16.267 16.286 16.305 16.321 16.336 16.347 16.357 16.364 16.367 16.367 16.361 16.350 16.334 16.316 16.296 16.276 16.255 16.233 16.211 16.188 16.164 16.143 16.123 16.107 16.093 16.082 16.073 16.066 16.060 16.059 16.061 16.069 16.083 16.102 16.128 16.158 16.193 16.233 16.278 16.327 16.380 16.440 16.506
16.199 16.199 16.200 16.202 16.205 16.208 16.211 16.214 16.216 16.219 16.222 16.225 16.228 16.230 16.230 16.229 16.227 16.225 16.224 16.226 16.230 16.235 16.241 16.246 16.251 16.257 16.266 16.277 16.292 16.308 16.324 16.339 16.351 16.360 16.367 16.371 16.372 16.369 16.361 16.348 16.331 16.310 16.289 16.267 16.245 16.222 16.199 16.175 16.152 16.131 16.112 16.097 16.085 16.075 16.067 16.060 16.056 16.055 16.057 16.065 16.079 16.097 16.121 16.149 16.182 16.219 16.261 16.308 16.360 16.417 16.482
