Code/MATLAB/Matlab_old/02 Fill Missing Data/data_grav_rasters/EGM2008_geoid.asc
ncols         159
nrows         172
xllcorner     32.4820794100
yllcorner     29.1707288100
cellsize      0.0259688
nodata_value  999
[rows 32 to 63 of 172, columns 71 to 141 of 159]
16.526 16.602 16.686 16.778 16.877 16.985 17.104 17.235 17.377 17.531 17.694 17.865 18.044 18.232 18.431 18.645 18.876 19.123 19.381 19.643 19.899 20.143 20.371 20.581 20.776 20.956 21.122 21.271 21.401 21.511 21.603 21.679 21.747 21.810 21.870 21.926 21.974 22.009 22.029 22.035 22.027 22.011 21.992 21.973 21.958 21.946 21.938 21.939 21.953 21.982 22.027 22.084 22.147 22.208 22.266 22.321 22.374 22.425 22.476 22.527 22.578 22.627 22.675 22.722 22.768 22.813 22.859 22.904 22.950 22.997 23.047
16.499 16.575 16.659 16.753 16.856 16.970 17.095 17.232 17.381 17.540 17.708 17.883 18.065 18.256 18.457 18.672 18.901 19.143 19.394 19.647 19.896 20.137 20.367 20.585 20.791 20.983 21.156 21.308 21.433 21.534 21.611 21.673 21.726 21.779 21.832 21.883 21.926 21.955 21.968 21.964 21.946 21.921 21.894 21.870 21.852 21.840 21.834 21.836 21.852 21.882 21.928 21.987 22.050 22.113 22.172 22.229 22.284 22.337 22.391 22.445 22.498 22.550 22.600 22.648 22.697 22.746 22.796 22.847 22.897 22.948 23.000
16.475 16.552 16.638 16.735 16.844 16.964 17.096 17.239 17.393 17.556 17.727 17.904 18.088 18.279 18.481 18.695 18.921 19.159 19.404 19.650 19.894 20.132 20.363 20.586 20.798 20.996 21.172 21.322 21.441 21.532 21.597 21.646 21.687 21.731 21.778 21.825 21.863 21.887 21.892 21.879 21.852 21.817 21.783 21.754 21.733 21.721 21.717 21.723 21.743 21.779 21.830 21.893 21.961 22.028 22.090 22.150 22.206 22.261 22.316 22.372 22.426 22.478 22.529 22.579 22.630 22.683 22.737 22.791 22.846 22.899 22.951
16.456 16.536 16.626 16.728 16.841 16.966 17.104 17.252 17.411 17.577 17.749 17.926 18.110 18.300 18.501 18.713 18.938 19.173 19.414 19.657 19.897 20.131 20.359 20.581 20.793 20.991 21.165 21.310 21.422 21.504 21.559 21.597 21.629 21.665 21.707 21.750 21.786 21.806 21.806 21.787 21.752 21.710 21.669 21.635 21.612 21.601 21.601 21.613 21.640 21.685 21.745 21.816 21.891 21.963 22.029 22.090 22.147 22.203 22.258 22.312 22.366 22.417 22.467 22.517 22.569 22.622 22.678 22.735 22.792 22.846 22.900
16.446 16.529 16.624 16.730 16.847 16.977 17.118 17.270 17.431 17.598 17.771 17.949 18.132 18.322 18.521 18.733 18.956 19.189 19.428 19.667 19.903 20.132 20.354 20.569 20.775 20.967 21.136 21.275 21.382 21.457 21.505 21.536 21.561 21.590 21.627 21.667 21.701 21.720 21.719 21.697 21.660 21.614 21.569 21.532 21.507 21.496 21.500 21.519 21.557 21.612 21.683 21.765 21.848 21.925 21.994 22.056 22.113 22.167 22.220 22.272 22.323 22.371 22.419 22.466 22.515 22.567 22.622 22.679 22.736 22.791 22.846
16.444 16.532 16.630 16.740 16.861 16.994 17.137 17.290 17.452 17.621 17.795 17.974 18.158 18.348 18.547 18.757 18.979 19.210 19.446 19.681 19.911 20.132 20.345 20.550 20.746 20.928 21.091 21.226 21.330 21.403 21.448 21.475 21.494 21.517 21.548 21.584 21.616 21.636 21.636 21.617 21.581 21.536 21.490 21.452 21.426 21.416 21.424 21.451 21.498 21.566 21.649 21.741 21.832 21.913 21.984 22.045 22.100 22.152 22.202 22.250 22.297 22.342 22.385 22.428 22.473 22.521 22.572 22.627 22.682 22.737 22.791
16.450 16.542 16.644 16.757 16.881 17.015 17.159 17.313 17.476 17.646 17.822 18.003 18.188 18.380 18.579 18.789 19.008 19.236 19.468 19.697 19.919 20.131 20.332 20.525 20.709 20.883 21.040 21.174 21.279 21.352 21.398 21.423 21.438 21.455 21.479 21.508 21.537 21.557 21.561 21.546 21.515 21.474 21.430 21.392 21.366 21.358 21.369 21.403 21.461 21.540 21.635 21.737 21.834 21.920 21.991 22.051 22.103 22.151 22.197 22.241 22.284 22.325 22.364 22.402 22.442 22.485 22.532 22.582 22.634 22.686 22.739
16.462 16.557 16.663 16.779 16.905 17.041 17.185 17.339 17.502 17.673 17.851 18.035 18.224 18.418 18.618 18.826 19.043 19.266 19.491 19.713 19.926 20.127 20.317 20.497 20.671 20.837 20.991 21.125 21.232 21.309 21.357 21.382 21.394 21.404 21.420 21.441 21.464 21.482 21.488 21.478 21.452 21.416 21.376 21.341 21.317 21.311 21.326 21.367 21.435 21.525 21.631 21.741 21.845 21.933 22.004 22.062 22.110 22.153 22.194 22.234 22.272 22.309 22.345 22.380 22.416 22.455 22.498 22.544 22.592 22.640 22.688
16.479 16.576 16.685 16.804 16.933 17.071 17.216 17.370 17.532 17.704 17.885 18.071 18.263 18.459 18.660 18.865 19.077 19.294 19.511 19.724 19.928 20.119 20.299 20.469 20.634 20.793 20.943 21.078 21.187 21.268 21.318 21.344 21.354 21.360 21.368 21.382 21.399 21.413 21.418 21.410 21.389 21.357 21.322 21.290 21.270 21.268 21.289 21.338 21.415 21.516 21.631 21.749 21.856 21.946 22.016 22.070 22.113 22.150 22.184 22.218 22.252 22.286 22.320 22.354 22.389 22.427 22.467 22.510 22.553 22.595 22.637
16.499 16.599 16.711 16.834 16.966 17.105 17.251 17.405 17.567 17.739 17.920 18.109 18.302 18.499 18.698 18.901 19.107 19.316 19.525 19.729 19.924 20.107 20.278 20.441 20.598 20.750 20.897 21.029 21.139 21.221 21.274 21.301 21.312 21.317 21.323 21.333 21.345 21.355 21.358 21.349 21.329 21.301 21.269 21.243 21.228 21.231 21.260 21.318 21.404 21.513 21.636 21.759 21.868 21.958 22.025 22.075 22.110 22.139 22.165 22.191 22.220 22.251 22.284 22.319 22.355 22.394 22.433 22.473 22.511 22.548 22.583
16.525 16.627 16.742 16.868 17.003 17.144 17.291 17.444 17.605 17.776 17.956 18.145 18.339 18.535 18.731 18.929 19.128 19.329 19.530 19.726 19.914 20.090 20.255 20.411 20.561 20.707 20.847 20.975 21.084 21.167 21.222 21.253 21.269 21.279 21.289 21.301 21.313 21.320 21.320 21.309 21.288 21.260 21.232 21.210 21.200 21.210 21.246 21.312 21.405 21.521 21.649 21.774 21.884 21.971 22.035 22.077 22.105 22.123 22.139 22.157 22.180 22.208 22.240 22.276 22.314 22.354 22.394 22.431 22.464 22.495 22.523
16.558 16.662 16.780 16.908 17.045 17.187 17.333 17.485 17.644 17.813 17.992 18.180 18.372 18.565 18.758 18.949 19.141 19.333 19.525 19.714 19.896 20.067 20.227 20.378 20.523 20.662 20.796 20.919 21.025 21.108 21.167 21.206 21.233 21.254 21.274 21.294 21.309 21.317 21.314 21.299 21.275 21.246 21.219 21.201 21.196 21.211 21.253 21.323 21.421 21.540 21.670 21.795 21.903 21.986 22.045 22.080 22.099 22.107 22.113 22.123 22.140 22.165 22.195 22.231 22.270 22.310 22.348 22.382 22.411 22.436 22.457
16.598 16.705 16.823 16.953 17.090 17.231 17.376 17.526 17.683 17.850 18.027 18.212 18.401 18.590 18.777 18.962 19.145 19.329 19.513 19.695 19.871 20.038 20.195 20.343 20.483 20.618 20.746 20.865 20.970 21.056 21.122 21.172 21.213 21.249 21.283 21.313 21.335 21.344 21.339 21.320 21.291 21.259 21.233 21.217 21.214 21.231 21.274 21.346 21.444 21.564 21.694 21.818 21.922 22.001 22.053 22.082 22.091 22.091 22.089 22.092 22.105 22.126 22.155 22.189 22.226 22.263 22.299 22.329 22.353 22.372 22.389
16.645 16.753 16.872 17.001 17.137 17.276 17.419 17.567 17.721 17.885 18.059 18.241 18.426 18.610 18.790 18.967 19.142 19.317 19.494 19.669 19.840 20.005 20.159 20.305 20.444 20.577 20.704 20.822 20.928 21.019 21.095 21.157 21.212 21.264 21.312 21.353 21.380 21.391 21.383 21.358 21.324 21.289 21.262 21.246 21.242 21.258 21.299 21.369 21.467 21.586 21.714 21.835 21.935 22.009 22.055 22.076 22.079 22.072 22.065 22.064 22.074 22.094 22.120 22.150 22.182 22.215 22.245 22.270 22.290 22.305 22.318
16.695 16.804 16.922 17.050 17.184 17.322 17.462 17.606 17.758 17.919 18.089 18.266 18.446 18.623 18.796 18.965 19.132 19.299 19.469 19.639 19.807 19.968 20.122 20.268 20.408 20.543 20.672 20.794 20.905 21.002 21.087 21.161 21.229 21.292 21.351 21.398 21.429 21.439 21.428 21.399 21.360 21.322 21.292 21.274 21.268 21.280 21.319 21.386 21.481 21.599 21.726 21.845 21.940 22.007 22.045 22.058 22.055 22.044 22.035 22.035 22.044 22.062 22.084 22.109 22.135 22.160 22.183 22.203 22.220 22.233 22.244
16.745 16.854 16.973 17.100 17.232 17.367 17.504 17.645 17.793 17.949 18.114 18.285 18.458 18.628 18.793 18.954 19.115 19.277 19.442 19.608 19.773 19.933 20.087 20.235 20.378 20.517 20.651 20.779 20.896 21.002 21.095 21.178 21.254 21.324 21.387 21.437 21.468 21.476 21.462 21.430 21.389 21.349 21.317 21.296 21.287 21.294 21.329 21.393 21.488 21.605 21.732 21.848 21.937 21.993 22.020 22.023 22.013 22.001 21.994 21.997 22.008 22.025 22.044 22.063 22.080 22.096 22.112 22.127 22.141 22.154 22.166
16.793 16.903 17.022 17.148 17.279 17.412 17.545 17.682 17.825 17.976 18.134 18.298 18.462 18.624 18.782 18.937 19.093 19.252 19.415 19.580 19.743 19.902 20.057 20.206 20.353 20.497 20.637 20.772 20.896 21.009 21.109 21.198 21.279 21.352 21.416 21.465 21.494 21.500 21.485 21.453 21.413 21.372 21.338 21.313 21.299 21.303 21.334 21.397 21.490 21.608 21.734 21.846 21.925 21.968 21.979 21.969 21.953 21.940 21.938 21.947 21.964 21.982 21.997 22.009 22.016 22.022 22.029 22.039 22.052 22.067 22.083
16.840 16.950 17.070 17.196 17.326 17.456 17.585 17.717 17.854 17.998 18.148 18.303 18.459 18.612 18.764 18.916 19.070 19.229 19.392 19.557 19.720 19.879 20.033 20.184 20.333 20.481 20.627 20.768 20.899 21.017 21.123 21.217 21.301 21.376 21.439 21.487 21.515 21.520 21.506 21.476 21.437 21.397 21.360 21.330 21.312 21.312 21.338 21.398 21.490 21.606 21.730 21.835 21.902 21.928 21.921 21.898 21.876 21.866 21.871 21.889 21.911 21.932 21.945 21.949 21.947 21.944 21.943 21.948 21.959 21.976 21.995
16.886 16.998 17.118 17.244 17.371 17.498 17.623 17.749 17.880 18.016 18.158 18.304 18.451 18.598 18.745 18.895 19.049 19.209 19.374 19.540 19.703 19.862 20.016 20.167 20.318 20.469 20.619 20.764 20.900 21.023 21.134 21.233 21.322 21.400 21.465 21.512 21.539 21.545 21.531 21.503 21.466 21.425 21.385 21.350 21.326 21.319 21.339 21.392 21.479 21.590 21.708 21.804 21.859 21.869 21.847 21.814 21.789 21.783 21.797 21.823 21.853 21.877 21.889 21.888 21.878 21.867 21.859 21.860 21.870 21.887 21.910
16.936 17.048 17.167 17.291 17.414 17.536 17.656 17.777 17.901 18.031 18.166 18.304 18.444 18.586 18.729 18.877 19.032 19.194 19.361 19.528 19.691 19.849 20.002 20.154 20.306 20.460 20.613 20.761 20.900 21.027 21.144 21.249 21.345 21.428 21.495 21.543 21.569 21.574 21.560 21.531 21.493 21.450 21.405 21.364 21.331 21.315 21.324 21.367 21.444 21.545 21.652 21.740 21.785 21.786 21.756 21.719 21.696 21.697 21.719 21.754 21.789 21.814 21.825 21.821 21.808 21.792 21.782 21.781 21.790 21.808 21.831
16.990 17.101 17.217 17.336 17.454 17.570 17.685 17.801 17.920 18.045 18.175 18.307 18.442 18.578 18.718 18.865 19.021 19.183 19.350 19.517 19.679 19.836 19.990 20.143 20.298 20.454 20.610 20.760 20.901 21.031 21.152 21.263 21.365 21.453 21.524 21.571 21.595 21.596 21.579 21.546 21.504 21.456 21.405 21.355 21.313 21.286 21.282 21.312 21.374 21.461 21.555 21.634 21.675 21.674 21.646 21.615 21.600 21.609 21.638 21.678 21.715 21.742 21.752 21.747 21.733 21.719 21.711 21.712 21.723 21.741 21.764
17.047 17.154 17.266 17.379 17.491 17.601 17.711 17.823 17.939 18.061 18.186 18.314 18.444 18.576 18.713 18.858 19.012 19.174 19.340 19.505 19.665 19.822 19.976 20.132 20.291 20.451 20.609 20.760 20.901 21.032 21.154 21.269 21.375 21.467 21.538 21.583 21.602 21.595 21.570 21.530 21.481 21.427 21.369 21.313 21.262 21.225 21.210 21.227 21.274 21.346 21.425 21.495 21.535 21.538 21.520 21.501 21.499 21.518 21.554 21.598 21.636 21.661 21.670 21.665 21.654 21.645 21.643 21.651 21.667 21.687 21.709
17.103 17.207 17.314 17.421 17.527 17.632 17.737 17.846 17.960 18.079 18.201 18.325 18.450 18.577 18.710 18.852 19.004 19.163 19.327 19.489 19.649 19.805 19.961 20.121 20.284 20.449 20.610 20.761 20.899 21.027 21.147 21.261 21.367 21.459 21.528 21.567 21.576 21.560 21.524 21.475 21.418 21.358 21.297 21.236 21.182 21.139 21.118 21.126 21.164 21.224 21.292 21.353 21.391 21.401 21.395 21.391 21.403 21.433 21.477 21.524 21.562 21.584 21.589 21.582 21.574 21.572 21.580 21.597 21.619 21.642 21.663
17.155 17.256 17.358 17.460 17.561 17.662 17.765 17.871 17.983 18.099 18.217 18.336 18.455 18.578 18.706 18.845 18.994 19.152 19.313 19.473 19.631 19.787 19.946 20.110 20.279 20.447 20.609 20.757 20.891 21.012 21.126 21.235 21.337 21.425 21.489 21.521 21.519 21.490 21.442 21.384 21.321 21.258 21.196 21.136 21.083 21.042 21.023 21.031 21.066 21.123 21.186 21.243 21.281 21.295 21.299 21.308 21.333 21.374 21.424 21.473 21.507 21.522 21.520 21.510 21.504 21.507 21.523 21.548 21.576 21.601 21.620
17.200 17.300 17.399 17.498 17.595 17.692 17.792 17.896 18.005 18.117 18.230 18.344 18.458 18.575 18.700 18.837 18.984 19.140 19.299 19.458 19.615 19.772 19.933 20.100 20.272 20.443 20.604 20.748 20.875 20.988 21.093 21.194 21.290 21.373 21.431 21.454 21.442 21.400 21.341 21.273 21.206 21.142 21.082 21.028 20.981 20.948 20.937 20.953 20.996 21.058 21.125 21.184 21.223 21.240 21.251 21.269 21.303 21.352 21.405 21.451 21.478 21.483 21.472 21.457 21.449 21.455 21.475 21.504 21.535 21.559 21.573
17.239 17.338 17.436 17.532 17.626 17.720 17.816 17.916 18.020 18.128 18.237 18.345 18.455 18.569 18.693 18.828 18.975 19.130 19.289 19.446 19.602 19.760 19.922 20.091 20.264 20.434 20.593 20.732 20.852 20.957 21.054 21.149 21.238 21.315 21.366 21.382 21.359 21.306 21.235 21.159 21.088 21.024 20.968 20.919 20.880 20.858 20.860 20.891 20.948 21.022 21.101 21.167 21.206 21.226 21.241 21.266 21.306 21.358 21.411 21.452 21.470 21.466 21.446 21.425 21.415 21.420 21.439 21.466 21.492 21.512 21.519
17.271 17.370 17.467 17.561 17.652 17.741 17.832 17.927 18.027 18.130 18.235 18.340 18.448 18.562 18.685 18.821 18.969 19.124 19.282 19.439 19.594 19.750 19.912 20.080 20.252 20.420 20.576 20.711 20.826 20.926 21.019 21.109 21.193 21.264 21.308 21.313 21.280 21.214 21.132 21.048 20.973 20.909 20.855 20.811 20.778 20.765 20.780 20.825 20.898 20.990 21.084 21.158 21.202 21.226 21.244 21.273 21.316 21.369 21.420 21.457 21.470 21.460 21.436 21.413 21.399 21.400 21.413 21.432 21.450 21.458 21.455
17.298 17.397 17.493 17.584 17.670 17.754 17.840 17.929 18.024 18.123 18.226 18.331 18.440 18.555 18.680 18.817 18.965 19.120 19.277 19.433 19.587 19.742 19.902 20.068 20.236 20.401 20.553 20.686 20.799 20.899 20.991 21.079 21.161 21.225 21.258 21.252 21.204 21.125 21.031 20.939 20.859 20.794 20.740 20.696 20.666 20.659 20.682 20.738 20.825 20.932 21.041 21.128 21.181 21.211 21.235 21.267 21.312 21.364 21.414 21.449 21.462 21.453 21.432 21.409 21.394 21.389 21.394 21.401 21.405 21.401 21.385
17.322 17.419 17.513 17.600 17.682 17.760 17.839 17.923 18.014 18.111 18.215 18.322 18.434 18.552 18.679 18.817 18.964 19.117 19.273 19.427 19.579 19.733 19.890 20.052 20.217 20.377 20.526 20.658 20.773 20.875 20.970 21.060 21.137 21.193 21.214 21.191 21.127 21.032 20.927 20.827 20.743 20.675 20.619 20.573 20.542 20.537 20.562 20.622 20.717 20.834 20.958 21.059 21.128 21.170 21.202 21.238 21.283 21.335 21.384 21.420 21.437 21.435 21.420 21.402 21.387 21.378 21.374 21.370 21.361 21.342 21.313
17.343 17.439 17.529 17.613 17.689 17.762 17.835 17.915 18.003 18.101 18.206 18.317 18.432 18.553 18.681 18.818 18.963 19.113 19.266 19.419 19.570 19.723 19.877 20.035 20.194 20.349 20.494 20.626 20.745 20.852 20.952 21.042 21.116 21.161 21.166 21.124 21.041 20.932 20.815 20.710 20.624 20.554 20.496 20.447 20.415 20.406 20.428 20.486 20.580 20.702 20.835 20.953 21.041 21.101 21.146 21.189 21.235 21.285 21.333 21.370 21.392 21.398 21.392 21.381 21.370 21.360 21.351 21.337 21.317 21.285 21.244
17.362 17.455 17.543 17.622 17.695 17.764 17.834 17.911 17.998 18.096 18.203 18.317 18.435 18.558 18.685 18.819 18.960 19.108 19.258 19.410 19.561 19.713 19.865 20.018 20.170 20.318 20.459 20.590 20.712 20.824 20.928 21.018 21.086 21.120 21.108 21.047 20.947 20.825 20.702 20.594 20.508 20.439 20.380 20.331 20.296 20.282 20.296 20.346 20.434 20.555 20.692 20.824 20.933 21.016 21.078 21.130 21.180 21.228 21.273 21.309 21.334 21.347 21.349 21.347 21.341 21.333 21.322 21.303 21.274 21.235 21.185
17.379 17.469 17.554 17.631 17.702 17.769 17.838 17.914 18.001 18.099 18.207 18.322 18.441 18.564 18.689 18.820 18.958 19.102 19.251 19.403 19.555 19.705 19.854 20.001 20.145 20.286 20.421 20.550 20.673 20.789 20.895 20.984 21.045 21.066 21.038 20.962 20.850 20.720 20.594 20.487 20.402 20.335 20.277 20.228 20.191 20.171 20.176 20.215 20.294 20.409 20.548 20.691 20.820 20.927 21.010 21.075 21.129 21.175 21.216 21.249 21.275 21.292 21.301 21.306 21.307 21.302 21.291 21.269 21.236 21.191 21.137
