Code/MATLAB/Matlab_old/02 Fill Missing Data/data_grav_rasters/EGM2008_gravitation_ell.asc
ncols         159
nrows         172
xllcorner     32.4820794100
yllcorner     29.1707288100
cellsize      0.0259688
nodata_value  9999999
[rows 50 to 74 of 172, columns 0 to 56 of 159]
981916.422 981919.264 981922.231 981925.107 981927.675 981929.768 981931.356 981932.575 981933.684 981934.936 981936.435 981938.061 981939.510 981940.459 981940.752 981940.514 981940.117 981940.001 981940.446 981941.422 981942.595 981943.491 981943.729 981943.189 981942.035 981940.593 981939.164 981937.895 981936.760 981935.661 981934.549 981933.478 981932.554 981931.825 981931.194 981930.444 981929.371 981927.951 981926.417 981925.173 981924.568 981924.657 981925.092 981925.249 981924.518 981922.636 981919.846 981916.799 981914.240 981912.638 981911.980 981911.824 981911.584 981910.859 981909.629 981908.195 981906.922
981916.329 981919.351 981922.346 981925.124 981927.534 981929.493 981931.024 981932.273 981933.465 981934.800 981936.343 981937.961 981939.366 981940.257 981940.483 981940.148 981939.583 981939.195 981939.262 981939.805 981940.579 981941.208 981941.384 981941.003 981940.182 981939.160 981938.139 981937.183 981936.220 981935.139 981933.901 981932.589 981931.351 981930.287 981929.370 981928.453 981927.387 981926.163 981924.972 981924.134 981923.898 981924.241 981924.794 981924.968 981924.227 981922.370 981919.664 981916.735 981914.271 981912.694 981911.980 981911.726 981911.402 981910.649 981909.437 981908.004 981906.645
981916.129 981919.054 981921.909 981924.548 981926.873 981928.830 981930.436 981931.789 981933.062 981934.424 981935.949 981937.547 981938.980 981939.961 981940.304 981940.029 981939.376 981938.699 981938.305 981938.311 981938.610 981938.945 981939.060 981938.820 981938.250 981937.484 981936.650 981935.793 981934.871 981933.813 981932.602 981931.310 981930.054 981928.920 981927.902 981926.917 981925.888 981924.848 981923.969 981923.489 981923.550 981924.054 981924.628 981924.752 981924.002 981922.266 981919.825 981917.231 981915.042 981913.560 981912.717 981912.156 981911.465 981910.410 981909.028 981907.548 981906.191
981915.823 981918.345 981920.873 981923.327 981925.641 981927.735 981929.539 981931.046 981932.345 981933.591 981934.920 981936.355 981937.758 981938.881 981939.480 981939.449 981938.892 981938.088 981937.364 981936.949 981936.885 981937.030 981937.152 981937.047 981936.625 981935.918 981935.025 981934.048 981933.047 981932.043 981931.043 981930.065 981929.123 981928.213 981927.296 981926.328 981925.316 981924.364 981923.657 981923.377 981923.578 981924.104 981924.598 981924.638 981923.926 981922.440 981920.448 981918.376 981916.592 981915.229 981914.151 981913.067 981911.739 981910.128 981908.410 981906.842 981905.574
981915.666 981917.604 981919.687 981921.926 981924.276 981926.587 981928.651 981930.305 981931.530 981932.473 981933.373 981934.419 981935.630 981936.824 981937.711 981938.045 981937.770 981937.059 981936.240 981935.639 981935.426 981935.553 981935.785 981935.834 981935.489 981934.701 981933.587 981932.357 981931.227 981930.333 981929.704 981929.266 981928.880 981928.392 981927.692 981926.759 981925.691 981924.682 981923.959 981923.682 981923.849 981924.269 981924.620 981924.584 981923.986 981922.870 981921.462 981920.026 981918.710 981917.463 981916.080 981914.358 981912.260 981909.978 981907.853 981906.184 981905.048
981915.954 981917.347 981918.997 981921.018 981923.392 981925.903 981928.196 981929.935 981930.980 981931.469 981931.749 981932.196 981933.014 981934.123 981935.210 981935.906 981935.995 981935.533 981934.822 981934.249 981934.083 981934.336 981934.761 981934.986 981934.695 981933.788 981932.423 981930.940 981929.713 981928.990 981928.805 981928.977 981929.198 981929.158 981928.669 981927.729 981926.523 981925.345 981924.477 981924.075 981924.108 981924.371 981924.584 981924.522 981924.107 981923.423 981922.628 981921.823 981920.950 981919.799 981918.123 981915.816 981913.032 981910.170 981907.708 981905.967 981904.945
981916.797 981917.899 981919.246 981921.059 981923.379 981925.969 981928.369 981930.097 981930.899 981930.883 981930.479 981930.227 981930.507 981931.354 981932.469 981933.399 981933.797 981933.609 981933.094 981932.661 981932.637 981933.072 981933.707 981934.105 981933.882 981932.911 981931.390 981929.767 981928.532 981928.009 981928.218 981928.884 981929.563 981929.831 981929.452 981928.457 981927.108 981925.774 981924.778 981924.272 981924.202 981924.358 981924.500 981924.473 981924.263 981923.966 981923.669 981923.338 981922.771 981921.663 981919.770 981917.081 981913.895 981910.737 981908.141 981906.401 981905.433
981918.026 981919.188 981920.420 981922.036 981924.179 981926.658 981928.990 981930.612 981931.171 981930.725 981929.730 981928.828 981928.531 981928.987 981929.939 981930.906 981931.463 981931.470 981931.132 981930.848 981930.962 981931.543 981932.330 981932.864 981932.734 981931.803 981930.294 981928.703 981927.566 981927.221 981927.666 981928.566 981929.419 981929.770 981929.393 981928.363 981926.992 981925.677 981924.735 981924.288 981924.250 981924.414 981924.570 981924.609 981924.549 981924.473 981924.412 981924.256 981923.744 981922.568 981920.538 981917.732 981914.518 981911.440 981908.984 981907.352 981906.376
981919.279 981920.804 981922.089 981923.518 981925.359 981927.542 981929.645 981931.094 981931.471 981930.762 981929.386 981928.006 981927.204 981927.215 981927.854 981928.667 981929.211 981929.298 981929.078 981928.909 981929.113 981929.761 981930.607 981931.213 981931.187 981930.401 981929.077 981927.688 981926.733 981926.508 981926.979 981927.812 981928.539 981928.771 981928.356 981927.415 981926.263 981925.255 981924.634 981924.456 981924.602 981924.870 981925.082 981925.158 981925.119 981925.021 981924.857 981924.503 981923.734 981922.328 981920.199 981917.494 981914.583 981911.918 981909.842 981908.418 981907.404
981920.206 981922.234 981923.671 981924.934 981926.414 981928.197 981929.982 981931.243 981931.531 981930.751 981929.237 981927.599 981926.426 981926.010 981926.252 981926.774 981927.171 981927.250 981927.108 981927.034 981927.297 981927.948 981928.767 981929.375 981929.442 981928.871 981927.857 981926.793 981926.070 981925.896 981926.209 981926.731 981927.121 981927.139 981926.743 981926.091 981925.437 981925.013 981924.932 981925.158 981925.546 981925.923 981926.157 981926.191 981926.029 981925.683 981925.122 981924.256 981922.965 981921.176 981918.939 981916.454 981914.029 981911.957 981910.379 981909.207 981908.154
981920.665 981923.129 981924.731 981925.878 981927.043 981928.447 981929.924 981931.027 981931.311 981930.610 981929.153 981927.452 981926.051 981925.270 981925.093 981925.251 981925.425 981925.447 981925.374 981925.411 981925.740 981926.372 981927.115 981927.673 981927.807 981927.469 981926.819 981926.135 981925.658 981925.482 981925.528 981925.620 981925.601 981925.425 981925.174 981925.002 981925.045 981925.350 981925.864 981926.460 981927.002 981927.386 981927.553 981927.471 981927.107 981926.412 981925.330 981923.822 981921.905 981919.682 981917.336 981915.100 981913.181 981911.687 981910.563 981909.598 981908.505
981920.795 981923.450 981925.154 981926.254 981927.232 981928.380 981929.628 981930.614 981930.928 981930.367 981929.069 981927.438 981925.939 981924.884 981924.323 981924.103 981924.018 981923.954 981923.948 981924.118 981924.543 981925.174 981925.836 981926.318 981926.488 981926.359 981926.060 981925.746 981925.501 981925.301 981925.061 981924.728 981924.348 981924.072 981924.082 981924.488 981925.260 981926.235 981927.196 981927.964 981928.462 981928.703 981928.724 981928.516 981927.994 981927.027 981925.516 981923.470 981921.040 981918.485 981916.098 981914.107 981912.605 981911.527 981910.673 981909.781 981908.623
981920.957 981923.456 981925.128 981926.223 981927.147 981928.168 981929.254 981930.117 981930.411 981929.953 981928.830 981927.350 981925.880 981924.680 981923.831 981923.275 981922.922 981922.743 981922.781 981923.084 981923.632 981924.301 981924.912 981925.325 981925.507 981925.538 981925.529 981925.532 981925.487 981925.270 981924.798 981924.132 981923.505 981923.229 981923.544 981924.481 981925.831 981927.237 981928.360 981929.028 981929.276 981929.266 981929.138 981928.892 981928.365 981927.325 981925.623 981923.303 981920.628 981917.975 981915.693 981913.966 981912.764 981911.886 981911.063 981910.070 981908.801
981921.603 981923.583 981925.030 981926.074 981926.975 981927.896 981928.786 981929.417 981929.547 981929.067 981928.074 981926.802 981925.504 981924.344 981923.372 981922.585 981922.000 981921.687 981921.731 981922.148 981922.834 981923.585 981924.199 981924.575 981924.761 981924.898 981925.099 981925.343 981925.464 981925.260 981924.649 981923.786 981923.039 981922.826 981923.402 981924.703 981926.360 981927.874 981928.858 981929.205 981929.096 981928.842 981928.660 981928.523 981928.165 981927.249 981925.579 981923.243 981920.597 981918.098 981916.096 981914.685 981913.703 981912.850 981911.863 981910.632 981909.221
981923.141 981924.311 981925.302 981926.131 981926.881 981927.565 981928.080 981928.258 981927.993 981927.310 981926.362 981925.340 981924.368 981923.465 981922.592 981921.745 981921.022 981920.601 981920.641 981921.163 981922.006 981922.893 981923.573 981923.957 981924.145 981924.338 981924.667 981925.078 981925.339 981925.197 981924.566 981923.656 981922.909 981922.791 981923.533 981924.982 981926.660 981928.000 981928.637 981928.577 981928.149 981927.777 981927.695 981927.799 981927.700 981926.962 981925.381 981923.117 981920.628 981918.429 981916.827 981915.788 981915.002 981914.096 981912.860 981911.353 981909.832
981925.838 981926.039 981926.359 981926.729 981927.073 981927.256 981927.119 981926.565 981925.642 981924.547 981923.527 981922.749 981922.206 981921.744 981921.186 981920.481 981919.774 981919.343 981919.434 981920.101 981921.149 981922.229 981923.034 981923.459 981923.643 981923.837 981924.216 981924.729 981925.122 981925.108 981924.589 981923.786 981923.158 981923.164 981923.990 981925.415 981926.907 981927.907 981928.130 981927.715 981927.114 981926.800 981926.956 981927.347 981927.448 981926.759 981925.114 981922.797 981920.395 981918.478 981917.288 981916.637 981916.058 981915.114 981913.668 981911.960 981910.434
981929.739 981928.984 981928.501 981928.188 981927.863 981927.283 981926.250 981924.735 981922.941 981921.237 981919.983 981919.344 981919.203 981919.238 981919.119 981918.720 981918.201 981917.913 981918.182 981919.090 981920.414 981921.741 981922.699 981923.165 981923.303 981923.431 981923.784 981924.350 981924.878 981925.063 981924.785 981924.238 981923.849 981924.034 981924.922 981926.247 981927.471 981928.093 981927.945 981927.293 981926.675 981926.551 981926.996 981927.615 981927.752 981926.876 981924.912 981922.309 981919.812 981918.046 981917.185 981916.883 981916.517 981915.591 981914.041 981912.270 981910.880
981934.616 981933.072 981931.791 981930.702 981929.588 981928.146 981926.151 981923.619 981920.870 981918.418 981916.734 981916.011 981916.070 981916.465 981916.744 981916.706 981916.500 981916.514 981917.110 981918.375 981920.043 981921.635 981922.726 981923.178 981923.198 981923.177 981923.431 981924.005 981924.670 981925.108 981925.165 981924.984 981924.937 981925.373 981926.364 981927.610 981928.594 981928.890 981928.449 981927.651 981927.082 981927.162 981927.840 981928.565 981928.576 981927.340 981924.894 981921.862 981919.138 981917.400 981916.754 981916.715 981916.527 981915.649 981914.085 981912.372 981911.221
981939.949 981937.872 981935.943 981934.181 981932.393 981930.249 981927.487 981924.118 981920.512 981917.277 981914.982 981913.881 981913.801 981914.255 981914.730 981914.974 981915.113 981915.525 981916.552 981918.244 981920.272 981922.090 981923.234 981923.579 981923.389 981923.143 981923.241 981923.788 981924.573 981925.266 981925.672 981925.886 981926.218 981926.954 981928.109 981929.354 981930.185 981930.241 981929.564 981928.623 981928.045 981928.217 981928.995 981929.718 981929.556 981927.989 981925.145 981921.779 981918.883 981917.156 981916.644 981916.752 981916.643 981915.767 981914.198 981912.574 981911.673
981945.003 981942.654 981940.326 981938.163 981936.031 981933.578 981930.469 981926.647 981922.456 981918.537 981915.540 981913.812 981913.257 981913.430 981913.829 981914.190 981914.607 981915.406 981916.868 981918.959 981921.273 981923.208 981924.289 981924.426 981923.958 981923.450 981923.374 981923.870 981924.733 981925.609 981926.275 981926.790 981927.429 981928.437 981929.785 981931.108 981931.888 981931.787 981930.897 981929.750 981929.020 981929.105 981929.837 981930.517 981930.291 981928.644 981925.741 981922.373 981919.546 981917.929 981917.507 981917.628 981917.440 981916.436 981914.773 981913.169 981912.426
981949.024 981946.596 981944.138 981941.923 981939.870 981937.587 981934.632 981930.822 981926.417 981922.047 981918.420 981915.995 981914.795 981914.478 981914.603 981914.919 981915.486 981916.563 981918.336 981920.680 981923.115 981925.007 981925.901 981925.764 981925.013 981924.277 981924.063 981924.510 981925.387 981926.312 981927.047 981927.653 981928.411 981929.568 981931.070 981932.512 981933.329 981933.153 981932.078 981930.669 981929.656 981929.502 981930.092 981930.766 981930.681 981929.313 981926.786 981923.828 981921.360 981919.971 981919.592 981919.572 981919.117 981917.818 981915.930 981914.228 981913.503
981951.483 981949.086 981946.722 981944.761 981943.145 981941.418 981939.011 981935.601 981931.348 981926.847 981922.852 981919.916 981918.180 981917.411 981917.237 981917.427 981918.012 981919.186 981921.051 981923.408 981925.738 981927.414 981928.025 981927.607 981926.638 981925.777 981925.513 981925.939 981926.768 981927.584 981928.154 981928.581 981929.206 981930.317 981931.870 981933.421 981934.340 981934.183 981933.002 981931.362 981930.047 981929.615 981930.058 981930.806 981931.053 981930.246 981928.412 981926.133 981924.181 981923.037 981922.601 981922.279 981921.396 981919.679 981917.479 981915.595 981914.774
981952.264 981949.956 981947.837 981946.315 981945.312 981944.298 981942.597 981939.785 981935.951 981931.666 981927.702 981924.665 981922.762 981921.816 981921.496 981921.577 981922.073 981923.136 981924.830 981926.932 981928.931 981930.244 981930.525 981929.874 981928.800 981927.945 981927.738 981928.185 981928.922 981929.501 981929.711 981929.727 981929.986 981930.855 981932.328 981933.939 981934.993 981934.959 981933.814 981932.094 981930.615 981930.017 981930.407 981931.312 981931.975 981931.803 981930.705 981929.094 981927.582 981926.551 981925.908 981925.160 981923.784 981921.645 981919.160 981917.106 981916.145
981951.663 981949.496 981947.706 981946.669 981946.252 981945.863 981944.783 981942.563 981939.283 981935.512 981932.013 981929.376 981927.785 981927.043 981926.803 981926.836 981927.154 981927.918 981929.207 981930.834 981932.341 981933.213 981933.172 981932.362 981931.289 981930.544 981930.468 981930.963 981931.592 981931.878 981931.644 981931.144 981930.914 981931.413 981932.689 981934.285 981935.466 981935.636 981934.697 981933.135 981931.753 981931.225 981931.728 981932.858 981933.892 981934.212 981933.629 981932.425 981931.090 981929.957 981928.976 981927.775 981925.981 981923.560 981920.939 981918.813 981917.719
981950.195 981948.235 981946.807 981946.198 981946.200 981946.200 981945.512 981943.754 981941.062 981938.016 981935.334 981933.510 981932.619 981932.373 981932.374 981932.386 981932.452 981932.788 981933.542 981934.597 981935.572 981936.022 981935.717 981934.817 981933.801 981933.193 981933.244 981933.775 981934.293 981934.311 981933.681 981932.719 981932.031 981932.143 981933.158 981934.652 981935.901 981936.292 981935.689 981934.519 981933.527 981933.352 981934.157 981935.556 981936.842 981937.394 981936.986 981935.842 981934.404 981933.007 981931.664 981930.120 981928.107 981925.634 981923.075 981920.986 981919.756
