Code/MATLAB/Matlab_old/02 Fill Missing Data/data_grav_rasters/EGM2008_gravity_ell.asc
ncols         159
nrows         172
xllcorner     32.4820794100
yllcorner     29.1707288100
cellsize      0.0259688
nodata_value  9999999
[rows 50 to 74 of 172, columns 57 to 113 of 159]
979479.993 979479.213 979478.258 979476.872 979475.127 979473.459 979472.448 979472.479 979473.489 979474.987 979476.345 979477.210 979477.760 979478.651 979480.643 979484.120 979488.793 979493.771 979497.991 979500.769 979502.152 979502.864 979503.872 979505.834 979508.733 979511.935 979514.625 979516.351 979517.348 979518.441 979520.563 979524.200 979529.080 979534.308 979538.885 979542.284 979544.762 979547.195 979550.555 979555.319 979561.188 979567.261 979572.567 979576.614 979579.633 979582.341 979585.394 979588.853 979592.017 979593.724 979592.955 979589.379 979583.502 979576.340 979568.836 979561.410 979553.959
979478.127 979477.072 979475.891 979474.474 979472.986 979471.846 979471.501 979472.135 979473.514 979475.083 979476.289 979476.950 979477.426 979478.467 979480.794 979484.645 979489.550 979494.502 979498.433 979500.747 979501.609 979501.808 979502.293 979503.639 979505.768 979508.087 979509.946 979511.138 979512.113 979513.759 979516.879 979521.664 979527.502 979533.261 979537.892 979541.010 979543.112 979545.295 979548.625 979553.548 979559.660 979565.988 979571.583 979576.073 979579.817 979583.581 979587.922 979592.678 979596.897 979599.261 979598.771 979595.276 979589.519 979582.674 979575.667 979568.719 979561.446
979476.262 979475.127 979473.865 979472.465 979471.183 979470.461 979470.677 979471.890 979473.742 979475.624 979477.015 979477.822 979478.478 979479.735 979482.228 979486.056 979490.650 979495.003 979498.165 979499.732 979500.030 979499.907 979500.233 979501.427 979503.274 979505.156 979506.543 979507.437 979508.471 979510.582 979514.439 979519.974 979526.313 979532.184 979536.591 979539.356 979541.227 979543.454 979547.096 979552.451 979558.934 979565.488 979571.252 979576.078 979580.570 979585.605 979591.632 979598.178 979603.897 979607.166 979606.896 979603.075 979596.731 979589.309 979581.863 979574.546 979566.770
979474.411 979473.398 979472.216 979470.906 979469.807 979469.411 979470.090 979471.843 979474.242 979476.630 979478.480 979479.703 979480.711 979482.180 979484.624 979488.044 979491.857 979495.176 979497.281 979498.025 979497.910 979497.796 979498.399 979499.894 979501.857 979503.598 979504.678 979505.288 979506.231 979508.489 979512.620 979518.352 979524.638 979530.185 979534.152 979536.631 979538.607 979541.404 979545.939 979552.209 979559.336 979566.132 979571.847 979576.645 979581.477 979587.420 979594.850 979602.958 979609.936 979613.766 979613.196 979608.335 979600.536 979591.617 979582.892 979574.575 979565.945
979472.735 979471.937 979470.902 979469.702 979468.743 979468.583 979469.618 979471.830 979474.753 979477.694 979480.098 979481.838 979483.254 979484.905 979487.187 979490.034 979492.918 979495.135 979496.245 979496.362 979496.122 979496.333 979497.488 979499.469 979501.623 979503.190 979503.840 979503.968 979504.551 979506.619 979510.632 979516.152 979522.028 979527.017 979530.506 979532.884 979535.349 979539.217 979545.137 979552.685 979560.585 979567.466 979572.697 979576.804 979581.173 979587.168 979595.167 979604.070 979611.620 979615.395 979613.954 979607.512 979597.756 979586.921 979576.648 979567.294 979558.077
979471.429 979470.774 979469.812 979468.647 979467.750 979467.732 979469.009 979471.550 979474.860 979478.230 979481.088 979483.275 979485.062 979486.904 979489.090 979491.510 979493.697 979495.129 979495.605 979495.439 979495.338 979495.998 979497.666 979499.949 979502.015 979503.102 979503.040 979502.455 979502.505 979504.252 979508.049 979513.292 979518.740 979523.227 979526.376 979528.862 979532.060 979537.218 979544.658 979553.479 979561.971 979568.566 979572.754 979575.448 979578.504 979583.635 979591.291 979600.167 979607.626 979610.891 979608.352 979600.308 979588.740 979576.260 979564.833 979554.982 979545.913
979470.557 979469.850 979468.786 979467.528 979466.606 979466.657 979468.076 979470.793 979474.285 979477.842 979480.919 979483.375 979485.458 979487.555 979489.864 979492.219 979494.173 979495.309 979495.574 979495.397 979495.490 979496.433 979498.272 979500.427 979501.990 979502.280 979501.337 979500.023 979499.643 979501.253 979505.059 979510.274 979515.552 979519.783 979522.794 979525.504 979529.420 979535.707 979544.375 979554.086 979562.757 979568.660 979571.423 979572.320 979573.646 979577.443 979584.260 979592.647 979599.691 979602.345 979598.874 979589.648 979576.872 979563.444 979551.570 979541.912 979533.700
979469.966 979469.002 979467.668 979466.220 979465.237 979465.334 979466.834 979469.589 979473.042 979476.517 979479.547 979482.075 979484.386 979486.829 979489.517 979492.185 979494.330 979495.542 979495.816 979495.626 979495.684 979496.506 979498.047 979499.665 979500.485 979499.962 979498.329 979496.623 979496.216 979498.090 979502.277 979507.798 979513.201 979517.416 979520.422 979523.321 979527.712 979534.684 979544.011 979554.056 979562.497 979567.542 979568.964 979568.330 979568.245 979570.958 979577.052 979584.953 979591.552 979593.649 979589.472 979579.478 979566.043 979552.245 979540.422 979531.308 979524.161
979469.356 979468.029 979466.370 979464.743 979463.743 979463.916 979465.467 979468.146 979471.375 979474.545 979477.324 979479.786 979482.287 979485.153 979488.387 979491.576 979494.087 979495.435 979495.605 979495.104 979494.692 979494.927 979495.810 979496.761 979496.996 979496.080 979494.345 979492.862 979492.950 979495.462 979500.258 979506.222 979511.855 979516.134 979519.150 979522.112 979526.651 979533.798 979543.199 979553.091 979561.104 979565.507 979566.219 979564.972 979564.474 979566.958 979572.887 979580.524 979586.637 979588.009 979582.968 979572.143 979558.084 979543.979 979532.195 979523.447 979516.981
979468.469 979466.822 979464.933 979463.246 979462.333 979462.621 979464.181 979466.675 979469.536 979472.267 979474.701 979477.058 979479.757 979483.075 979486.874 979490.556 979493.319 979494.576 979494.296 979493.055 979491.742 979491.076 979491.218 979491.728 979491.903 979491.323 979490.248 979489.612 979490.563 979493.796 979499.078 979505.288 979510.991 979515.261 979518.259 979521.201 979525.667 979532.613 979541.657 979551.097 979558.714 979562.967 979563.918 979563.309 979563.689 979567.003 979573.388 979580.872 979586.166 979586.197 979579.581 979567.270 979552.059 979537.232 979525.113 979516.292 979509.904
979467.263 979465.453 979463.529 979461.953 979461.212 979461.600 979463.065 979465.239 979467.624 979469.876 979471.991 979474.301 979477.237 979480.984 979485.240 979489.219 979491.969 979492.824 979491.770 979489.496 979487.085 979485.488 979485.091 979485.604 979486.353 979486.801 979486.971 979487.508 979489.316 979492.969 979498.278 979504.287 979509.774 979513.957 979517.009 979520.023 979524.400 979530.975 979539.405 979548.211 979555.515 979560.096 979562.154 979563.292 979565.653 979570.625 979577.832 979584.998 979588.851 979586.634 979577.454 979562.766 979545.718 979529.720 979516.998 979507.909 979501.335
979465.926 979464.146 979462.395 979461.066 979460.509 979460.883 979462.078 979463.774 979465.617 979467.432 979469.344 979471.722 979474.933 979479.031 979483.558 979487.596 979490.107 979490.406 979488.526 979485.276 979481.923 979479.647 979479.047 979479.958 979481.680 979483.470 979485.016 979486.604 979488.890 979492.414 979497.178 979502.560 979507.659 979511.850 979515.223 979518.592 979523.029 979529.184 979536.795 979544.745 979551.663 979556.759 979560.379 979563.877 979568.801 979575.797 979583.844 979590.350 979592.141 979586.926 979574.474 979556.879 979537.727 979520.568 979507.492 979498.522 979492.135
979464.737 979463.152 979461.725 979460.699 979460.249 979460.429 979461.152 979462.241 979463.541 979465.035 979466.906 979469.460 979472.930 979477.224 979481.789 979485.682 979487.885 979487.754 979485.361 979481.570 979477.735 979475.174 979474.637 979476.058 979478.705 979481.635 979484.210 979486.384 979488.622 979491.517 979495.368 979499.978 979504.796 979509.308 979513.402 979517.463 979522.114 979527.770 979534.296 979541.046 979547.282 979552.727 979557.879 979563.777 979571.281 979580.209 979588.881 979594.429 979593.874 979585.496 979569.800 979549.554 979528.768 979511.101 979498.450 979490.435 979485.036
979463.863 979462.591 979461.572 979460.836 979460.378 979460.196 979460.311 979460.764 979461.618 979462.969 979464.959 979467.733 979471.334 979475.562 979479.876 979483.451 979485.411 979485.191 979482.850 979479.166 979475.420 979472.924 979472.508 979474.210 979477.331 979480.832 979483.856 979486.115 979487.948 979490.046 979493.019 979497.072 979501.952 979507.165 979512.297 979517.218 979522.060 979527.013 979532.130 979537.312 979542.510 979547.979 979554.344 979562.293 979571.980 979582.433 979591.400 979595.858 979593.125 979582.091 979563.962 979542.070 979520.722 979503.567 979492.241 979485.946 979482.170
979463.264 979462.394 979461.825 979461.348 979460.797 979460.176 979459.682 979459.610 979460.221 979461.644 979463.873 979466.808 979470.290 979474.079 979477.788 979480.859 979482.663 979482.728 979481.005 979478.029 979474.826 979472.569 979472.121 979473.671 979476.679 979480.163 979483.185 979485.309 979486.776 979488.334 979490.819 979494.730 979500.007 979506.098 979512.257 979517.865 979522.626 979526.594 979530.072 979533.529 979537.565 979542.884 979550.152 979559.667 979570.915 979582.270 979591.091 979594.386 979589.879 979577.061 979557.705 979535.487 979514.769 979499.010 979489.510 979485.090 979482.867
979462.765 979462.373 979462.277 979462.040 979461.375 979460.350 979459.378 979459.005 979459.632 979461.331 979463.855 979466.807 979469.849 979472.789 979475.521 979477.879 979479.544 979480.120 979479.363 979477.426 979474.954 979472.910 979472.187 979473.202 979475.701 979478.889 979481.852 979484.038 979485.551 979487.089 979489.574 979493.658 979499.378 979506.115 979512.860 979518.645 979522.913 979525.704 979527.618 979529.625 979532.821 979538.167 979546.214 979556.812 979568.865 979580.285 979588.303 979590.183 979584.176 979570.341 979550.832 979529.395 979510.161 979496.190 979488.373 979485.231 979483.714
979462.216 979462.351 979462.725 979462.709 979461.948 979460.616 979459.350 979458.916 979459.787 979461.895 979464.697 979467.497 979469.816 979471.591 979473.081 979474.562 979476.034 979477.141 979477.382 979476.475 979474.653 979472.673 979471.507 979471.867 979473.850 979476.901 979480.141 979482.866 979484.958 979486.946 979489.702 979493.934 979499.747 979506.515 979513.125 979518.465 979521.915 979523.622 979524.464 979525.763 979528.857 979534.697 979543.529 979554.706 979566.663 979577.091 979583.378 979583.286 979575.705 979561.222 979542.192 979522.169 979504.793 979492.538 979485.836 979482.999 979481.024
979461.614 979462.260 979463.043 979463.191 979462.332 979460.767 979459.344 979458.998 979460.210 979462.737 979465.739 979468.254 979469.723 979470.255 979470.479 979471.079 979472.318 979473.835 979474.858 979474.711 979473.291 979471.234 979469.648 979469.560 979471.390 979474.766 979478.766 979482.465 979485.450 979488.013 979490.930 979494.942 979500.256 979506.347 979512.165 979516.650 979519.273 979520.343 979520.937 979522.510 979526.362 979533.168 979542.707 979553.839 979564.681 979572.958 979576.486 979573.719 979564.268 979549.192 979530.899 979512.554 979497.128 979486.395 979480.302 979477.027 979473.781
979461.073 979462.122 979463.179 979463.378 979462.363 979460.568 979459.016 979458.753 979460.237 979463.054 979466.121 979468.294 979468.991 979468.494 979467.729 979467.676 979468.747 979470.526 979472.017 979472.266 979470.989 979468.822 979467.050 979466.954 979469.157 979473.322 979478.379 979483.129 979486.872 979489.711 979492.376 979495.693 979500.028 979505.030 979509.814 979513.472 979515.630 979516.739 979517.949 979520.643 979525.847 979533.778 979543.690 979554.025 979562.778 979567.945 979567.964 979562.090 979550.645 979535.072 979517.706 979501.214 979487.831 979478.612 979473.042 979469.218 979464.633
979460.696 979461.964 979463.107 979463.208 979461.951 979459.879 979458.137 979457.831 979459.380 979462.244 979465.203 979467.034 979467.191 979466.093 979464.843 979464.545 979465.626 979467.573 979469.244 979469.581 979468.296 979466.138 979464.557 979464.959 979467.973 979473.129 979479.126 979484.526 979488.468 979491.020 979492.995 979495.370 979498.682 979502.732 979506.773 979510.035 979512.275 979514.030 979516.418 979520.613 979527.249 979536.035 979545.755 979554.591 979560.617 979562.278 979558.722 979549.971 979536.936 979521.299 979505.206 979490.797 979479.614 979472.084 979467.306 979463.337 979457.955
979460.462 979461.746 979462.791 979462.669 979461.112 979458.738 979456.743 979456.237 979457.593 979460.216 979462.863 979464.352 979464.226 979462.996 979461.800 979461.694 979462.989 979465.055 979466.706 979466.949 979465.658 979463.757 979462.790 979464.107 979468.135 979474.128 979480.553 979485.866 979489.270 979491.018 979492.139 979493.777 979496.544 979500.254 979504.164 979507.552 979510.260 979512.884 979516.489 979522.021 979529.719 979538.846 979547.843 979554.808 979558.063 979556.585 979550.194 979539.519 979525.843 979510.874 979496.471 979484.273 979475.267 979469.430 979465.623 979461.923 979456.356
979460.267 979461.396 979462.203 979461.793 979459.950 979457.322 979455.084 979454.286 979455.244 979457.366 979459.495 979460.594 979460.347 979459.314 979458.552 979458.928 979460.548 979462.673 979464.171 979464.265 979463.097 979461.768 979461.798 979464.292 979469.299 979475.731 979481.897 979486.366 979488.657 979489.406 979489.927 979491.441 979494.441 979498.530 979502.800 979506.504 979509.589 979512.783 979517.184 979523.576 979531.874 979540.977 979549.094 979554.356 979555.414 979551.772 979543.793 979532.489 979519.243 979505.587 979493.007 979482.712 979475.331 979470.627 979467.423 979463.910 979458.339
979460.068 979460.907 979461.371 979460.643 979458.573 979455.800 979453.413 979452.334 979452.803 979454.259 979455.705 979456.329 979455.988 979455.268 979455.071 979455.993 979457.899 979459.969 979461.222 979461.190 979460.328 979459.870 979461.183 979464.965 979470.783 979477.215 979482.557 979485.703 979486.702 979486.678 979487.178 979489.315 979493.213 979498.046 979502.640 979506.257 979509.091 979512.185 979516.823 979523.725 979532.520 979541.745 979549.381 979553.602 979553.374 979548.662 979540.233 979529.276 979517.066 979504.802 979493.565 979484.236 979477.291 979472.526 979468.933 979464.931 979459.019
979459.989 979460.403 979460.393 979459.278 979456.996 979454.166 979451.742 979450.469 979450.476 979451.236 979451.941 979452.036 979451.566 979451.129 979451.440 979452.804 979454.851 979456.729 979457.669 979457.560 979457.165 979457.781 979460.514 979465.564 979471.993 979478.118 979482.369 979484.133 979484.081 979483.802 979484.922 979488.214 979493.209 979498.537 979502.791 979505.415 979507.100 979509.444 979514.062 979521.641 979531.445 979541.527 979549.511 979553.517 979552.763 979547.615 979539.169 979528.701 979517.287 979505.747 979494.779 979485.047 979477.046 979470.793 979465.609 979460.248 979453.480
979460.260 979460.062 979459.371 979457.695 979455.099 979452.190 979449.776 979448.405 979448.064 979448.243 979448.307 979447.941 979447.369 979447.187 979447.920 979449.598 979451.651 979453.240 979453.837 979453.692 979453.833 979455.559 979459.658 979465.825 979472.667 979478.345 979481.541 979482.195 979481.574 979481.595 979483.758 979488.294 979494.034 979499.091 979502.000 979502.655 979502.515 979503.914 979508.850 979517.876 979529.697 979541.650 979550.814 979555.133 979554.032 979548.286 979539.361 979528.657 979517.095 979505.163 979493.247 979481.876 979471.656 979462.918 979455.378 979448.164 979440.338
