Code/MATLAB/Matlab_old/02 Fill Missing Data/data_grav_rasters/EGM2008_gravity_ell.asc
ncols         159
nrows         172
xllcorner     32.4820794100
yllcorner     29.1707288100
cellsize      0.0259688
nodata_value  9999999
[rows 75 to 99 of 172, columns 57 to 113 of 159]
979460.972 979459.935 979458.304 979455.811 979452.682 979449.546 979447.093 979445.681 979445.154 979444.987 979444.673 979444.087 979443.584 979443.741 979444.904 979446.863 979448.891 979450.189 979450.469 979450.296 979450.915 979453.585 979458.786 979465.770 979472.799 979477.987 979480.319 979480.255 979479.528 979480.191 979483.444 979488.882 979494.672 979498.581 979499.332 979497.519 979495.531 979496.472 979502.605 979514.141 979528.975 979543.522 979554.182 979558.689 979556.720 979549.560 979539.157 979527.155 979514.420 979501.195 979487.611 979474.097 979461.379 979450.076 979440.266 979431.412 979422.835
979461.845 979459.794 979457.029 979453.503 979449.618 979446.066 979443.471 979442.049 979441.515 979441.308 979440.984 979440.533 979440.379 979441.055 979442.749 979445.056 979447.135 979448.232 979448.261 979448.039 979448.962 979452.241 979458.103 979465.479 979472.417 979477.071 979478.724 979478.245 979477.654 979478.973 979483.011 979488.778 979493.950 979496.189 979494.627 979490.667 979487.588 979489.080 979497.420 979512.219 979530.401 979547.409 979559.025 979562.908 979559.141 979549.655 979536.987 979523.094 979508.836 979494.241 979479.196 979464.014 979449.483 979436.426 979425.175 979415.425 979406.685
979462.225 979459.171 979455.295 979450.720 979446.009 979441.946 979439.150 979437.761 979437.401 979437.454 979437.478 979437.494 979437.933 979439.267 979441.560 979444.273 979446.492 979447.509 979447.375 979447.072 979448.083 979451.570 979457.594 979464.899 979471.452 979475.502 979476.578 979475.812 979475.338 979477.040 979481.366 979486.911 979491.116 979491.775 979488.530 979483.499 979480.580 979483.686 979494.779 979512.706 979533.448 979551.690 979562.910 979564.995 979558.647 979546.526 979531.723 979516.420 979501.373 979486.320 979470.859 979455.150 979439.993 979426.336 979414.658 979404.775 979396.277
979461.376 979457.602 979452.940 979447.594 979442.238 979437.754 979434.813 979433.546 979433.521 979434.055 979434.652 979435.290 979436.361 979438.282 979441.055 979444.086 979446.450 979447.471 979447.273 979446.899 979447.846 979451.220 979457.000 979463.871 979469.826 979473.236 979473.794 979472.747 979472.207 979473.888 979477.996 979482.953 979486.238 979485.936 979482.152 979477.441 979475.880 979481.167 979494.671 979514.464 979535.869 979553.281 979562.385 979561.680 979552.648 979538.605 979522.962 979507.827 979493.594 979479.554 979464.959 979449.825 979434.989 979421.525 979410.020 979400.326 979392.015
979458.910 979454.929 979450.046 979444.439 979438.826 979434.180 979431.258 979430.236 979430.661 979431.770 979432.964 979434.125 979435.585 979437.744 979440.631 979443.703 979446.090 979447.155 979447.019 979446.679 979447.560 979450.696 979456.039 979462.317 979467.631 979470.476 979470.626 979469.308 979468.518 979469.820 979473.329 979477.544 979480.200 979479.743 979476.582 979473.331 979473.780 979481.018 979495.682 979515.255 979534.868 979549.239 979554.804 979550.991 979540.069 979525.745 979511.322 979498.400 979486.692 979474.892 979461.916 979447.742 979433.385 979420.147 979408.765 979399.098 979390.620
979455.029 979451.419 979446.919 979441.596 979436.158 979431.652 979428.943 979428.280 979429.202 979430.854 979432.494 979433.879 979435.281 979437.148 979439.634 979442.364 979444.599 979445.741 979445.844 979445.755 979446.731 979449.707 979454.638 979460.370 979465.168 979467.652 979467.600 979466.121 979465.028 979465.756 979468.471 979471.930 979474.266 979474.280 979472.486 979471.213 979473.594 979481.882 979496.008 979513.188 979528.881 979538.680 979540.168 979533.815 979522.482 979509.845 979498.607 979489.451 979481.181 979471.875 979460.254 979446.476 979431.944 979418.347 979406.657 979396.749 979387.935
979450.394 979447.572 979443.863 979439.188 979434.216 979430.060 979427.698 979427.456 979428.864 979430.957 979432.829 979434.095 979434.992 979436.069 979437.705 979439.778 979441.742 979443.041 979443.599 979444.025 979445.331 979448.310 979452.949 979458.265 979462.734 979465.105 979465.121 979463.696 979462.409 979462.580 979464.490 979467.253 979469.450 979470.194 979469.945 979470.530 979474.250 979482.491 979494.651 979508.019 979518.794 979523.764 979521.769 979514.165 979504.039 979494.582 979487.512 979482.386 979477.118 979469.355 979457.896 979443.341 979427.670 979413.070 979400.786 979390.717 979381.986
979445.677 979443.750 979440.908 979436.947 979432.509 979428.770 979426.803 979427.000 979428.864 979431.310 979433.262 979434.201 979434.348 979434.395 979434.988 979436.307 979438.018 979439.594 979440.792 979441.919 979443.693 979446.754 979451.138 979456.079 979460.313 979462.738 979463.047 979461.924 979460.676 979460.481 979461.740 979463.924 979466.046 979467.472 979468.534 979470.507 979474.885 979482.331 979491.948 979501.362 979507.696 979508.938 979504.976 979497.675 979489.911 979484.046 979480.681 979478.360 979474.407 979466.423 979453.612 979437.212 979419.822 979404.073 979391.414 979381.737 979374.008
979441.118 979439.893 979437.706 979434.298 979430.313 979426.978 979425.427 979426.080 979428.396 979431.173 979433.189 979433.816 979433.275 979432.396 979432.082 979432.793 979434.381 979436.328 979438.202 979440.003 979442.156 979445.161 979449.134 979453.564 979457.481 979459.963 979460.661 979460.029 979459.078 979458.813 979459.701 979461.506 979463.602 979465.558 979467.577 979470.467 979475.090 979481.624 979489.105 979495.629 979499.182 979498.686 979494.637 979488.925 979483.842 979480.793 979479.422 979477.673 979472.801 979462.823 979447.612 979429.053 979410.186 979393.821 979381.415 979372.802 979366.889
979436.448 979435.583 979433.743 979430.694 979427.104 979424.213 979423.155 979424.322 979427.119 979430.259 979432.426 979432.930 979432.000 979430.570 979429.722 979430.110 979431.712 979433.996 979436.361 979438.547 979440.743 979443.361 979446.622 979450.285 979453.687 979456.095 979457.145 979457.081 979456.628 979456.594 979457.448 979459.151 979461.341 979463.738 979466.454 979469.971 979474.757 979480.755 979487.110 979492.389 979495.228 979495.068 979492.516 979489.049 979486.157 979484.378 979482.790 979479.302 979471.670 979458.704 979441.033 979420.982 979401.631 979385.557 979373.952 979366.563 979362.440
979431.245 979430.451 979428.767 979426.043 979422.955 979420.686 979420.282 979422.049 979425.335 979428.832 979431.219 979431.812 979430.855 979429.324 979428.362 979428.699 979430.356 979432.774 979435.245 979437.349 979439.145 979441.017 979443.312 979446.029 979448.770 979450.974 979452.275 979452.747 979452.873 979453.277 979454.385 979456.265 979458.719 979461.553 979464.818 979468.802 979473.783 979479.674 979485.845 979491.272 979494.992 979496.580 979496.352 979495.096 979493.465 979491.369 979487.770 979481.067 979469.931 979454.139 979434.942 979414.726 979396.118 979381.032 979370.169 979363.233 979359.703
979425.464 979424.641 979423.147 979420.928 979418.620 979417.250 979417.676 979420.065 979423.735 979427.438 979429.964 979430.719 979429.977 979428.681 979427.914 979428.350 979429.977 979432.221 979434.354 979435.930 979436.997 979437.971 979439.305 979441.164 979443.322 979445.324 979446.795 979447.692 979448.332 979449.203 979450.694 979452.916 979455.741 979458.994 979462.650 979466.883 979471.913 979477.757 979484.067 979490.177 979495.350 979499.063 979501.138 979501.600 979500.369 979496.993 979490.664 979480.574 979466.449 979448.951 979429.663 979410.612 979393.562 979379.483 979368.510 979360.455 979355.531
979419.726 979418.956 979417.852 979416.427 979415.203 979414.955 979416.267 979419.142 979422.904 979426.469 979428.854 979429.638 979429.142 979428.216 979427.777 979428.338 979429.802 979431.604 979433.093 979433.924 979434.231 979434.496 979435.224 979436.632 979438.536 979440.495 979442.108 979443.266 979444.209 979445.378 979447.155 979449.676 979452.816 979456.345 979460.127 979464.229 979468.868 979474.227 979480.270 979486.668 979492.856 979498.166 979501.931 979503.509 979502.253 979497.546 979488.948 979476.456 979460.709 979442.976 979424.834 979407.652 979392.152 979378.340 979365.921 979355.030 979346.866
979415.073 979414.512 979414.000 979413.575 979413.575 979414.456 979416.490 979419.518 979422.924 979425.878 979427.713 979428.248 979427.860 979427.273 979427.165 979427.829 979429.062 979430.337 979431.154 979431.352 979431.201 979431.239 979431.948 979433.475 979435.556 979437.685 979439.418 979440.629 979441.569 979442.715 979444.500 979447.085 979450.315 979453.854 979457.412 979460.932 979464.622 979468.830 979473.832 979479.638 979485.885 979491.842 979496.501 979498.740 979497.521 979492.143 979482.475 979469.098 979453.231 979436.397 979419.909 979404.393 979389.636 979374.933 979359.849 979345.081 979332.906
979412.347 979412.093 979412.233 979412.784 979413.869 979415.616 979417.999 979420.733 979423.318 979425.224 979426.145 979426.157 979425.696 979425.341 979425.518 979426.290 979427.355 979428.251 979428.655 979428.602 979428.488 979428.857 979430.094 979432.192 979434.740 979437.134 979438.897 979439.929 979440.556 979441.348 979442.818 979445.168 979448.206 979451.480 979454.540 979457.188 979459.600 979462.243 979465.656 979470.163 979475.635 979481.393 979486.282 979488.907 979487.990 979482.762 979473.235 979460.260 979445.260 979429.711 979414.543 979399.763 979384.556 979367.917 979349.626 979331.096 979315.603
979411.605 979411.645 979412.316 979413.589 979415.386 979417.555 979419.840 979421.893 979423.357 979424.006 979423.864 979423.233 979422.585 979422.363 979422.770 979423.687 979424.748 979425.566 979425.971 979426.141 979426.522 979427.599 979429.608 979432.374 979435.354 979437.883 979439.495 979440.158 979440.287 979440.541 979441.508 979443.425 979446.082 979448.954 979451.471 979453.324 979454.632 979455.912 979457.855 979460.998 979465.410 979470.526 979475.188 979477.918 979477.346 979472.652 979463.858 979451.821 979437.882 979423.279 979408.570 979393.386 979376.701 979357.636 979336.465 979315.355 979298.345
979412.042 979412.297 979413.282 979414.916 979416.972 979419.113 979420.954 979422.149 979422.492 979422.003 979420.945 979419.761 979418.922 979418.755 979419.316 979420.386 979421.598 979422.639 979423.432 979424.192 979425.314 979427.149 979429.779 979432.911 979435.964 979438.313 979439.578 979439.809 979439.479 979439.275 979439.795 979441.286 979443.552 979446.070 979448.255 979449.757 979450.641 979451.384 979452.671 979455.069 979458.710 979463.102 979467.162 979469.486 979468.770 979464.239 979455.908 979444.524 979431.203 979416.869 979401.777 979385.393 979366.797 979345.515 979322.454 979300.449 979284.010
979412.504 979412.916 979414.026 979415.707 979417.653 979419.452 979420.698 979421.109 979420.614 979419.382 979417.788 979416.301 979415.340 979415.148 979415.729 979416.872 979418.279 979419.715 979421.121 979422.635 979424.492 979426.858 979429.685 979432.662 979435.301 979437.143 979437.959 979437.882 979437.370 979437.031 979437.378 979438.625 979440.620 979442.943 979445.121 979446.863 979448.210 979449.517 979451.283 979453.883 979457.307 979461.024 979464.038 979465.143 979463.286 979457.916 979449.150 979437.663 979424.326 979409.737 979393.886 979376.185 979355.950 979333.209 979309.485 979288.125 979273.849
979412.225 979412.811 979413.961 979415.506 979417.120 979418.419 979419.078 979418.926 979417.997 979416.517 979414.836 979413.334 979412.333 979412.021 979412.437 979413.488 979415.012 979416.855 979418.919 979421.173 979423.614 979426.200 979428.794 979431.163 979433.034 979434.202 979434.634 979434.514 979434.206 979434.134 979434.636 979435.852 979437.700 979439.948 979442.349 979444.774 979447.270 979450.019 979453.194 979456.777 979460.426 979463.442 979464.896 979463.874 979459.753 979452.409 979442.238 979429.950 979416.218 979401.313 979384.942 979366.442 979345.342 979322.117 979298.799 979279.095 979267.766
979411.268 979412.091 979413.274 979414.600 979415.765 979416.485 979416.589 979416.060 979415.019 979413.674 979412.250 979410.957 979409.977 979409.469 979409.568 979410.367 979411.892 979414.070 979416.735 979419.643 979422.525 979425.135 979427.288 979428.886 979429.920 979430.471 979430.690 979430.775 979430.941 979431.373 979432.198 979433.470 979435.190 979437.358 979440.005 979443.215 979447.074 979451.575 979456.505 979461.360 979465.356 979467.551 979467.063 979463.317 979456.234 979446.258 979434.194 979420.887 979406.849 979392.010 979375.745 979357.244 979336.160 979313.312 979291.130 979273.569 979265.345
979410.318 979411.400 979412.606 979413.652 979414.271 979414.318 979413.821 979412.945 979411.899 979410.839 979409.823 979408.852 979407.954 979407.262 979407.028 979407.550 979409.040 979411.509 979414.713 979418.206 979421.481 979424.118 979425.908 979426.887 979427.279 979427.391 979427.510 979427.822 979428.398 979429.220 979430.246 979431.473 979432.990 979434.997 979437.770 979441.578 979446.544 979452.502 979458.897 979464.787 979468.976 979470.285 979467.869 979461.484 979451.580 979439.175 979425.495 979411.527 979397.627 979383.379 979367.806 979349.922 979329.462 979307.534 979286.901 979271.694 979266.533
979409.991 979411.252 979412.402 979413.083 979413.056 979412.319 979411.110 979409.786 979408.650 979407.815 979407.185 979406.565 979405.839 979405.110 979404.724 979405.138 979406.713 979409.513 979413.231 979417.272 979420.956 979423.747 979425.423 979426.097 979426.121 979425.921 979425.844 979426.063 979426.586 979427.321 979428.181 979429.173 979430.450 979432.313 979435.146 979439.288 979444.864 979451.606 979458.761 979465.120 979469.240 979469.796 979465.980 979457.791 979446.072 979432.255 979417.856 979403.924 979390.638 979377.269 979362.560 979345.426 979325.747 979304.944 979286.088 979273.420 979271.369
979410.218 979411.477 979412.447 979412.686 979411.971 979410.420 979408.452 979406.595 979405.245 979404.498 979404.149 979403.866 979403.427 979402.906 979402.692 979403.321 979405.213 979408.443 979412.654 979417.172 979421.240 979424.283 979426.064 979426.699 979426.539 979425.995 979425.402 979424.953 979424.727 979424.745 979425.042 979425.710 979426.919 979428.913 979431.972 979436.333 979442.047 979448.822 979455.898 979462.064 979465.862 979465.963 979461.600 979452.875 979440.789 979426.922 979412.861 979399.587 979387.096 979374.448 979360.270 979343.555 979324.467 979304.800 979287.903 979278.013 979279.195
979410.183 979411.253 979411.948 979411.757 979410.462 979408.260 979405.691 979403.394 979401.826 979401.080 979400.907 979400.917 979400.850 979400.765 979401.047 979402.217 979404.656 979408.383 979413.000 979417.821 979422.120 979425.355 979427.296 979427.998 979427.694 979426.668 979425.193 979423.532 979421.971 979420.826 979420.405 979420.937 979422.536 979425.203 979428.894 979433.553 979439.089 979445.250 979451.470 979456.796 979459.999 979459.887 979455.730 979447.583 979436.356 979423.506 979410.469 979398.061 979386.134 979373.686 979359.441 979342.675 979323.962 979305.486 979290.777 979283.888 979288.294
979408.933 979409.721 979410.143 979409.657 979408.054 979405.570 979402.783 979400.353 979398.731 979398.002 979397.921 979398.126 979398.403 979398.836 979399.784 979401.675 979404.762 979408.945 979413.778 979418.620 979422.859 979426.069 979428.059 979428.800 979428.343 979426.776 979424.286 979421.236 979418.212 979415.930 979415.042 979415.920 979418.532 979422.492 979427.253 979432.343 979437.480 979442.514 979447.220 979451.095 979453.309 979452.908 979449.187 979442.050 979432.136 979420.598 979408.600 979396.770 979384.900 979372.095 979357.356 979340.371 979322.149 979305.175 979292.972 979289.181 979296.488
