Code/MATLAB/Matlab_old/02 Fill Missing Data/data_grav_rasters/EGM2008_gravitation_ell.asc
ncols         159
nrows         172
xllcorner     32.4820794100
yllcorner     29.1707288100
cellsize      0.0259688
nodata_value  9999999
[rows 25 to 49 of 172, columns 57 to 113 of 159]
981929.744 981927.808 981925.960 981924.055 981922.176 981920.630 981919.763 981919.739 981920.408 981921.361 981922.166 981922.630 981922.922 981923.467 981924.647 981926.495 981928.578 981930.169 981930.637 981929.846 981928.324 981927.067 981927.049 981928.708 981931.673 981934.927 981937.343 981938.333 981938.267 981938.426 981940.480 981945.728 981954.469 981965.788 981977.872 981988.683 981996.693 982001.353 982003.130 982003.170 982002.773 982002.941 982004.166 982006.477 982009.654 982013.453 982017.752 982022.573 982028.019 982034.186 982041.081 982048.545 982056.193 982063.359 982069.102 982072.321 982071.963
981926.156 981924.103 981922.340 981920.800 981919.552 981918.785 981918.675 981919.222 981920.175 981921.119 981921.694 981921.814 981921.750 981921.987 981922.920 981924.568 981926.481 981927.936 981928.343 981927.628 981926.372 981925.569 981926.121 981928.306 981931.553 981934.681 981936.522 981936.639 981935.742 981935.555 981938.133 981944.929 981956.042 981970.018 981984.310 981996.209 982003.835 982006.754 982005.999 982003.522 982001.380 982001.003 982002.846 982006.489 982011.052 982015.695 982019.957 982023.843 982027.686 982031.885 982036.680 982042.010 982047.490 982052.468 982056.123 982057.590 982056.104
981923.629 981921.666 981920.116 981918.965 981918.251 981918.056 981918.418 981919.224 981920.181 981920.914 981921.153 981920.913 981920.528 981920.497 981921.198 981922.625 981924.329 981925.627 981925.989 981925.393 981924.426 981924.023 981924.958 981927.350 981930.490 981933.144 981934.233 981933.558 981932.179 981932.182 981935.863 981944.677 981958.431 981975.127 981991.571 982004.514 982011.828 982013.229 982010.249 982005.518 982001.713 982000.614 982002.655 982007.067 982012.455 982017.483 982021.375 982024.049 982025.929 982027.590 982029.433 982031.519 982033.571 982035.096 982035.523 982034.318 982031.056
981922.144 981920.330 981918.958 981918.044 981917.599 981917.627 981918.081 981918.804 981919.529 981919.958 981919.915 981919.476 981918.975 981918.858 981919.434 981920.657 981922.098 981923.142 981923.345 981922.740 981921.900 981921.677 981922.717 981925.028 981927.855 981930.025 981930.622 981929.682 981928.506 981929.342 981934.512 981945.319 981961.263 981979.947 981997.799 982011.320 982018.343 982018.760 982014.440 982008.392 982003.582 982001.906 982003.725 982008.057 982013.251 982017.770 982020.734 982022.047 982022.164 982021.688 982021.029 982020.263 982019.190 982017.495 982014.890 982011.183 982006.274
981921.286 981919.557 981918.240 981917.371 981916.938 981916.896 981917.159 981917.583 981917.966 981918.110 981917.918 981917.478 981917.062 981917.004 981917.507 981918.484 981919.547 981920.188 981920.078 981919.314 981918.450 981918.249 981919.256 981921.421 981924.033 981926.052 981926.745 981926.299 981926.067 981928.213 981934.851 981947.023 981963.992 981983.234 982001.193 982014.523 982021.275 982021.546 982017.307 982011.529 982007.009 982005.413 982006.902 982010.415 982014.373 982017.430 982018.932 982018.948 982017.959 982016.452 982014.646 982012.449 982009.618 982005.953 982001.421 981996.132 981990.247
981920.552 981918.822 981917.479 981916.571 981916.056 981915.847 981915.837 981915.912 981915.954 981915.861 981915.594 981915.223 981914.921 981914.890 981915.226 981915.822 981916.369 981916.502 981916.028 981915.110 981914.271 981914.176 981915.273 981917.496 981920.220 981922.573 981923.978 981924.671 981925.870 981929.438 981937.110 981949.618 981966.120 981984.272 982000.947 982013.340 982019.965 982021.126 982018.648 982015.030 982012.429 982011.915 982013.312 982015.586 982017.534 982018.389 982018.063 982016.975 982015.648 982014.321 982012.819 982010.695 982007.527 982003.174 981997.829 981991.880 981985.692
981919.707 981917.971 981916.647 981915.773 981915.262 981914.966 981914.749 981914.520 981914.234 981913.872 981913.448 981913.007 981912.636 981912.420 981912.387 981912.449 981912.413 981912.078 981911.392 981910.564 981910.053 981910.394 981911.919 981914.534 981917.711 981920.744 981923.185 981925.248 981927.914 981932.633 981940.691 981952.523 981967.318 981983.148 981997.604 982008.682 982015.505 982018.549 982019.283 982019.408 982020.090 982021.549 982023.167 982024.026 982023.525 982021.751 982019.412 982017.403 982016.271 982015.897 982015.551 982014.290 982011.439 982006.899 982001.125 981994.818 981988.543
981918.963 981917.324 981916.152 981915.453 981915.074 981914.791 981914.423 981913.887 981913.196 981912.416 981911.611 981910.830 981910.106 981909.460 981908.896 981908.381 981907.856 981907.283 981906.722 981906.391 981906.642 981907.831 981910.131 981913.391 981917.154 981920.866 981924.205 981927.364 981931.099 981936.467 981944.340 981954.913 981967.482 981980.617 981992.707 982002.599 982010.019 982015.554 982020.204 982024.737 982029.210 982032.914 982034.798 982034.122 982030.991 982026.453 982022.081 982019.253 982018.493 982019.234 982020.107 982019.613 982016.813 982011.696 982005.051 981997.970 981991.279
981918.858 981917.449 981916.523 981916.041 981915.776 981915.440 981914.813 981913.825 981912.551 981911.138 981909.722 981908.379 981907.129 981905.970 981904.909 981903.980 981903.241 981902.779 981902.728 981903.272 981904.619 981906.915 981910.143 981914.062 981918.253 981922.299 981926.023 981929.659 981933.839 981939.355 981946.774 981956.118 981966.775 981977.734 981988.036 981997.217 982005.474 982013.439 982021.658 982030.056 982037.712 982043.128 982044.916 982042.552 982036.825 982029.664 982023.411 982019.838 982019.385 982021.009 982022.704 982022.438 982019.044 982012.636 982004.388 981995.848 981988.174
981919.885 981918.761 981918.017 981917.569 981917.153 981916.458 981915.273 981913.574 981911.516 981909.334 981907.236 981905.332 981903.645 981902.159 981900.883 981899.889 981899.304 981899.287 981899.996 981901.560 981904.043 981907.396 981911.422 981915.778 981920.060 981923.970 981927.487 981930.960 981935.032 981940.386 981947.425 981956.049 981965.665 981975.473 981984.882 981993.829 982002.785 982012.391 982022.878 982033.603 982042.996 982049.051 982050.189 982046.094 982038.076 982028.728 982020.947 982016.762 982016.505 982018.726 982020.885 982020.509 982016.233 982008.278 981998.153 981987.827 981978.809
981922.111 981921.188 981920.383 981919.592 981918.575 981917.077 981914.970 981912.330 981909.407 981906.515 981903.911 981901.717 981899.936 981898.519 981897.449 981896.788 981896.675 981897.279 981898.751 981901.168 981904.495 981908.559 981913.041 981917.524 981921.611 981925.084 981928.059 981931.027 981934.728 981939.870 981946.808 981955.356 981964.851 981974.480 981983.710 981992.588 982001.681 982011.652 982022.640 982033.804 982043.328 982049.005 982049.191 982043.678 982034.050 982023.237 982014.434 982009.817 982009.668 982012.300 982014.853 982014.550 982009.847 982000.956 981989.540 981977.819 981967.577
981925.006 981924.100 981922.922 981921.385 981919.342 981916.678 981913.424 981909.798 981906.148 981902.832 981900.100 981898.035 981896.584 981895.638 981895.130 981895.077 981895.580 981896.779 981898.791 981901.669 981905.352 981909.644 981914.204 981918.604 981922.449 981925.551 981928.089 981930.648 981934.067 981939.137 981946.237 981955.131 981965.033 981974.966 981984.243 981992.812 982001.237 982010.266 982020.181 982030.289 982038.878 982043.775 982043.301 982037.189 982026.970 982015.576 982006.257 982001.287 982001.035 982003.859 982006.856 982007.130 982002.960 981994.378 981982.921 981970.788 981959.863
981927.614 981926.549 981924.786 981922.284 981919.036 981915.125 981910.788 981906.395 981902.363 981899.036 981896.591 981895.014 981894.168 981893.884 981894.052 981894.650 981895.725 981897.358 981899.620 981902.552 981906.133 981910.242 981914.628 981918.922 981922.745 981925.880 981928.461 981931.052 981934.516 981939.703 981947.047 981956.306 981966.589 981976.724 981985.794 981993.579 982000.614 982007.810 982015.770 982024.179 982031.642 982036.124 982035.856 982030.293 982020.607 982009.432 981999.897 981994.374 981993.513 981996.019 981999.260 982000.415 981997.609 981990.532 981980.321 981968.860 981957.927
981928.965 981927.677 981925.337 981921.954 981917.665 981912.764 981907.687 981902.937 981898.953 981896.001 981894.117 981893.159 981892.906 981893.170 981893.854 981894.941 981896.443 981898.367 981900.708 981903.479 981906.717 981910.440 981914.570 981918.875 981923.013 981926.697 981929.913 981933.068 981936.934 981942.350 981949.805 981959.106 981969.338 981979.208 981987.620 981994.207 981999.503 982004.618 982010.541 982017.421 982024.238 982029.090 982030.029 982026.054 982017.760 982007.283 981997.521 981990.973 981988.726 981990.074 981992.906 981994.663 981993.374 981988.318 981980.059 981969.964 981959.537
981928.509 981927.074 981924.385 981920.465 981915.559 981910.130 981904.782 981900.108 981896.524 981894.165 981892.899 981892.442 981892.525 981893.009 981893.894 981895.241 981897.061 981899.272 981901.748 981904.416 981907.338 981910.680 981914.580 981919.004 981923.691 981928.275 981932.533 981936.615 981941.087 981946.709 981954.013 981962.910 981972.571 981981.703 981989.137 981994.420 981998.092 982001.432 982005.767 982011.656 982018.407 982024.216 982026.912 982024.986 982018.390 982008.697 981998.527 981990.496 981986.168 981985.514 981987.065 981988.642 981988.278 981984.892 981978.480 981969.852 981960.171
981926.326 981924.916 981922.206 981918.184 981913.135 981907.630 981902.393 981898.076 981895.053 981893.317 981892.560 981892.373 981892.480 981892.853 981893.666 981895.123 981897.265 981899.912 981902.757 981905.571 981908.372 981911.438 981915.135 981919.662 981924.890 981930.407 981935.771 981940.833 981945.895 981951.587 981958.472 981966.615 981975.362 981983.538 981989.987 981994.209 981996.712 981998.844 982002.126 982007.402 982014.232 982020.907 982025.104 982024.918 982019.767 982010.725 982000.127 981990.621 981984.131 981981.191 981980.909 981981.514 981981.147 981978.534 981973.275 981965.757 981956.847
981923.033 981921.815 981919.372 981915.590 981910.726 981905.403 981900.436 981896.536 981894.048 981892.848 981892.470 981892.403 981892.376 981892.500 981893.153 981894.710 981897.262 981900.525 981903.979 981907.185 981910.056 981912.935 981916.394 981920.881 981926.436 981932.643 981938.881 981944.712 981950.169 981955.735 981962.008 981969.229 981976.979 981984.261 981989.984 981993.589 981995.476 981996.915 981999.456 982004.078 982010.541 982017.293 982022.041 982022.739 982018.512 982010.088 981999.521 981989.341 981981.568 981977.008 981975.127 981974.478 981973.399 981970.641 981965.689 981958.743 981950.516
981919.440 981918.518 981916.494 981913.108 981908.538 981903.428 981898.678 981895.088 981893.017 981892.270 981892.254 981892.353 981892.287 981892.271 981892.861 981894.592 981897.608 981901.535 981905.655 981909.316 981912.312 981915.015 981918.171 981922.458 981928.086 981934.663 981941.430 981947.703 981953.278 981958.512 981964.046 981970.308 981977.127 981983.707 981989.024 981992.434 981994.142 981995.212 981997.069 982000.717 982006.084 982011.880 982016.067 982016.752 982013.058 982005.550 981996.003 981986.650 981979.280 981974.600 981972.135 981970.616 981968.623 981965.139 981959.820 981952.945 981945.222
981916.189 981915.586 981914.002 981911.011 981906.695 981901.706 981897.045 981893.631 981891.889 981891.594 981892.052 981892.530 981892.693 981892.791 981893.488 981895.433 981898.826 981903.239 981907.820 981911.764 981914.780 981917.268 981920.106 981924.146 981929.724 981936.459 981943.473 981949.886 981955.306 981960.008 981964.690 981969.969 981975.914 981981.920 981987.023 981990.479 981992.254 981993.134 981994.328 981996.787 982000.588 982004.772 982007.726 982007.943 982004.776 981998.772 981991.437 981984.556 981979.410 981976.292 981974.513 981972.840 981970.108 981965.675 981959.573 981952.354 981944.835
981913.559 981913.245 981912.051 981909.399 981905.280 981900.360 981895.740 981892.468 981891.057 981891.281 981892.359 981893.437 981894.079 981894.505 981895.411 981897.512 981901.053 981905.603 981910.267 981914.187 981917.050 981919.299 981921.901 981925.802 981931.380 981938.216 981945.309 981951.628 981956.655 981960.631 981964.338 981968.572 981973.615 981979.037 981983.935 981987.480 981989.430 981990.293 981991.043 981992.528 981994.935 981997.621 981999.431 981999.336 981997.016 981993.087 981988.804 981985.438 981983.635 981983.109 981982.819 981981.492 981978.211 981972.768 981965.653 981957.759 981950.042
981911.506 981911.423 981910.551 981908.207 981904.315 981899.549 981895.082 981892.057 981891.051 981891.839 981893.573 981895.296 981896.477 981897.272 981898.367 981900.498 981903.942 981908.301 981912.709 981916.338 981918.926 981920.970 981923.479 981927.408 981933.090 981940.009 981947.045 981953.058 981957.480 981960.574 981963.221 981966.372 981970.481 981975.258 981979.867 981983.447 981985.624 981986.711 981987.480 981988.658 981990.460 981992.451 981993.835 981993.978 981992.867 981991.195 981990.006 981990.105 981991.544 981993.499 981994.602 981993.552 981989.682 981983.192 981974.984 981966.229 981957.968
981909.857 981909.915 981909.287 981907.254 981903.706 981899.304 981895.229 981892.636 981892.106 981893.395 981895.620 981897.782 981899.313 981900.343 981901.539 981903.627 981906.886 981910.943 981914.978 981918.241 981920.546 981922.447 981924.958 981928.978 981934.733 981941.591 981948.338 981953.801 981957.437 981959.589 981961.239 981963.441 981966.741 981970.926 981975.220 981978.788 981981.233 981982.788 981984.100 981985.777 981987.972 981990.304 981992.138 981993.069 981993.272 981993.487 981994.607 981997.103 982000.614 982003.961 982005.604 982004.303 981999.644 981992.154 981983.004 981973.489 981964.619
981908.490 981908.552 981908.058 981906.326 981903.246 981899.438 981896.008 981894.018 981893.968 981895.570 981897.953 981900.168 981901.716 981902.778 981904.029 981906.156 981909.389 981913.318 981917.135 981920.148 981922.244 981924.023 981926.481 981930.433 981935.995 981942.443 981948.545 981953.184 981955.937 981957.261 981958.217 981959.873 981962.752 981966.620 981970.719 981974.280 981976.981 981979.101 981981.260 981983.970 981987.263 981990.666 981993.526 981995.483 981996.774 981998.145 982000.401 982003.836 982007.891 982011.268 982012.449 982010.365 982004.851 981996.652 981987.034 981977.228 981968.074
981907.387 981907.285 981906.771 981905.269 981902.705 981899.634 981897.011 981895.710 981896.074 981897.753 981899.931 981901.813 981903.078 981904.040 981905.409 981907.806 981911.335 981915.471 981919.351 981922.294 981924.238 981925.816 981928.006 981931.553 981936.495 981942.085 981947.164 981950.779 981952.695 981953.508 981954.299 981956.040 981959.093 981963.084 981967.212 981970.781 981973.624 981976.164 981979.091 981982.868 981987.392 981992.027 981995.995 981998.872 982000.877 982002.741 982005.220 982008.543 982012.110 982014.671 982014.873 982011.892 982005.799 981997.462 981988.086 981978.680 981969.809
981906.564 981906.149 981905.458 981904.067 981901.966 981899.642 981897.857 981897.243 981897.941 981899.530 981901.286 981902.630 981903.490 981904.360 981905.986 981908.890 981912.990 981917.580 981921.690 981924.627 981926.369 981927.588 981929.253 981932.062 981936.020 981940.425 981944.272 981946.845 981948.143 981948.888 981950.120 981952.603 981956.413 981960.939 981965.282 981968.823 981971.593 981974.229 981977.554 981982.033 981987.450 981993.016 981997.819 982001.367 982003.853 982005.992 982008.502 982011.562 982014.567 982016.353 982015.767 982012.248 982006.086 981998.217 981989.706 981981.261 981973.112
