Code/MATLAB/Matlab_old/02 Fill Missing Data/data_grav_rasters/EGM2008_geoid.asc
ncols         159
nrows         172
xllcorner     32.4820794100
yllcorner     29.1707288100
cellsize      0.0259688
nodata_value  999
[rows 64 to 95 of 172, columns 0 to 70 of 159]
16.930 16.916 16.904 16.893 16.882 16.871 16.859 16.846 16.832 16.817 16.801 16.785 16.771 16.759 16.749 16.740 16.734 16.730 16.730 16.733 16.738 16.744 16.749 16.754 16.758 16.762 16.766 16.769 16.772 16.773 16.773 16.773 16.774 16.777 16.783 16.791 16.800 16.807 16.812 16.814 16.813 16.812 16.809 16.805 16.799 16.788 16.774 16.757 16.740 16.723 16.709 16.699 16.691 16.685 16.681 16.680 16.681 16.687 16.698 16.714 16.735 16.760 16.792 16.830 16.875 16.928 16.991 17.061 17.138 17.221 17.307
17.014 16.993 16.974 16.956 16.939 16.922 16.904 16.885 16.865 16.845 16.827 16.810 16.796 16.784 16.774 16.766 16.760 16.757 16.757 16.761 16.767 16.773 16.780 16.786 16.790 16.794 16.799 16.804 16.808 16.810 16.812 16.813 16.815 16.819 16.826 16.834 16.843 16.850 16.854 16.854 16.853 16.852 16.850 16.847 16.841 16.831 16.817 16.799 16.782 16.766 16.754 16.745 16.738 16.733 16.728 16.726 16.728 16.734 16.746 16.763 16.783 16.808 16.836 16.871 16.913 16.965 17.025 17.093 17.168 17.246 17.327
17.103 17.075 17.049 17.025 17.001 16.977 16.952 16.926 16.900 16.875 16.853 16.835 16.821 16.809 16.800 16.793 16.788 16.785 16.787 16.792 16.799 16.807 16.815 16.821 16.826 16.830 16.835 16.841 16.846 16.850 16.853 16.856 16.859 16.865 16.872 16.881 16.889 16.895 16.898 16.897 16.896 16.895 16.894 16.891 16.886 16.875 16.860 16.842 16.825 16.810 16.799 16.791 16.785 16.779 16.775 16.772 16.774 16.781 16.794 16.812 16.832 16.855 16.881 16.913 16.953 17.002 17.061 17.128 17.198 17.271 17.346
17.194 17.161 17.129 17.098 17.068 17.038 17.006 16.973 16.940 16.910 16.884 16.864 16.849 16.837 16.829 16.823 16.819 16.818 16.821 16.828 16.837 16.846 16.855 16.861 16.865 16.870 16.875 16.880 16.886 16.892 16.897 16.902 16.907 16.914 16.922 16.931 16.939 16.943 16.945 16.944 16.943 16.942 16.941 16.939 16.933 16.922 16.906 16.887 16.869 16.854 16.844 16.836 16.831 16.825 16.820 16.818 16.820 16.828 16.842 16.860 16.880 16.901 16.924 16.954 16.992 17.040 17.097 17.161 17.227 17.295 17.362
17.285 17.248 17.211 17.175 17.140 17.104 17.067 17.028 16.990 16.955 16.925 16.901 16.884 16.872 16.864 16.858 16.856 16.857 16.862 16.870 16.881 16.891 16.900 16.905 16.909 16.913 16.917 16.923 16.930 16.937 16.943 16.950 16.957 16.965 16.975 16.984 16.991 16.995 16.995 16.994 16.992 16.992 16.991 16.989 16.983 16.971 16.954 16.935 16.916 16.901 16.891 16.884 16.878 16.873 16.867 16.864 16.867 16.875 16.889 16.906 16.925 16.944 16.965 16.991 17.027 17.073 17.129 17.189 17.252 17.314 17.375
17.371 17.331 17.292 17.253 17.215 17.176 17.135 17.092 17.050 17.011 16.977 16.950 16.930 16.917 16.908 16.903 16.901 16.903 16.910 16.920 16.931 16.942 16.950 16.955 16.958 16.961 16.964 16.970 16.977 16.984 16.992 16.999 17.008 17.017 17.027 17.037 17.044 17.047 17.047 17.045 17.043 17.042 17.042 17.040 17.034 17.022 17.005 16.986 16.968 16.954 16.944 16.936 16.930 16.923 16.916 16.912 16.914 16.922 16.935 16.951 16.967 16.983 17.001 17.025 17.057 17.101 17.153 17.211 17.269 17.327 17.384
17.447 17.407 17.367 17.327 17.288 17.248 17.207 17.164 17.120 17.078 17.041 17.011 16.988 16.973 16.963 16.957 16.956 16.959 16.967 16.978 16.989 16.999 17.006 17.010 17.011 17.013 17.015 17.020 17.027 17.035 17.042 17.050 17.059 17.069 17.079 17.089 17.096 17.099 17.098 17.096 17.093 17.092 17.091 17.090 17.085 17.075 17.060 17.042 17.026 17.012 17.002 16.993 16.985 16.976 16.967 16.962 16.962 16.968 16.979 16.993 17.006 17.019 17.033 17.053 17.083 17.122 17.171 17.225 17.279 17.333 17.387
17.511 17.472 17.432 17.394 17.356 17.318 17.278 17.236 17.193 17.151 17.112 17.081 17.057 17.040 17.029 17.023 17.021 17.025 17.032 17.042 17.053 17.062 17.067 17.069 17.069 17.069 17.071 17.075 17.081 17.088 17.094 17.101 17.109 17.119 17.129 17.139 17.147 17.150 17.149 17.146 17.142 17.141 17.141 17.141 17.137 17.130 17.118 17.103 17.088 17.075 17.064 17.053 17.043 17.031 17.020 17.012 17.009 17.013 17.022 17.032 17.042 17.051 17.061 17.077 17.103 17.139 17.183 17.232 17.283 17.334 17.387
17.561 17.523 17.485 17.449 17.415 17.380 17.344 17.305 17.264 17.224 17.187 17.155 17.131 17.114 17.103 17.096 17.095 17.097 17.103 17.112 17.121 17.128 17.131 17.131 17.130 17.129 17.130 17.133 17.138 17.143 17.148 17.153 17.159 17.167 17.177 17.187 17.195 17.198 17.198 17.195 17.192 17.191 17.192 17.193 17.192 17.187 17.178 17.166 17.152 17.140 17.127 17.115 17.101 17.087 17.073 17.062 17.057 17.058 17.062 17.069 17.074 17.079 17.086 17.098 17.120 17.151 17.190 17.235 17.282 17.331 17.383
17.598 17.561 17.526 17.493 17.462 17.432 17.400 17.365 17.328 17.291 17.257 17.229 17.207 17.192 17.181 17.175 17.172 17.173 17.178 17.184 17.190 17.195 17.196 17.195 17.192 17.190 17.191 17.193 17.197 17.200 17.202 17.204 17.208 17.214 17.223 17.233 17.241 17.245 17.246 17.244 17.242 17.243 17.245 17.248 17.250 17.248 17.241 17.230 17.217 17.204 17.190 17.176 17.159 17.142 17.126 17.112 17.104 17.100 17.101 17.102 17.103 17.104 17.107 17.116 17.133 17.160 17.195 17.235 17.278 17.325 17.377
17.622 17.588 17.555 17.526 17.499 17.472 17.444 17.414 17.382 17.350 17.321 17.298 17.280 17.268 17.259 17.253 17.250 17.249 17.251 17.255 17.258 17.260 17.259 17.257 17.253 17.251 17.251 17.252 17.254 17.255 17.255 17.254 17.255 17.260 17.267 17.276 17.284 17.290 17.292 17.293 17.293 17.296 17.301 17.306 17.310 17.309 17.303 17.293 17.281 17.266 17.251 17.234 17.216 17.196 17.178 17.162 17.150 17.142 17.137 17.132 17.128 17.124 17.123 17.129 17.143 17.166 17.197 17.233 17.274 17.320 17.371
17.636 17.604 17.575 17.548 17.524 17.501 17.477 17.451 17.424 17.399 17.376 17.359 17.346 17.337 17.331 17.325 17.321 17.319 17.319 17.320 17.322 17.322 17.319 17.315 17.311 17.308 17.307 17.307 17.307 17.306 17.304 17.301 17.300 17.303 17.309 17.317 17.325 17.331 17.336 17.339 17.343 17.348 17.356 17.363 17.368 17.369 17.364 17.354 17.340 17.325 17.308 17.290 17.270 17.249 17.229 17.210 17.194 17.182 17.170 17.159 17.149 17.139 17.135 17.137 17.149 17.169 17.197 17.231 17.271 17.316 17.368
17.642 17.612 17.585 17.561 17.540 17.520 17.499 17.478 17.457 17.437 17.422 17.410 17.402 17.397 17.392 17.388 17.384 17.381 17.379 17.379 17.379 17.378 17.375 17.370 17.364 17.360 17.357 17.356 17.354 17.352 17.348 17.344 17.341 17.342 17.347 17.354 17.362 17.369 17.375 17.381 17.388 17.397 17.408 17.417 17.423 17.424 17.418 17.408 17.394 17.378 17.361 17.342 17.321 17.299 17.277 17.256 17.236 17.217 17.199 17.182 17.164 17.150 17.141 17.141 17.150 17.169 17.196 17.229 17.268 17.314 17.368
17.640 17.612 17.587 17.566 17.547 17.530 17.512 17.495 17.480 17.466 17.457 17.450 17.447 17.444 17.442 17.438 17.435 17.432 17.431 17.430 17.430 17.428 17.424 17.418 17.412 17.406 17.402 17.399 17.395 17.391 17.386 17.380 17.377 17.377 17.381 17.387 17.394 17.402 17.409 17.418 17.428 17.440 17.452 17.463 17.470 17.470 17.465 17.455 17.441 17.425 17.408 17.389 17.367 17.344 17.319 17.294 17.270 17.246 17.222 17.198 17.175 17.155 17.143 17.140 17.149 17.167 17.194 17.228 17.269 17.317 17.372
17.632 17.605 17.582 17.562 17.546 17.531 17.517 17.505 17.494 17.486 17.481 17.479 17.479 17.479 17.478 17.476 17.474 17.473 17.473 17.473 17.473 17.471 17.466 17.460 17.453 17.446 17.440 17.435 17.429 17.423 17.416 17.410 17.406 17.405 17.408 17.414 17.421 17.428 17.437 17.447 17.459 17.473 17.487 17.499 17.505 17.505 17.500 17.491 17.478 17.463 17.447 17.427 17.404 17.378 17.350 17.322 17.294 17.266 17.237 17.209 17.181 17.158 17.143 17.139 17.147 17.166 17.195 17.231 17.273 17.323 17.380
17.619 17.593 17.571 17.553 17.538 17.526 17.516 17.507 17.501 17.497 17.496 17.497 17.499 17.501 17.502 17.503 17.503 17.504 17.506 17.507 17.508 17.505 17.500 17.493 17.485 17.477 17.470 17.463 17.456 17.447 17.439 17.431 17.427 17.425 17.427 17.432 17.439 17.447 17.456 17.467 17.481 17.496 17.510 17.521 17.527 17.527 17.522 17.513 17.502 17.489 17.473 17.452 17.427 17.398 17.367 17.335 17.305 17.274 17.244 17.213 17.184 17.159 17.143 17.139 17.148 17.169 17.200 17.238 17.283 17.333 17.391
17.602 17.577 17.556 17.539 17.526 17.516 17.509 17.504 17.501 17.501 17.502 17.506 17.510 17.514 17.517 17.521 17.524 17.527 17.530 17.532 17.532 17.529 17.523 17.515 17.506 17.498 17.490 17.482 17.473 17.462 17.452 17.443 17.437 17.435 17.436 17.440 17.446 17.454 17.463 17.475 17.489 17.504 17.518 17.528 17.533 17.532 17.527 17.520 17.511 17.499 17.483 17.462 17.434 17.402 17.368 17.334 17.302 17.272 17.242 17.213 17.184 17.161 17.146 17.143 17.154 17.178 17.211 17.251 17.296 17.346 17.402
17.581 17.558 17.539 17.523 17.512 17.504 17.499 17.496 17.496 17.498 17.501 17.506 17.512 17.519 17.525 17.531 17.536 17.541 17.545 17.546 17.544 17.540 17.532 17.524 17.515 17.507 17.499 17.490 17.479 17.467 17.455 17.444 17.436 17.432 17.433 17.436 17.441 17.448 17.457 17.468 17.482 17.496 17.509 17.518 17.522 17.521 17.517 17.511 17.503 17.493 17.477 17.455 17.425 17.391 17.355 17.320 17.289 17.261 17.235 17.209 17.184 17.163 17.151 17.151 17.165 17.191 17.226 17.267 17.311 17.359 17.412
17.557 17.536 17.518 17.504 17.494 17.488 17.485 17.484 17.486 17.489 17.495 17.502 17.509 17.518 17.526 17.533 17.540 17.545 17.548 17.547 17.543 17.536 17.528 17.519 17.511 17.504 17.496 17.486 17.474 17.461 17.447 17.434 17.425 17.419 17.417 17.418 17.421 17.426 17.434 17.445 17.458 17.471 17.483 17.491 17.494 17.493 17.490 17.485 17.479 17.470 17.456 17.433 17.403 17.367 17.331 17.298 17.269 17.245 17.223 17.201 17.181 17.164 17.156 17.159 17.176 17.205 17.242 17.284 17.327 17.372 17.421
17.526 17.507 17.492 17.480 17.472 17.468 17.466 17.467 17.471 17.477 17.484 17.493 17.502 17.512 17.521 17.528 17.534 17.537 17.537 17.534 17.528 17.520 17.511 17.503 17.496 17.489 17.481 17.471 17.459 17.444 17.429 17.415 17.404 17.396 17.392 17.390 17.390 17.392 17.397 17.405 17.417 17.430 17.442 17.450 17.453 17.452 17.450 17.446 17.442 17.434 17.420 17.399 17.369 17.335 17.301 17.270 17.245 17.225 17.208 17.191 17.175 17.163 17.158 17.166 17.186 17.218 17.258 17.300 17.342 17.384 17.429
17.488 17.472 17.459 17.449 17.444 17.441 17.442 17.445 17.451 17.460 17.470 17.481 17.491 17.501 17.509 17.514 17.517 17.517 17.514 17.508 17.501 17.493 17.485 17.478 17.471 17.465 17.457 17.447 17.433 17.418 17.402 17.387 17.375 17.366 17.358 17.352 17.348 17.346 17.347 17.354 17.364 17.377 17.389 17.397 17.401 17.402 17.400 17.397 17.394 17.387 17.375 17.355 17.328 17.297 17.266 17.239 17.218 17.202 17.189 17.177 17.165 17.158 17.158 17.170 17.194 17.230 17.271 17.314 17.355 17.395 17.437
17.442 17.428 17.418 17.411 17.408 17.408 17.411 17.417 17.427 17.438 17.451 17.464 17.475 17.484 17.489 17.490 17.488 17.484 17.479 17.472 17.465 17.458 17.452 17.446 17.440 17.434 17.425 17.413 17.399 17.383 17.367 17.352 17.339 17.328 17.317 17.307 17.299 17.292 17.291 17.295 17.304 17.317 17.330 17.339 17.345 17.346 17.345 17.343 17.340 17.334 17.324 17.307 17.283 17.256 17.229 17.206 17.189 17.177 17.167 17.159 17.153 17.150 17.156 17.172 17.201 17.240 17.283 17.327 17.368 17.407 17.447
17.391 17.380 17.372 17.367 17.366 17.368 17.374 17.383 17.396 17.411 17.427 17.441 17.452 17.459 17.460 17.457 17.450 17.442 17.434 17.427 17.421 17.417 17.412 17.408 17.402 17.394 17.384 17.372 17.356 17.340 17.324 17.309 17.296 17.283 17.270 17.257 17.245 17.236 17.232 17.234 17.243 17.256 17.270 17.281 17.288 17.291 17.290 17.289 17.285 17.280 17.271 17.257 17.237 17.215 17.192 17.174 17.160 17.151 17.145 17.142 17.140 17.144 17.155 17.177 17.210 17.251 17.295 17.340 17.381 17.420 17.460
17.338 17.330 17.324 17.321 17.321 17.324 17.332 17.344 17.359 17.377 17.394 17.409 17.419 17.423 17.421 17.414 17.404 17.393 17.384 17.377 17.372 17.368 17.365 17.361 17.355 17.346 17.334 17.320 17.305 17.289 17.273 17.258 17.244 17.231 17.216 17.202 17.189 17.178 17.174 17.176 17.185 17.198 17.213 17.226 17.234 17.238 17.239 17.237 17.234 17.229 17.222 17.210 17.195 17.177 17.159 17.145 17.135 17.129 17.127 17.128 17.133 17.143 17.160 17.187 17.223 17.265 17.310 17.353 17.394 17.433 17.473
17.288 17.283 17.279 17.276 17.276 17.279 17.287 17.300 17.316 17.334 17.352 17.366 17.375 17.377 17.372 17.363 17.352 17.340 17.330 17.323 17.318 17.314 17.309 17.304 17.297 17.287 17.275 17.261 17.246 17.231 17.216 17.201 17.187 17.173 17.159 17.145 17.132 17.123 17.120 17.123 17.132 17.146 17.162 17.176 17.186 17.191 17.193 17.192 17.190 17.186 17.181 17.172 17.161 17.147 17.135 17.124 17.118 17.116 17.118 17.124 17.134 17.151 17.174 17.205 17.242 17.283 17.326 17.367 17.406 17.444 17.483
17.240 17.238 17.235 17.232 17.231 17.234 17.241 17.252 17.267 17.284 17.299 17.311 17.318 17.319 17.315 17.307 17.297 17.287 17.277 17.269 17.261 17.254 17.247 17.239 17.230 17.220 17.210 17.198 17.186 17.172 17.158 17.144 17.129 17.115 17.102 17.090 17.080 17.074 17.072 17.077 17.087 17.102 17.117 17.132 17.144 17.151 17.155 17.157 17.157 17.155 17.151 17.146 17.139 17.130 17.122 17.115 17.112 17.114 17.120 17.131 17.147 17.169 17.196 17.229 17.265 17.304 17.342 17.379 17.415 17.452 17.490
17.192 17.193 17.191 17.187 17.185 17.186 17.191 17.201 17.214 17.226 17.238 17.246 17.251 17.253 17.251 17.248 17.243 17.236 17.228 17.218 17.206 17.194 17.182 17.171 17.161 17.153 17.146 17.138 17.130 17.119 17.106 17.093 17.079 17.065 17.053 17.044 17.037 17.034 17.036 17.042 17.053 17.066 17.082 17.097 17.110 17.120 17.127 17.132 17.135 17.136 17.135 17.133 17.130 17.125 17.121 17.119 17.119 17.124 17.133 17.148 17.169 17.194 17.223 17.256 17.290 17.324 17.357 17.389 17.421 17.455 17.493
17.140 17.142 17.139 17.135 17.133 17.134 17.139 17.147 17.157 17.165 17.171 17.176 17.179 17.183 17.187 17.191 17.193 17.192 17.185 17.173 17.158 17.140 17.123 17.110 17.100 17.095 17.092 17.090 17.086 17.079 17.069 17.056 17.043 17.030 17.020 17.013 17.010 17.010 17.013 17.020 17.030 17.043 17.057 17.072 17.087 17.100 17.110 17.118 17.124 17.128 17.131 17.132 17.132 17.131 17.131 17.131 17.135 17.142 17.155 17.173 17.195 17.222 17.251 17.282 17.312 17.341 17.368 17.396 17.425 17.457 17.493
17.079 17.080 17.078 17.074 17.073 17.077 17.084 17.093 17.100 17.105 17.107 17.108 17.110 17.116 17.127 17.139 17.150 17.155 17.151 17.140 17.121 17.099 17.079 17.064 17.056 17.054 17.056 17.059 17.060 17.057 17.049 17.038 17.026 17.014 17.006 17.001 17.000 17.002 17.007 17.014 17.023 17.034 17.047 17.062 17.077 17.092 17.105 17.115 17.123 17.130 17.135 17.138 17.141 17.143 17.146 17.149 17.156 17.166 17.180 17.199 17.223 17.249 17.277 17.304 17.330 17.354 17.378 17.402 17.428 17.458 17.494
17.010 17.010 17.007 17.006 17.009 17.017 17.029 17.041 17.049 17.052 17.051 17.049 17.051 17.060 17.076 17.096 17.114 17.126 17.127 17.117 17.098 17.076 17.055 17.041 17.035 17.036 17.042 17.049 17.053 17.052 17.047 17.038 17.027 17.018 17.011 17.008 17.008 17.011 17.016 17.022 17.030 17.040 17.053 17.067 17.082 17.097 17.110 17.121 17.131 17.138 17.144 17.149 17.153 17.158 17.163 17.169 17.178 17.190 17.206 17.226 17.249 17.273 17.298 17.322 17.344 17.365 17.386 17.408 17.432 17.461 17.496
16.938 16.936 16.934 16.936 16.945 16.960 16.978 16.995 17.006 17.009 17.007 17.004 17.006 17.017 17.037 17.063 17.087 17.105 17.110 17.104 17.089 17.069 17.051 17.040 17.036 17.039 17.047 17.055 17.061 17.062 17.059 17.052 17.044 17.036 17.031 17.029 17.030 17.033 17.037 17.044 17.051 17.061 17.073 17.086 17.100 17.114 17.126 17.136 17.144 17.151 17.157 17.162 17.168 17.174 17.182 17.190 17.201 17.215 17.232 17.251 17.273 17.295 17.317 17.337 17.356 17.375 17.394 17.415 17.439 17.467 17.501
16.871 16.869 16.869 16.875 16.890 16.911 16.936 16.958 16.972 16.978 16.976 16.974 16.977 16.989 17.011 17.039 17.067 17.088 17.099 17.098 17.088 17.075 17.063 17.056 17.055 17.060 17.067 17.075 17.081 17.083 17.081 17.076 17.070 17.065 17.061 17.059 17.060 17.063 17.068 17.075 17.084 17.094 17.105 17.117 17.129 17.140 17.149 17.157 17.163 17.169 17.175 17.181 17.188 17.195 17.204 17.214 17.226 17.242 17.259 17.278 17.297 17.316 17.334 17.350 17.367 17.384 17.402 17.423 17.447 17.475 17.508
