Code/MATLAB/Matlab_old/02 Fill Missing Data/data_grav_rasters/EGM2008_gravitation_ell.asc
ncols         159
nrows         172
xllcorner     32.4820794100
yllcorner     29.1707288100
cellsize      0.0259688
nodata_value  9999999
[rows 0 to 24 of 172, columns 57 to 113 of 159]
981929.121 981928.978 981929.880 981931.540 981933.329 981934.582 981934.893 981934.267 981933.064 981931.778 981930.794 981930.231 981929.951 981929.701 981929.289 981928.695 981928.055 981927.558 981927.316 981927.291 981927.326 981927.248 981926.974 981926.566 981926.205 981926.100 981926.393 981927.103 981928.135 981929.328 981930.519 981931.601 981932.547 981933.425 981934.387 981935.635 981937.354 981939.615 981942.294 981945.054 981947.433 981949.050 981949.832 981950.170 981950.873 981952.915 981957.055 981963.507 981971.830 981981.111 981990.373 981998.995 982006.921 982014.566 982022.449 982030.817 982039.470
981930.380 981930.588 981931.579 981933.049 981934.457 981935.298 981935.339 981934.702 981933.755 981932.892 981932.326 981932.006 981931.702 981931.183 981930.377 981929.423 981928.580 981928.061 981927.894 981927.907 981927.835 981927.497 981926.927 981926.383 981926.217 981926.690 981927.822 981929.375 981930.972 981932.283 981933.187 981933.817 981934.472 981935.462 981936.950 981938.895 981941.084 981943.252 981945.196 981946.853 981948.312 981949.777 981951.524 981953.850 981957.037 981961.297 981966.708 981973.166 981980.376 981987.920 981995.382 982002.473 982009.106 982015.379 982021.492 982027.672 982034.163
981931.735 981932.215 981933.206 981934.398 981935.363 981935.784 981935.616 981935.080 981934.513 981934.155 981934.009 981933.852 981933.392 981932.472 981931.192 981929.878 981928.905 981928.474 981928.496 981928.636 981928.521 981927.981 981927.187 981926.596 981926.720 981927.839 981929.826 981932.176 981934.248 981935.580 981936.128 981936.274 981936.625 981937.688 981939.596 981942.043 981944.447 981946.259 981947.270 981947.742 981948.321 981949.766 981952.639 981957.104 981962.907 981969.525 981976.400 981983.119 981989.492 981995.488 982001.117 982006.340 982011.061 982015.239 982019.048 982023.020 982028.057
981933.250 981933.888 981934.831 981935.752 981936.318 981936.375 981936.031 981935.577 981935.298 981935.286 981935.368 981935.201 981934.484 981933.166 981931.516 981930.014 981929.098 981928.919 981929.255 981929.623 981929.572 981928.963 981928.099 981927.599 981928.081 981929.808 981932.500 981935.431 981937.769 981938.986 981939.133 981938.814 981938.872 981939.933 981942.073 981944.758 981947.126 981948.459 981948.608 981948.148 981948.185 981949.886 981953.980 981960.452 981968.571 981977.223 981985.363 981992.371 981998.147 982002.941 982007.047 982010.570 982013.415 982015.524 982017.232 982019.512 982023.930
981935.046 981935.806 981936.742 981937.494 981937.781 981937.556 981937.023 981936.510 981936.263 981936.282 981936.304 981935.954 981934.976 981933.422 981931.674 981930.273 981929.639 981929.834 981930.518 981931.124 981931.185 981930.625 981929.851 981929.572 981930.425 981932.609 981935.719 981938.896 981941.229 981942.211 981942.001 981941.354 981941.225 981942.267 981944.471 981947.152 981949.315 981950.214 981949.821 981948.958 981949.007 981951.318 981956.615 981964.661 981974.368 981984.253 981993.036 982000.056 982005.345 982009.353 982012.520 982014.987 982016.620 982017.370 982017.742 982019.079 982023.386
981937.219 981938.140 981939.159 981939.875 981940.022 981939.600 981938.852 981938.117 981937.624 981937.357 981937.070 981936.444 981935.307 981933.783 981932.269 981931.250 981931.040 981931.590 981932.493 981933.195 981933.304 981932.841 981932.273 981932.298 981933.473 981935.885 981939.046 981942.082 981944.148 981944.848 981944.449 981943.750 981943.675 981944.782 981946.953 981949.450 981951.315 981951.926 981951.430 981950.794 981951.456 981954.690 981961.029 981970.000 981980.305 981990.369 981998.953 982005.551 982010.383 982014.028 982016.954 982019.229 982020.617 982021.024 982021.016 982022.072 982026.300
981939.720 981940.817 981941.949 981942.699 981942.806 981942.272 981941.334 981940.310 981939.424 981938.701 981937.990 981937.097 981935.956 981934.714 981933.689 981933.205 981933.399 981934.115 981934.960 981935.502 981935.517 981935.148 981934.865 981935.243 981936.654 981939.036 981941.869 981944.398 981945.986 981946.439 981946.112 981945.734 981946.032 981947.345 981949.432 981951.598 981953.088 981953.552 981953.344 981953.479 981955.229 981959.566 981966.688 981975.892 981985.847 981995.139 982002.817 982008.673 982013.124 982016.801 982020.083 982022.887 982024.832 982025.730 982026.081 982027.255 982031.129
981942.310 981943.463 981944.595 981945.325 981945.418 981944.868 981943.858 981942.645 981941.427 981940.279 981939.177 981938.090 981937.061 981936.230 981935.774 981935.793 981936.222 981936.826 981937.301 981937.436 981937.241 981936.981 981937.064 981937.839 981939.405 981941.523 981943.706 981945.433 981946.406 981946.694 981946.710 981946.998 981947.946 981949.571 981951.501 981953.177 981954.186 981954.564 981954.900 981956.154 981959.272 981964.753 981972.386 981981.293 981990.269 981998.263 982004.758 982009.880 982014.175 982018.197 982022.138 982025.727 982028.474 982030.132 982031.101 982032.499 982035.759
981944.672 981945.613 981946.490 981947.030 981947.069 981946.598 981945.715 981944.555 981943.234 981941.839 981940.464 981939.239 981938.327 981937.862 981937.874 981938.232 981938.680 981938.941 981938.853 981938.471 981938.065 981937.998 981938.553 981939.778 981941.443 981943.134 981944.450 981945.198 981945.492 981945.698 981946.247 981947.405 981949.124 981951.045 981952.682 981953.692 981954.108 981954.420 981955.439 981957.996 981962.593 981969.177 981977.126 981985.475 981993.284 981999.976 982005.501 982010.238 982014.708 982019.231 982023.728 982027.773 982030.888 982032.915 982034.252 982035.768 982038.399
981946.612 981947.033 981947.363 981947.501 981947.407 981947.084 981946.523 981945.685 981944.531 981943.097 981941.550 981940.173 981939.266 981938.991 981939.269 981939.781 981940.112 981939.961 981939.319 981938.500 981938.004 981938.258 981939.379 981941.085 981942.816 981944.007 981944.384 981944.122 981943.765 981943.957 981945.101 981947.136 981949.545 981951.606 981952.771 981952.983 981952.775 981953.097 981954.934 981958.907 981965.013 981972.635 981980.798 981988.559 981995.343 982001.086 982006.135 982010.971 982015.895 982020.847 982025.435 982029.165 982031.755 982033.349 982034.510 982035.968 982038.207
981948.202 981947.919 981947.511 981947.083 981946.762 981946.588 981946.445 981946.087 981945.270 981943.919 981942.231 981940.626 981939.557 981939.265 981939.626 981940.189 981940.410 981939.962 981938.949 981937.888 981937.453 981938.103 981939.789 981941.934 981943.697 981944.407 981943.936 981942.803 981941.933 981942.182 981943.878 981946.624 981949.479 981951.437 981951.974 981951.375 981950.674 981951.220 981954.085 981959.595 981967.209 981975.784 981984.089 981991.310 981997.299 982002.487 982007.507 982012.773 982018.213 982023.301 982027.353 982029.932 982031.126 982031.557 982032.091 982033.400 982035.582
981949.738 981948.791 981947.635 981946.584 981945.944 981945.822 981946.025 981946.114 981945.633 981944.370 981942.515 981940.606 981939.254 981938.815 981939.173 981939.795 981940.027 981939.490 981938.335 981937.202 981936.883 981937.854 981939.952 981942.389 981944.136 981944.466 981943.388 981941.688 981940.555 981940.955 981943.100 981946.292 981949.268 981950.869 981950.699 981949.422 981948.517 981949.622 981953.773 981960.924 981969.990 981979.373 981987.695 981994.359 981999.674 982004.506 982009.667 982015.387 982021.152 982025.983 982029.003 982029.955 982029.409 982028.514 982028.428 982029.727 982032.101
981951.500 981950.126 981948.386 981946.757 981945.716 981945.468 981945.796 981946.134 981945.852 981944.611 981942.576 981940.364 981938.724 981938.125 981938.491 981939.235 981939.607 981939.144 981937.984 981936.820 981936.514 981937.575 981939.800 981942.311 981943.994 981944.114 981942.773 981940.906 981939.818 981940.475 981942.935 981946.271 981949.039 981950.077 981949.212 981947.480 981946.718 981948.710 981954.329 981963.101 981973.436 981983.382 981991.521 981997.536 982002.177 982006.666 982011.897 982017.864 982023.644 982027.926 982029.781 982029.248 982027.391 982025.782 982025.685 982027.387 982030.045
981953.495 981951.998 981949.917 981947.824 981946.333 981945.765 981945.948 981946.277 981946.027 981944.765 981942.611 981940.210 981938.389 981937.701 981938.106 981938.991 981939.525 981939.165 981937.997 981936.716 981936.229 981937.098 981939.158 981941.543 981943.147 981943.258 981942.007 981940.355 981939.580 981940.544 981943.153 981946.337 981948.617 981948.961 981947.475 981945.526 981945.180 981948.223 981955.269 981965.420 981976.670 981986.847 981994.604 981999.933 982003.965 982008.164 982013.410 982019.449 982025.045 982028.724 982029.680 982028.332 982026.174 982024.996 982025.880 982028.544 982031.440
981955.356 981953.967 981951.778 981949.376 981947.454 981946.448 981946.288 981946.420 981946.108 981944.861 981942.735 981940.333 981938.483 981937.765 981938.171 981939.095 981939.677 981939.323 981938.066 981936.578 981935.783 981936.296 981938.032 981940.204 981941.771 981942.047 981941.143 981939.942 981939.591 981940.798 981943.342 981946.114 981947.721 981947.348 981945.382 981943.424 981943.626 981947.653 981955.820 981966.871 981978.541 981988.609 981995.905 982000.732 982004.493 982008.746 982014.237 982020.445 982025.915 982029.171 982029.681 982028.294 982026.853 982027.162 982029.863 982033.887 982036.863
981956.514 981955.329 981953.214 981950.689 981948.453 981947.027 981946.473 981946.355 981945.992 981944.867 981942.944 981940.718 981938.939 981938.167 981938.432 981939.188 981939.625 981939.157 981937.786 981936.140 981935.113 981935.343 981936.807 981938.820 981940.419 981940.948 981940.466 981939.727 981939.708 981940.970 981943.221 981945.409 981946.318 981945.370 981943.173 981941.431 981942.231 981947.022 981955.833 981967.181 981978.738 981988.424 981995.351 982000.107 982004.237 982009.215 982015.511 982022.284 982027.900 982030.976 982031.337 982030.282 982029.941 982032.025 982036.642 982041.907 982044.666
981956.519 981955.539 981953.643 981951.206 981948.857 981947.153 981946.283 981945.966 981945.620 981944.721 981943.124 981941.164 981939.458 981938.526 981938.455 981938.831 981938.975 981938.374 981937.020 981935.459 981934.494 981934.713 981936.114 981938.087 981939.756 981940.498 981940.325 981939.862 981939.940 981941.019 981942.818 981944.420 981944.824 981943.667 981941.663 981940.470 981941.967 981947.317 981956.314 981967.398 981978.381 981987.496 981994.221 981999.396 982004.582 982011.011 982018.743 982026.543 982032.583 982035.579 982035.703 982034.673 982034.880 982037.958 982043.595 982049.291 982051.358
981955.300 981954.517 981952.964 981950.818 981948.567 981946.757 981945.683 981945.229 981944.937 981944.293 981943.042 981941.339 981939.650 981938.449 981937.918 981937.826 981937.687 981937.097 981936.028 981934.904 981934.363 981934.871 981936.400 981938.398 981940.082 981940.888 981940.805 981940.371 981940.314 981941.061 981942.415 981943.643 981943.968 981943.175 981941.968 981941.803 981944.236 981950.100 981959.003 981969.439 981979.511 981987.888 981994.456 982000.274 982006.838 982015.046 982024.490 982033.505 982040.037 982042.839 982042.334 982040.557 982040.119 982042.677 982047.749 982052.594 982053.379
981953.179 981952.617 981951.488 981949.753 981947.723 981945.895 981944.656 981944.053 981943.768 981943.318 981942.352 981940.860 981939.162 981937.702 981936.767 981936.330 981936.103 981935.780 981935.285 981934.866 981934.953 981935.859 981937.521 981939.461 981941.017 981941.715 981941.552 981941.006 981940.743 981941.202 981942.311 981943.552 981944.352 981944.581 981944.826 981946.231 981949.940 981956.438 981965.182 981974.792 981983.735 981991.150 981997.321 982003.494 982011.079 982020.668 982031.443 982041.379 982048.207 982050.643 982049.202 982046.057 982043.939 982044.592 982047.624 982050.448 982049.485
981950.634 981950.306 981949.585 981948.226 981946.374 981944.477 981943.004 981942.162 981941.778 981941.423 981940.679 981939.399 981937.783 981936.248 981935.177 981934.706 981934.699 981934.892 981935.112 981935.412 981936.017 981937.124 981938.686 981940.357 981941.637 981942.159 981941.927 981941.351 981941.033 981941.429 981942.610 981944.278 981946.047 981947.824 981950.013 981953.387 981958.646 981965.923 981974.551 981983.295 981990.974 981997.143 982002.416 982008.184 982015.806 982025.691 982036.807 982046.960 982053.774 982055.897 982053.762 982049.446 982045.604 982044.015 982044.506 982044.911 982042.179
981947.976 981947.809 981947.333 981946.151 981944.292 981942.180 981940.364 981939.196 981938.643 981938.333 981937.814 981936.837 981935.510 981934.218 981933.394 981933.268 981933.762 981934.582 981935.425 981936.163 981936.883 981937.763 981938.873 981940.070 981941.043 981941.513 981941.444 981941.120 981941.035 981941.646 981943.166 981945.518 981948.498 981952.029 981956.308 981961.721 981968.538 981976.575 981985.072 981992.936 981999.279 982003.966 982007.823 982012.317 982018.796 982027.657 982037.919 982047.498 982054.112 982056.378 982054.527 982050.291 982045.990 982043.255 982042.076 982040.760 982036.869
981945.184 981944.980 981944.467 981943.184 981941.112 981938.676 981936.498 981935.039 981934.365 981934.156 981933.940 981933.404 981932.587 981931.839 981931.593 981932.088 981933.217 981934.590 981935.765 981936.493 981936.831 981937.057 981937.462 981938.151 981938.987 981939.712 981940.158 981940.404 981940.787 981941.758 981943.681 981946.719 981950.851 981956.003 981962.152 981969.307 981977.348 981985.842 981994.002 982000.904 982005.910 982009.082 982011.317 982014.057 982018.626 982025.530 982034.070 982042.551 982049.018 982052.173 982051.998 982049.707 982047.037 982045.224 982044.234 982042.716 982038.748
981942.000 981941.490 981940.660 981939.067 981936.702 981934.010 981931.642 981930.103 981929.497 981929.521 981929.695 981929.674 981929.463 981929.382 981929.836 981931.010 981932.708 981934.418 981935.585 981935.914 981935.537 981934.931 981934.658 981935.058 981936.096 981937.432 981938.667 981939.620 981940.468 981941.689 981943.852 981947.390 981952.459 981958.955 981966.592 981974.991 981983.684 981992.080 981999.480 982005.221 982008.940 982010.839 982011.763 982012.983 982015.707 982020.541 982027.168 982034.453 982040.958 982045.616 982048.212 982049.394 982050.178 982051.218 982052.252 982052.074 982049.099
981938.223 981937.202 981935.911 981933.990 981931.473 981928.803 981926.595 981925.311 981925.018 981925.395 981925.956 981926.366 981926.639 981927.095 981928.107 981929.791 981931.846 981933.650 981934.578 981934.359 981933.264 981932.005 981931.382 981931.893 981933.490 981935.644 981937.674 981939.148 981940.154 981941.301 981943.449 981947.331 981953.248 981960.973 981969.865 981979.093 981987.855 981995.500 982001.571 982005.826 982008.293 982009.338 982009.679 982010.268 982012.019 982015.488 982020.658 982026.957 982033.544 982039.704 982045.159 982050.081 982054.801 982059.358 982063.164 982065.018 982063.526
981933.974 981932.415 981930.731 981928.673 981926.316 981924.053 981922.396 981921.678 981921.870 981922.604 981923.409 981924.001 981924.454 981925.124 981926.379 981928.280 981930.444 981932.172 981932.818 981932.176 981930.665 981929.184 981928.682 981929.685 981932.020 981934.910 981937.406 981938.919 981939.596 981940.319 981942.329 981946.665 981953.691 981962.917 981973.190 981983.127 981991.574 981997.900 982002.052 982004.405 982005.545 982006.099 982006.651 982007.716 982009.713 982012.908 982017.359 982022.906 982029.252 982036.100 982043.254 982050.613 982058.014 982065.022 982070.782 982074.090 982073.697
