Code/MATLAB/Matlab_old/02 Fill Missing Data/data_grav_rasters/EGM2008_gravitation_ell.asc
ncols         159
nrows         172
xllcorner     32.4820794100
yllcorner     29.1707288100
cellsize      0.0259688
nodata_value  9999999
[rows 0 to 24 of 172, columns 0 to 56 of 159]
982016.974 982021.664 982025.973 982029.905 982033.287 982035.784 982037.022 982036.727 982034.830 982031.461 982026.862 982021.258 982014.780 982007.485 981999.452 981990.905 981982.260 981974.079 981966.905 981961.094 981956.695 981953.453 981950.928 981948.661 981946.314 981943.719 981940.848 981937.735 981934.429 981930.985 981927.507 981924.176 981921.229 981918.884 981917.243 981916.239 981915.674 981915.330 981915.100 981915.053 981915.394 981916.316 981917.844 981919.759 981921.665 981923.173 981924.104 981924.595 981925.038 981925.860 981927.271 981929.109 981930.889 981932.031 981932.170 981931.367 981930.115
982013.930 982018.140 982021.948 982025.466 982028.620 982031.121 982032.555 982032.540 982030.865 982027.549 982022.795 982016.883 982010.068 982002.545 981994.486 981986.121 981977.800 981969.973 981963.097 981957.508 981953.313 981950.364 981948.312 981946.718 981945.165 981943.329 981941.010 981938.127 981934.715 981930.936 981927.066 981923.469 981920.502 981918.404 981917.206 981916.716 981916.609 981916.576 981916.479 981916.402 981916.592 981917.288 981918.556 981920.207 981921.869 981923.173 981923.948 981924.331 981924.693 981925.438 981926.763 981928.524 981930.284 981931.528 981931.938 981931.573 981930.859
982010.485 982014.084 982017.112 982019.824 982022.305 982024.390 982025.706 982025.817 982024.395 982021.330 982016.747 982010.924 982004.189 981996.833 981989.100 981981.217 981973.454 981966.141 981959.635 981954.247 981950.151 981947.329 981945.564 981944.481 981943.627 981942.546 981940.868 981938.376 981935.062 981931.149 981927.053 981923.289 981920.319 981918.406 981917.529 981917.399 981917.593 981917.744 981917.694 981917.549 981917.589 981918.092 981919.160 981920.642 981922.203 981923.501 981924.369 981924.906 981925.416 981926.228 981927.492 981929.077 981930.622 981931.730 981932.187 981932.085 981931.787
982006.507 982009.473 982011.650 982013.423 982015.043 982016.498 982017.502 982017.619 982016.438 982013.734 982009.532 982004.076 981997.727 981990.845 981983.726 981976.589 981969.620 981963.015 981957.014 981951.872 981947.810 981944.935 981943.185 981942.300 981941.853 981941.322 981940.210 981938.177 981935.146 981931.342 981927.250 981923.469 981920.526 981918.705 981917.964 981917.979 981918.297 981918.545 981918.572 981918.492 981918.584 981919.118 981920.197 981921.691 981923.312 981924.762 981925.892 981926.767 981927.599 981928.604 981929.849 981931.191 981932.352 981933.078 981933.296 981933.177 981933.055
982002.042 982004.488 982005.981 982006.968 982007.817 982008.645 982009.265 982009.277 982008.237 982005.842 982002.043 981997.044 981991.220 981984.983 981978.669 981972.485 981966.527 981960.846 981955.528 981950.733 981946.676 981943.565 981941.494 981940.366 981939.857 981939.473 981938.673 981937.032 981934.395 981930.934 981927.111 981923.523 981920.703 981918.940 981918.207 981918.212 981918.556 981918.914 981919.166 981919.411 981919.867 981920.730 981922.042 981923.673 981925.382 981926.956 981928.305 981929.492 981930.656 981931.891 981933.154 981934.267 981935.009 981935.261 981935.103 981934.807 981934.711
981997.339 981999.493 982000.635 982001.184 982001.532 982001.860 982002.065 982001.812 982000.687 981998.378 981994.808 981990.168 981984.849 981979.301 981973.885 981968.787 981964.008 981959.441 981954.990 981950.668 981946.637 981943.156 981940.467 981938.661 981937.596 981936.899 981936.076 981934.680 981932.483 981929.563 981926.282 981923.147 981920.627 981918.993 981918.255 981918.208 981918.567 981919.108 981919.752 981920.555 981921.624 981923.009 981924.647 981926.376 981928.022 981929.491 981930.812 981932.101 981933.464 981934.893 981936.232 981937.238 981937.711 981937.631 981937.201 981936.783 981936.731
981992.654 981994.781 981995.949 981996.453 981996.601 981996.566 981996.303 981995.573 981994.058 981991.516 981987.908 981983.446 981978.537 981973.650 981969.150 981965.186 981961.660 981958.306 981954.837 981951.099 981947.158 981943.284 981939.839 981937.108 981935.165 981933.827 981932.719 981931.431 981929.688 981927.455 981924.944 981922.510 981920.505 981919.152 981918.494 981918.437 981918.841 981919.603 981920.693 981922.111 981923.824 981925.710 981927.574 981929.222 981930.553 981931.624 981932.624 981933.770 981935.174 981936.756 981938.257 981939.356 981939.839 981939.726 981939.289 981938.941 981939.040
981988.037 981990.348 981991.827 981992.574 981992.740 981992.430 981991.638 981990.246 981988.093 981985.075 981981.246 981976.856 981972.318 981968.080 981964.475 981961.598 981959.256 981957.052 981954.538 981951.409 981947.631 981943.460 981939.341 981935.721 981932.881 981930.834 981929.358 981928.115 981926.812 981925.317 981923.689 981922.112 981920.795 981919.884 981919.434 981919.443 981919.904 981920.835 981922.254 981924.117 981926.265 981928.426 981930.293 981931.651 981932.482 981932.992 981933.529 981934.416 981935.790 981937.524 981939.275 981940.650 981941.396 981941.531 981941.333 981941.211 981941.502
981983.320 981985.881 981987.764 981988.861 981989.136 981988.602 981987.283 981985.200 981982.382 981978.898 981974.911 981970.702 981966.645 981963.118 981960.376 981958.441 981957.051 981955.730 981953.944 981951.301 981947.703 981943.390 981938.849 981934.631 981931.156 981928.590 981926.837 981925.637 981924.712 981923.875 981923.074 981922.353 981921.788 981921.431 981921.312 981921.471 981921.989 981922.972 981924.487 981926.477 981928.716 981930.845 981932.501 981933.472 981933.815 981933.848 981934.027 981934.740 981936.132 981938.038 981940.061 981941.762 981942.860 981943.347 981943.466 981943.570 981943.945
981978.301 981980.995 981983.165 981984.537 981984.912 981984.219 981982.513 981979.949 981976.740 981973.117 981969.327 981965.637 981962.325 981959.638 981957.715 981956.494 981955.682 981954.801 981953.331 981950.887 981947.375 981943.036 981938.369 981933.951 981930.248 981927.484 981925.628 981924.480 981923.800 981923.409 981923.218 981923.201 981923.336 981923.582 981923.903 981924.313 981924.912 981925.848 981927.236 981929.047 981931.062 981932.923 981934.275 981934.938 981935.012 981934.864 981934.973 981935.722 981937.223 981939.277 981941.471 981943.369 981944.698 981945.435 981945.770 981945.969 981946.231
981972.984 981975.556 981977.756 981979.221 981979.652 981978.921 981977.112 981974.485 981971.391 981968.170 981965.094 981962.357 981960.089 981958.363 981957.172 981956.383 981955.713 981954.759 981953.107 981950.479 981946.854 981942.508 981937.926 981933.647 981930.084 981927.423 981925.621 981924.505 981923.891 981923.666 981923.790 981924.245 981924.966 981925.825 981926.685 981927.471 981928.230 981929.111 981930.264 981931.729 981933.362 981934.880 981935.987 981936.541 981936.656 981936.669 981937.001 981937.959 981939.592 981941.675 981943.819 981945.652 981946.963 981947.749 981948.144 981948.307 981948.325
981967.697 981969.878 981971.842 981973.226 981973.699 981973.105 981971.543 981969.331 981966.885 981964.580 981962.651 981961.173 981960.103 981959.330 981958.713 981958.066 981957.151 981955.692 981953.440 981950.284 981946.329 981941.907 981937.488 981933.529 981930.328 981927.957 981926.302 981925.183 981924.480 981924.186 981924.375 981925.100 981926.296 981927.764 981929.238 981930.515 981931.543 981932.436 981933.380 981934.505 981935.782 981937.036 981938.049 981938.707 981939.093 981939.467 981940.142 981941.316 981942.969 981944.873 981946.705 981948.207 981949.276 981949.956 981950.342 981950.475 981950.301
981962.984 981964.638 981966.236 981967.478 981968.044 981967.772 981966.750 981965.296 981963.821 981962.670 981962.001 981961.762 981961.756 981961.730 981961.443 981960.693 981959.303 981957.128 981954.091 981950.251 981945.846 981941.276 981937.002 981933.395 981930.621 981928.614 981927.157 981926.044 981925.207 981924.759 981924.910 981925.809 981927.413 981929.458 981931.553 981933.349 981934.691 981935.657 981936.475 981937.372 981938.438 981939.594 981940.674 981941.558 981942.269 981942.972 981943.873 981945.083 981946.545 981948.055 981949.387 981950.412 981951.149 981951.705 981952.146 981952.395 981952.249
981959.359 981960.586 981961.905 981963.094 981963.862 981964.037 981963.675 981963.048 981962.518 981962.361 981962.656 981963.261 981963.888 981964.215 981963.969 981962.961 981961.075 981958.259 981954.555 981950.139 981945.348 981940.642 981936.484 981933.192 981930.826 981929.202 981928.006 981926.993 981926.132 981925.629 981925.805 981926.894 981928.869 981931.404 981933.997 981936.184 981937.735 981938.728 981939.454 981940.237 981941.260 981942.492 981943.759 981944.885 981945.814 981946.632 981947.488 981948.472 981949.539 981950.544 981951.347 981951.923 981952.386 981952.894 981953.494 981954.022 981954.135
981957.074 981958.189 981959.498 981960.825 981961.899 981962.527 981962.726 981962.707 981962.765 981963.116 981963.786 981964.604 981965.276 981965.498 981965.033 981963.733 981961.521 981958.378 981954.376 981949.722 981944.791 981940.078 981936.065 981933.059 981931.075 981929.856 981929.021 981928.283 981927.617 981927.276 981927.643 981928.993 981931.289 981934.149 981936.985 981939.270 981940.764 981941.596 981942.159 981942.876 981943.981 981945.425 981946.954 981948.284 981949.267 981949.949 981950.494 981951.049 981951.643 981952.193 981952.608 981952.899 981953.208 981953.718 981954.478 981955.288 981955.729
981956.010 981957.409 981959.015 981960.654 981962.046 981962.986 981963.461 981963.641 981963.775 981964.045 981964.466 981964.894 981965.098 981964.861 981964.032 981962.521 981960.265 981957.215 981953.385 981948.930 981944.197 981939.685 981935.909 981933.207 981931.608 981930.836 981930.473 981930.191 981929.941 981929.977 981930.688 981932.344 981934.877 981937.846 981940.615 981942.644 981943.744 981944.158 981944.414 981945.036 981946.279 981948.019 981949.859 981951.361 981952.282 981952.665 981952.758 981952.835 981953.035 981953.324 981953.592 981953.797 981954.032 981954.471 981955.198 981956.061 981956.661
981955.748 981957.702 981959.777 981961.748 981963.323 981964.302 981964.679 981964.629 981964.393 981964.148 981963.926 981963.633 981963.130 981962.313 981961.137 981959.574 981957.558 981954.972 981951.719 981947.841 981943.610 981939.509 981936.087 981933.741 981932.552 981932.263 981932.437 981932.709 981932.989 981933.496 981934.597 981936.533 981939.194 981942.094 981944.565 981946.086 981946.557 981946.362 981946.182 981946.647 981948.019 981950.071 981952.232 981953.891 981954.710 981954.753 981954.395 981954.075 981954.053 981954.316 981954.672 981954.935 981955.085 981955.263 981955.629 981956.170 981956.612
981955.729 981958.241 981960.703 981962.825 981964.309 981964.993 981964.935 981964.359 981963.538 981962.658 981961.763 981960.793 981959.677 981958.409 981957.038 981955.598 981954.019 981952.112 981949.658 981946.571 981943.029 981939.486 981936.516 981934.582 981933.823 981934.014 981934.708 981935.500 981936.256 981937.162 981938.565 981940.688 981943.396 981946.171 981948.319 981949.332 981949.180 981948.371 981947.728 981947.983 981949.412 981951.699 981954.111 981955.877 981956.573 981956.292 981955.544 981954.933 981954.834 981955.232 981955.804 981956.177 981956.172 981955.891 981955.600 981955.490 981955.496
981955.457 981958.242 981960.783 981962.731 981963.805 981963.922 981963.236 981962.062 981960.717 981959.391 981958.106 981956.789 981955.383 981953.935 981952.565 981951.368 981950.286 981949.086 981947.456 981945.198 981942.403 981939.483 981937.027 981935.543 981935.217 981935.843 981936.960 981938.126 981939.171 981940.273 981941.793 981943.982 981946.718 981949.470 981951.509 981952.296 981951.805 981950.599 981949.593 981949.607 981950.956 981953.286 981955.763 981957.498 981957.997 981957.378 981956.259 981955.387 981955.233 981955.769 981956.545 981956.996 981956.781 981955.961 981954.908 981954.037 981953.520
981954.649 981957.265 981959.497 981960.964 981961.419 981960.870 981959.584 981957.961 981956.356 981954.938 981953.667 981952.402 981951.051 981949.668 981948.426 981947.483 981946.826 981946.221 981945.305 981943.801 981941.723 981939.435 981937.519 981936.501 981936.593 981937.588 981939.001 981940.355 981941.462 981942.516 981943.946 981946.084 981948.876 981951.804 981954.091 981955.107 981954.736 981953.493 981952.307 981952.063 981953.145 981955.237 981957.491 981958.971 981959.137 981958.111 981956.573 981955.368 981955.043 981955.572 981956.416 981956.863 981956.440 981955.161 981953.479 981951.988 981951.058
981953.329 981955.371 981957.017 981957.873 981957.727 981956.655 981955.005 981953.233 981951.701 981950.524 981949.576 981948.620 981947.502 981946.268 981945.137 981944.345 981943.955 981943.769 981943.412 981942.551 981941.129 981939.449 981938.067 981937.506 981937.981 981939.280 981940.888 981942.290 981943.285 981944.105 981945.273 981947.254 981950.112 981953.378 981956.228 981957.895 981958.086 981957.166 981955.993 981955.477 981956.102 981957.667 981959.404 981960.405 981960.112 981958.621 981956.614 981954.975 981954.301 981954.599 981955.307 981955.641 981955.044 981953.482 981951.435 981949.587 981948.427
981951.823 981953.076 981954.082 981954.441 981953.945 981952.692 981951.045 981949.462 981948.269 981947.514 981946.981 981946.349 981945.412 981944.221 981943.054 981942.240 981941.936 981942.002 981942.066 981941.747 981940.909 981939.785 981938.885 981938.723 981939.521 981941.065 981942.816 981944.221 981945.050 981945.559 981946.364 981948.078 981950.920 981954.517 981958.026 981960.539 981961.540 981961.169 981960.142 981959.355 981959.397 981960.242 981961.285 981961.704 981960.947 981959.048 981956.622 981954.524 981953.374 981953.234 981953.594 981953.681 981952.912 981951.208 981949.012 981947.010 981945.718
981950.647 981951.122 981951.632 981951.768 981951.289 981950.250 981948.962 981947.823 981947.096 981946.759 981946.533 981946.050 981945.094 981943.747 981942.362 981941.364 981941.004 981941.200 981941.582 981941.712 981941.368 981940.698 981940.163 981940.276 981941.287 981943.009 981944.896 981946.351 981947.086 981947.334 981947.753 981949.086 981951.720 981955.423 981959.395 981962.633 981964.410 981964.621 981963.791 981962.759 981962.209 981962.312 981962.668 981962.590 981961.533 981959.442 981956.798 981954.358 981952.727 981952.032 981951.870 981951.558 981950.540 981948.700 981946.411 981944.284 981942.797
981950.305 981950.153 981950.374 981950.545 981950.369 981949.812 981949.083 981948.484 981948.196 981948.149 981948.037 981947.499 981946.343 981944.702 981943.000 981941.747 981941.269 981941.526 981942.139 981942.612 981942.628 981942.252 981941.900 981942.101 981943.168 981944.977 981947.006 981948.613 981949.417 981949.555 981949.655 981950.524 981952.705 981956.144 981960.161 981963.744 981966.027 981966.680 981966.025 981964.807 981963.769 981963.260 981963.095 981962.735 981961.653 981959.678 981957.110 981954.551 981952.548 981951.288 981950.502 981949.649 981948.247 981946.166 981943.689 981941.325 981939.485
981951.051 981950.441 981950.494 981950.786 981950.970 981950.914 981950.713 981950.564 981950.580 981950.666 981950.530 981949.846 981948.468 981946.570 981944.619 981943.169 981942.591 981942.871 981943.624 981944.305 981944.517 981944.245 981943.872 981943.956 981944.899 981946.681 981948.839 981950.701 981951.767 981952.015 981951.952 981952.368 981953.915 981956.733 981960.329 981963.787 981966.194 981967.062 981966.518 981965.184 981963.808 981962.874 981962.389 981961.959 981961.079 981959.466 981957.221 981954.759 981952.536 981950.778 981949.356 981947.890 981946.002 981943.569 981940.795 981938.085 981935.786
