Code/MATLAB/Matlab_old/02 Fill Missing Data/data_grav_rasters/EGM2008_gravity_ell.asc
ncols         159
nrows         172
xllcorner     32.4820794100
yllcorner     29.1707288100
cellsize      0.0259688
nodata_value  9999999
[rows 25 to 49 of 172, columns 57 to 113 of 159]
979538.568 979536.631 979534.783 979532.878 979531.001 979529.456 979528.590 979528.568 979529.238 979530.191 979530.996 979531.460 979531.753 979532.298 979533.477 979535.325 979537.409 979539.000 979539.468 979538.677 979537.157 979535.901 979535.886 979537.547 979540.514 979543.769 979546.186 979547.177 979547.113 979547.274 979549.330 979554.584 979563.331 979574.657 979586.746 979597.560 979605.569 979610.224 979611.995 979612.029 979611.626 979611.789 979613.011 979615.321 979618.495 979622.291 979626.585 979631.401 979636.840 979643.000 979649.888 979657.346 979664.988 979672.147 979677.885 979681.099 979680.736
979533.582 979531.529 979529.766 979528.227 979526.980 979526.214 979526.105 979526.653 979527.607 979528.551 979529.125 979529.245 979529.181 979529.417 979530.350 979531.997 979533.910 979535.365 979535.772 979535.059 979533.803 979533.003 979533.556 979535.743 979538.992 979542.121 979543.963 979544.080 979543.184 979543.000 979545.582 979552.384 979563.504 979577.487 979591.784 979603.686 979611.311 979614.227 979613.465 979610.982 979608.834 979608.453 979610.293 979613.933 979618.494 979623.134 979627.390 979631.270 979635.104 979639.294 979644.078 979649.398 979654.867 979659.835 979663.480 979664.939 979663.447
979529.659 979527.695 979526.146 979524.996 979524.282 979524.088 979524.450 979525.256 979526.213 979526.946 979527.184 979526.943 979526.558 979526.527 979527.227 979528.654 979530.357 979531.656 979532.018 979531.423 979530.456 979530.055 979530.992 979533.385 979536.526 979539.181 979540.270 979539.596 979538.220 979538.226 979541.912 979550.732 979564.493 979581.195 979597.643 979610.588 979617.902 979619.301 979616.315 979611.580 979607.770 979606.667 979608.704 979613.114 979618.498 979623.521 979627.406 979630.072 979631.943 979633.593 979635.426 979637.500 979639.540 979641.053 979641.469 979640.255 979636.987
979526.777 979524.964 979523.592 979522.678 979522.233 979522.261 979522.715 979523.438 979524.162 979524.590 979524.546 979524.106 979523.605 979523.488 979524.063 979525.286 979526.726 979527.769 979527.972 979527.368 979526.529 979526.307 979527.349 979529.661 979532.489 979534.660 979535.259 979534.322 979533.148 979533.989 979539.163 979549.976 979565.924 979584.612 979602.466 979615.989 979623.011 979623.427 979619.105 979613.055 979608.242 979606.564 979608.379 979612.706 979617.894 979622.407 979625.363 979626.668 979626.777 979626.292 979625.623 979624.847 979623.764 979622.058 979619.443 979615.728 979610.813
979524.523 979522.795 979521.477 979520.608 979520.175 979520.132 979520.395 979520.817 979521.200 979521.343 979521.150 979520.709 979520.293 979520.234 979520.737 979521.713 979522.775 979523.415 979523.306 979522.542 979521.679 979521.480 979522.488 979524.655 979527.268 979529.289 979529.984 979529.543 979529.315 979531.464 979538.106 979550.281 979567.252 979586.494 979604.454 979617.783 979624.534 979624.806 979620.569 979614.793 979610.273 979608.676 979610.163 979613.671 979617.621 979620.670 979622.164 979622.172 979621.176 979619.662 979617.849 979615.645 979612.806 979609.134 979604.594 979599.299 979593.409
979522.393 979520.663 979519.319 979518.411 979517.896 979517.686 979517.675 979517.749 979517.790 979517.696 979517.427 979517.055 979516.753 979516.721 979517.057 979517.652 979518.198 979518.330 979517.857 979516.939 979516.102 979516.008 979517.108 979519.333 979522.060 979524.415 979525.824 979526.521 979527.724 979531.295 979538.970 979551.478 979567.979 979586.128 979602.801 979615.191 979621.817 979622.981 979620.508 979616.895 979614.297 979613.786 979615.180 979617.449 979619.389 979620.235 979619.900 979618.805 979617.472 979616.140 979614.635 979612.506 979609.333 979604.974 979599.623 979593.670 979587.478
979520.152 979518.417 979517.092 979516.218 979515.706 979515.409 979515.191 979514.961 979514.673 979514.310 979513.884 979513.442 979513.070 979512.853 979512.819 979512.880 979512.843 979512.509 979511.823 979510.997 979510.488 979510.832 979512.359 979514.978 979518.158 979521.193 979523.638 979525.705 979528.374 979533.096 979541.154 979552.984 979567.776 979583.601 979598.053 979609.129 979615.953 979619.002 979619.742 979619.874 979620.563 979622.024 979623.640 979624.494 979623.984 979622.201 979619.854 979617.838 979616.702 979616.325 979615.977 979614.712 979611.857 979607.312 979601.534 979595.222 979588.944
979518.014 979516.375 979515.203 979514.504 979514.124 979513.840 979513.471 979512.933 979512.241 979511.458 979510.651 979509.868 979509.143 979508.496 979507.931 979507.415 979506.890 979506.317 979505.758 979505.430 979505.685 979506.877 979509.180 979512.443 979516.209 979519.923 979523.265 979526.426 979530.163 979535.532 979543.404 979553.975 979566.539 979579.669 979591.756 979601.646 979609.067 979614.607 979619.264 979623.805 979628.283 979631.990 979633.872 979633.190 979630.051 979625.504 979621.124 979618.289 979617.526 979618.264 979619.135 979618.638 979615.834 979610.712 979604.062 979596.975 979590.281
979516.515 979515.107 979514.181 979513.698 979513.433 979513.095 979512.466 979511.475 979510.199 979508.784 979507.366 979506.021 979504.770 979503.610 979502.548 979501.620 979500.881 979500.421 979500.372 979500.919 979502.270 979504.569 979507.801 979511.722 979515.915 979519.963 979523.688 979527.325 979531.506 979537.022 979544.439 979553.781 979564.434 979575.389 979585.687 979594.867 979603.125 979611.094 979619.318 979627.722 979635.381 979640.798 979642.583 979640.214 979634.478 979627.309 979621.050 979617.471 979617.014 979618.636 979620.328 979620.060 979616.661 979610.248 979601.995 979593.449 979585.771
979516.150 979515.027 979514.282 979513.833 979513.416 979512.718 979511.530 979509.829 979507.768 979505.584 979503.483 979501.579 979499.891 979498.404 979497.129 979496.136 979495.552 979495.537 979496.249 979497.817 979500.303 979503.660 979507.688 979512.046 979516.329 979520.239 979523.756 979527.230 979531.301 979536.654 979543.693 979552.315 979561.928 979571.734 979581.140 979590.085 979599.041 979608.648 979619.137 979629.864 979639.257 979645.311 979646.446 979642.344 979634.321 979624.966 979617.178 979612.988 979612.729 979614.947 979617.105 979616.725 979612.447 979604.487 979594.357 979584.026 979575.004
979516.983 979516.060 979515.254 979514.462 979513.442 979511.941 979509.831 979507.187 979504.262 979501.369 979498.764 979496.569 979494.788 979493.372 979492.304 979491.645 979491.534 979492.140 979493.615 979496.034 979499.364 979503.430 979507.914 979512.398 979516.485 979519.958 979522.933 979525.901 979529.601 979534.742 979541.679 979550.227 979559.720 979569.347 979578.575 979587.451 979596.542 979606.510 979617.497 979628.659 979638.180 979643.855 979644.037 979638.520 979628.887 979618.069 979609.261 979604.641 979604.488 979607.119 979609.670 979609.365 979604.661 979595.768 979584.349 979572.625 979562.380
979518.484 979517.578 979516.398 979514.859 979512.813 979510.145 979506.889 979503.260 979499.608 979496.292 979493.559 979491.495 979490.045 979489.101 979488.595 979488.544 979489.050 979490.250 979492.265 979495.145 979498.830 979503.122 979507.684 979512.084 979515.929 979519.031 979521.570 979524.128 979527.547 979532.616 979539.716 979548.609 979558.510 979568.441 979577.715 979586.281 979594.702 979603.725 979613.636 979623.740 979632.325 979637.219 979636.743 979630.628 979620.407 979609.010 979599.688 979594.714 979594.460 979597.281 979600.277 979600.551 979596.381 979587.799 979576.342 979564.209 979553.283
979519.696 979518.631 979516.866 979514.362 979511.110 979507.197 979502.858 979498.462 979494.430 979491.104 979488.659 979487.084 979486.239 979485.957 979486.128 979486.728 979487.805 979489.440 979491.703 979494.637 979498.218 979502.328 979506.714 979511.009 979514.833 979517.968 979520.551 979523.141 979526.606 979531.792 979539.136 979548.393 979558.675 979568.807 979577.874 979585.653 979592.683 979599.873 979607.826 979616.230 979623.690 979628.169 979627.901 979622.338 979612.652 979601.476 979591.938 979586.412 979585.548 979588.051 979591.290 979592.444 979589.640 979582.566 979572.357 979560.898 979549.965
979519.651 979518.361 979516.020 979512.636 979508.345 979503.442 979498.364 979493.613 979489.629 979486.678 979484.796 979483.840 979483.588 979483.854 979484.540 979485.629 979487.133 979489.058 979491.401 979494.173 979497.411 979501.134 979505.264 979509.570 979513.709 979517.394 979520.612 979523.769 979527.634 979533.049 979540.504 979549.802 979560.032 979569.898 979578.305 979584.887 979590.176 979595.284 979601.201 979608.077 979614.891 979619.743 979620.683 979616.709 979608.417 979597.940 979588.176 979581.625 979579.373 979580.717 979583.546 979585.303 979584.015 979578.962 979570.706 979560.614 979550.188
979517.797 979516.362 979513.672 979509.751 979504.844 979499.415 979494.067 979489.393 979485.810 979483.454 979482.189 979481.734 979481.819 979482.304 979483.190 979484.538 979486.360 979488.573 979491.050 979493.719 979496.641 979499.983 979503.883 979508.308 979512.996 979517.582 979521.842 979525.925 979530.397 979536.018 979543.320 979552.214 979561.871 979570.999 979578.428 979583.706 979587.371 979590.705 979595.035 979600.920 979607.669 979613.478 979616.176 979614.253 979607.658 979597.966 979587.795 979579.760 979575.427 979574.769 979576.316 979577.892 979577.528 979574.144 979567.734 979559.109 979549.430
979514.219 979512.808 979510.099 979506.077 979501.028 979495.523 979490.287 979485.972 979482.951 979481.217 979480.461 979480.276 979480.384 979480.757 979481.572 979483.030 979485.174 979487.823 979490.669 979493.484 979496.286 979499.352 979503.048 979507.576 979512.805 979518.323 979523.688 979528.751 979533.813 979539.503 979546.386 979554.525 979563.268 979571.438 979577.883 979582.100 979584.598 979586.725 979590.003 979595.275 979602.104 979608.778 979612.975 979612.792 979607.642 979598.602 979588.004 979578.496 979572.002 979569.058 979568.773 979569.376 979569.008 979566.394 979561.138 979553.621 979544.713
979509.533 979508.315 979505.873 979502.092 979497.229 979491.907 979486.941 979483.043 979480.556 979479.358 979478.983 979478.916 979478.891 979479.016 979479.670 979481.228 979483.782 979487.046 979490.502 979493.709 979496.581 979499.460 979502.918 979507.405 979512.960 979519.167 979525.406 979531.237 979536.693 979542.256 979548.526 979555.744 979563.489 979570.767 979576.485 979580.086 979581.969 979583.404 979585.941 979590.560 979597.020 979603.770 979608.518 979609.217 979604.991 979596.570 979586.004 979575.826 979568.052 979563.491 979561.608 979560.957 979559.877 979557.118 979552.165 979545.221 979536.995
979504.549 979503.627 979501.604 979498.220 979493.651 979488.542 979483.794 979480.205 979478.137 979477.392 979477.378 979477.478 979477.414 979477.399 979477.991 979479.722 979482.740 979486.668 979490.790 979494.452 979497.447 979500.150 979503.305 979507.592 979513.219 979519.796 979526.562 979532.835 979538.407 979543.639 979549.169 979555.426 979562.241 979568.817 979574.130 979577.537 979579.242 979580.309 979582.163 979585.807 979591.171 979596.964 979601.149 979601.834 979598.143 979590.639 979581.096 979571.748 979564.381 979559.703 979557.239 979555.719 979553.724 979550.239 979544.919 979538.044 979530.322
979499.909 979499.307 979497.724 979494.735 979490.420 979485.432 979480.773 979477.360 979475.620 979475.328 979475.788 979476.269 979476.433 979476.532 979477.231 979479.178 979482.571 979486.985 979491.566 979495.511 979498.526 979501.014 979503.850 979507.889 979513.466 979520.201 979527.213 979533.624 979539.042 979543.740 979548.418 979553.692 979559.633 979565.635 979570.735 979574.188 979575.961 979576.839 979578.031 979580.486 979584.284 979588.466 979591.417 979591.636 979588.472 979582.473 979575.145 979568.271 979563.132 979560.019 979558.243 979556.571 979553.838 979549.403 979543.299 979536.080 979528.560
979495.892 979495.579 979494.386 979491.736 979487.618 979482.699 979478.081 979474.811 979473.402 979473.628 979474.709 979475.789 979476.434 979476.861 979477.768 979479.870 979483.411 979487.962 979492.626 979496.545 979499.407 979501.655 979504.255 979508.155 979513.731 979520.566 979527.658 979533.974 979538.998 979542.970 979546.672 979550.901 979555.940 979561.358 979566.254 979569.797 979571.745 979572.607 979573.355 979574.839 979577.244 979579.928 979581.738 979581.644 979579.329 979575.406 979571.132 979567.775 979565.979 979565.460 979565.174 979563.848 979560.566 979555.121 979548.004 979540.108 979532.390
979492.452 979492.370 979491.499 979489.156 979485.266 979480.502 979476.037 979473.014 979472.011 979472.801 979474.538 979476.263 979477.445 979478.241 979479.338 979481.469 979484.913 979489.272 979493.678 979497.307 979499.893 979501.935 979504.443 979508.371 979514.051 979520.968 979528.001 979534.012 979538.430 979541.519 979544.162 979547.309 979551.414 979556.187 979560.794 979564.372 979566.549 979567.636 979568.405 979569.583 979571.384 979573.376 979574.761 979574.908 979573.802 979572.136 979570.955 979571.062 979572.508 979574.469 979575.575 979574.526 979570.654 979564.162 979555.952 979547.195 979538.932
979489.417 979489.475 979488.848 979486.817 979483.271 979478.871 979474.798 979472.208 979471.681 979472.971 979475.199 979477.362 979478.894 979479.925 979481.122 979483.210 979486.469 979490.525 979494.560 979497.821 979500.125 979502.024 979504.533 979508.551 979514.304 979521.159 979527.903 979533.361 979536.994 979539.142 979540.788 979542.986 979546.283 979550.466 979554.758 979558.325 979560.770 979562.325 979563.639 979565.317 979567.514 979569.848 979571.685 979572.621 979572.829 979573.049 979574.175 979576.677 979580.192 979583.542 979585.186 979583.885 979579.224 979571.732 979562.580 979553.064 979544.191
979486.663 979486.726 979486.233 979484.502 979481.425 979477.620 979474.192 979472.205 979472.157 979473.761 979476.144 979478.360 979479.909 979480.972 979482.223 979484.351 979487.583 979491.512 979495.328 979498.340 979500.435 979502.211 979504.667 979508.616 979514.175 979520.620 979526.717 979531.352 979534.101 979535.422 979536.375 979538.029 979540.905 979544.772 979548.870 979552.430 979555.132 979557.252 979559.413 979562.126 979565.422 979568.829 979571.693 979573.654 979574.948 979576.324 979578.584 979582.021 979586.079 979589.456 979590.637 979588.552 979583.036 979574.836 979565.216 979555.409 979546.254
979484.175 979484.073 979483.560 979482.060 979479.498 979476.430 979473.809 979472.511 979472.877 979474.557 979476.736 979478.618 979479.883 979480.845 979482.214 979484.612 979488.141 979492.278 979496.157 979499.098 979501.040 979502.616 979504.803 979508.347 979513.285 979518.870 979523.944 979527.555 979529.468 979530.278 979531.067 979532.808 979535.860 979539.850 979543.978 979547.547 979550.390 979552.931 979555.860 979559.639 979564.166 979568.806 979572.777 979575.658 979577.666 979579.533 979582.015 979585.339 979588.907 979591.467 979591.668 979588.685 979582.591 979574.254 979564.877 979555.472 979546.600
979481.968 979481.552 979480.862 979479.472 979477.373 979475.051 979473.270 979472.658 979473.358 979474.948 979476.704 979478.047 979478.908 979479.777 979481.405 979484.309 979488.409 979492.999 979497.109 979500.044 979501.784 979502.999 979504.661 979507.466 979511.420 979515.820 979519.663 979522.232 979523.527 979524.270 979525.501 979527.985 979531.796 979536.322 979540.665 979544.206 979546.976 979549.613 979552.939 979557.419 979562.839 979568.408 979573.214 979576.765 979579.254 979581.396 979583.908 979586.970 979589.975 979591.761 979591.174 979587.655 979581.492 979573.623 979565.112 979556.667 979548.518
