Code/MATLAB/Matlab_old/02 Fill Missing Data/data_grav_rasters/EGM2008_gravity_ell.asc
ncols         159
nrows         172
xllcorner     32.4820794100
yllcorner     29.1707288100
cellsize      0.0259688
nodata_value  9999999
[rows 25 to 49 of 172, columns 0 to 56 of 159]
979561.594 979560.640 979560.505 979560.798 979561.154 979561.378 979561.476 979561.562 979561.704 979561.811 979561.631 979560.885 979559.456 979557.522 979555.537 979554.049 979553.436 979553.709 979554.499 979555.242 979555.493 979555.172 979554.624 979554.436 979555.103 979556.736 979558.969 979561.136 979562.624 979563.215 979563.220 979563.326 979564.227 979566.233 979569.079 979572.025 979574.212 979575.066 979574.553 979573.149 979571.554 979570.326 979569.622 979569.183 979568.546 979567.337 979565.482 979563.210 979560.874 979558.719 979556.739 979554.709 979552.363 979549.594 979546.542 979543.519 979540.824
979562.264 979561.043 979560.632 979560.709 979560.945 979561.132 979561.230 979561.308 979561.420 979561.503 979561.355 979560.737 979559.529 979557.859 979556.104 979554.750 979554.160 979554.379 979555.091 979555.774 979555.968 979555.542 979554.785 979554.278 979554.587 979555.959 979558.161 979560.586 979562.553 979563.659 979563.985 979564.042 979564.482 979565.732 979567.744 979569.998 979571.759 979572.441 979571.886 979570.421 979568.655 979567.161 979566.198 979565.629 979565.054 979564.061 979562.450 979560.302 979557.880 979555.436 979553.060 979550.655 979548.047 979545.139 979542.010 979538.890 979536.031
979562.610 979561.232 979560.517 979560.243 979560.157 979560.081 979559.969 979559.876 979559.868 979559.923 979559.895 979559.575 979558.811 979557.634 979556.294 979555.176 979554.612 979554.702 979555.236 979555.784 979555.917 979555.452 979554.589 979553.841 979553.796 979554.812 979556.820 979559.337 979561.693 979563.357 979564.189 979564.479 979564.763 979565.503 979566.819 979568.405 979569.689 979570.126 979569.481 979567.940 979565.998 979564.194 979562.850 979561.933 979561.127 979560.034 979558.396 979556.206 979553.663 979551.026 979548.453 979545.938 979543.364 979540.621 979537.715 979534.788 979532.047
979562.060 979560.717 979559.826 979559.268 979558.878 979558.528 979558.181 979557.891 979557.742 979557.764 979557.875 979557.896 979557.634 979557.007 979556.115 979555.217 979554.614 979554.483 979554.758 979555.150 979555.288 979554.937 979554.160 979553.338 979553.004 979553.593 979555.208 979557.553 979560.059 979562.155 979563.525 979564.237 979564.651 979565.184 979566.049 979567.119 979567.986 979568.182 979567.436 979565.820 979563.707 979561.578 979559.777 979558.356 979557.092 979555.641 979553.743 979551.358 979548.660 979545.917 979543.334 979540.959 979538.689 979536.374 979533.934 979531.416 979528.971
979560.446 979559.379 979558.567 979557.971 979557.500 979557.064 979556.626 979556.228 979555.969 979555.931 979556.105 979556.359 979556.483 979556.291 979555.736 979554.957 979554.219 979553.782 979553.745 979553.985 979554.210 979554.129 979553.640 979552.928 979552.407 979552.534 979553.573 979555.452 979557.781 979560.037 979561.803 979562.948 979563.636 979564.180 979564.816 979565.540 979566.091 979566.094 979565.276 979563.625 979561.408 979559.032 979556.836 979554.934 979553.185 979551.312 979549.087 979546.471 979543.637 979540.869 979538.401 979536.305 979534.467 979532.680 979530.769 979528.691 979526.548
979558.048 979557.451 979556.969 979556.612 979556.337 979556.066 979555.741 979555.371 979555.052 979554.911 979555.021 979555.324 979555.623 979555.672 979555.301 979554.532 979553.592 979552.807 979552.435 979552.521 979552.865 979553.134 979553.056 979552.595 979551.998 979551.693 979552.067 979553.267 979555.121 979557.218 979559.113 979560.528 979561.449 979562.061 979562.579 979563.072 979563.395 979563.263 979562.419 979560.800 979558.587 979556.117 979553.714 979551.523 979549.466 979547.321 979544.891 979542.146 979539.263 979536.538 979534.227 979532.411 979530.956 979529.600 979528.092 979526.320 979524.354
979555.414 979555.327 979555.272 979555.288 979555.362 979555.415 979555.346 979555.113 979554.784 979554.516 979554.463 979554.657 979554.958 979555.094 979554.810 979554.021 979552.892 979551.786 979551.084 979550.985 979551.394 979551.968 979552.301 979552.154 979551.596 979550.978 979550.753 979551.243 979552.473 979554.171 979555.914 979557.347 979558.323 979558.919 979559.315 979559.619 979559.767 979559.540 979558.703 979557.159 979555.028 979552.599 979550.181 979547.942 979545.839 979543.682 979541.280 979538.594 979535.789 979533.163 979530.986 979529.350 979528.117 979526.992 979525.680 979524.032 979522.113
979553.035 979553.312 979553.567 979553.870 979554.241 979554.605 979554.818 979554.774 979554.489 979554.124 979553.895 979553.932 979554.170 979554.354 979554.169 979553.430 979552.221 979550.890 979549.893 979549.553 979549.893 979550.608 979551.229 979551.375 979550.957 979550.226 979549.632 979549.589 979550.256 979551.480 979552.889 979554.108 979554.927 979555.366 979555.580 979555.699 979555.699 979555.396 979554.556 979553.056 979550.983 979548.608 979546.248 979544.101 979542.151 979540.211 979538.063 979535.625 979533.024 979530.544 979528.464 979526.901 979525.737 979524.680 979523.424 979521.815 979519.926
979551.071 979551.452 979551.755 979552.102 979552.574 979553.118 979553.562 979553.727 979553.558 979553.186 979552.860 979552.793 979553.008 979553.291 979553.295 979552.744 979551.618 979550.204 979548.973 979548.340 979548.445 979549.074 979549.780 979550.123 979549.908 979549.279 979548.627 979548.364 979548.699 979549.542 979550.576 979551.450 979551.962 979552.130 979552.117 979552.061 979551.944 979551.571 979550.680 979549.119 979546.965 979544.509 979542.118 979540.042 979538.297 979536.683 979534.929 979532.874 979530.579 979528.293 979526.309 979524.783 979523.643 979522.632 979521.458 979519.967 979518.234
979549.275 979549.516 979549.615 979549.776 979550.163 979550.768 979551.403 979551.814 979551.855 979551.595 979551.287 979551.204 979551.458 979551.897 979552.171 979551.932 979551.046 979549.701 979548.331 979547.395 979547.140 979547.476 979548.045 979548.435 979548.407 979548.018 979547.564 979547.385 979547.655 979548.291 979549.013 979549.521 979549.671 979549.532 979549.297 979549.111 979548.926 979548.496 979547.502 979545.757 979543.344 979540.613 979538.015 979535.886 979534.287 979533.002 979531.687 979530.082 979528.161 979526.130 979524.292 979522.859 979521.825 979520.986 979520.067 979518.902 979517.525
979547.154 979547.144 979546.944 979546.853 979547.122 979547.792 979548.655 979549.381 979549.722 979549.666 979549.444 979549.378 979549.668 979550.245 979550.787 979550.902 979550.353 979549.211 979547.831 979546.665 979546.032 979545.963 979546.227 979546.495 979546.545 979546.385 979546.214 979546.265 979546.633 979547.195 979547.687 979547.868 979547.675 979547.254 979546.845 979546.592 979546.400 979545.946 979544.838 979542.849 979540.081 979536.959 979534.044 979531.771 979530.255 979529.265 979528.383 979527.245 979525.732 979524.007 979522.389 979521.152 979520.367 979519.884 979519.435 979518.808 979517.953
979544.261 979544.062 979543.678 979543.481 979543.785 979544.654 979545.847 979546.955 979547.630 979547.781 979547.618 979547.505 979547.734 979548.333 979549.041 979549.455 979549.264 979548.426 979547.191 979545.960 979545.069 979544.634 979544.537 979544.552 979544.514 979544.422 979544.415 979544.632 979545.079 979545.582 979545.876 979545.770 979545.276 979544.617 979544.077 979543.800 979543.643 979543.207 979542.032 979539.857 979536.805 979533.367 979530.202 979527.832 979526.417 979525.714 979525.241 979524.545 979523.431 979522.027 979520.673 979519.703 979519.263 979519.249 979519.390 979519.399 979519.106
979540.460 979540.264 979539.953 979539.930 979540.518 979541.758 979543.360 979544.843 979545.784 979546.043 979545.823 979545.538 979545.566 979546.035 979546.758 979547.356 979547.478 979546.998 979546.062 979544.988 979544.076 979543.464 979543.095 979542.825 979542.554 979542.313 979542.226 979542.389 979542.754 979543.108 979543.178 979542.801 979542.038 979541.162 979540.491 979540.170 979540.031 979539.633 979538.473 979536.274 979533.164 979529.674 979526.507 979524.227 979523.013 979522.609 979522.494 979522.162 979521.374 979520.242 979519.123 979518.401 979518.281 979518.697 979519.369 979519.937 979520.105
979535.993 979536.037 979536.080 979536.499 979537.567 979539.263 979541.239 979542.968 979544.001 979544.199 979543.791 979543.239 979542.989 979543.240 979543.868 979544.530 979544.876 979544.738 979544.195 979543.479 979542.820 979542.308 979541.883 979541.426 979540.887 979540.343 979539.954 979539.831 979539.926 979540.018 979539.829 979539.194 979538.185 979537.088 979536.233 979535.777 979535.565 979535.164 979534.082 979532.041 979529.163 979525.959 979523.104 979521.139 979520.221 979520.087 979520.213 979520.096 979519.496 979518.525 979517.548 979516.968 979517.021 979517.674 979518.649 979519.548 979519.982
979531.338 979531.819 979532.413 979533.418 979535.012 979537.092 979539.266 979541.005 979541.907 979541.891 979541.240 979540.456 979540.001 979540.087 979540.607 979541.247 979541.690 979541.788 979541.608 979541.338 979541.126 979540.977 979540.760 979540.321 979539.613 979538.760 979537.984 979537.460 979537.191 979536.980 979536.547 979535.708 979534.500 979533.180 979532.070 979531.350 979530.917 979530.410 979529.398 979527.630 979525.201 979522.543 979520.230 979518.706 979518.077 979518.083 979518.249 979518.135 979517.549 979516.612 979515.670 979515.100 979515.131 979515.749 979516.713 979517.645 979518.130
979526.931 979527.964 979529.175 979530.758 979532.777 979535.049 979537.168 979538.671 979539.263 979538.978 979538.172 979537.352 979536.931 979537.048 979537.547 979538.118 979538.500 979538.627 979538.633 979538.717 979538.983 979539.336 979539.532 979539.326 979538.634 979537.597 979536.503 979535.619 979535.026 979534.579 979534.003 979533.073 979531.763 979530.264 979528.870 979527.785 979526.989 979526.240 979525.215 979523.713 979521.792 979519.764 979518.041 979516.919 979516.436 979516.355 979516.307 979515.974 979515.249 979514.264 979513.306 979512.667 979512.521 979512.862 979513.521 979514.208 979514.568
979522.927 979524.532 979526.320 979528.375 979530.654 979532.915 979534.779 979535.894 979536.128 979535.662 979534.921 979534.376 979534.316 979534.727 979535.339 979535.816 979535.967 979535.860 979535.764 979535.963 979536.554 979537.365 979538.025 979538.170 979537.644 979536.577 979535.310 979534.194 979533.403 979532.853 979532.281 979531.419 979530.158 979528.599 979526.984 979525.529 979524.304 979523.207 979522.050 979520.705 979519.199 979517.706 979516.449 979515.560 979515.002 979514.593 979514.104 979513.390 979512.453 979511.424 979510.488 979509.795 979509.416 979509.340 979509.496 979509.750 979509.875
979519.151 979521.252 979523.509 979525.912 979528.328 979530.478 979532.032 979532.777 979532.760 979532.311 979531.905 979531.940 979532.530 979533.453 979534.287 979534.652 979534.438 979533.873 979533.403 979533.435 979534.100 979535.171 979536.169 979536.615 979536.267 979535.233 979533.884 979532.642 979531.763 979531.225 979530.786 979530.143 979529.101 979527.665 979525.995 979524.293 979522.696 979521.229 979519.849 979518.517 979517.249 979516.102 979515.119 979514.272 979513.460 979512.564 979511.522 979510.376 979509.243 979508.245 979507.433 979506.774 979506.200 979505.684 979505.268 979505.010 979504.857
979515.247 979517.688 979520.276 979522.933 979525.453 979527.529 979528.882 979529.425 979529.365 979529.154 979529.294 979530.083 979531.447 979532.959 979534.048 979534.300 979533.685 979532.591 979531.630 979531.326 979531.851 979532.941 979534.037 979534.577 979534.260 979533.176 979531.715 979530.351 979529.403 979528.907 979528.651 979528.313 979527.635 979526.518 979525.022 979523.296 979521.494 979519.736 979518.108 979516.675 979515.478 979514.499 979513.639 979512.732 979511.616 979510.229 979508.662 979507.135 979505.875 979504.990 979504.394 979503.861 979503.175 979502.280 979501.332 979500.583 979500.167
979510.952 979513.528 979516.303 979519.150 979521.805 979523.930 979525.275 979525.842 979525.949 979526.126 979526.869 979528.381 979530.430 979532.433 979533.724 979533.887 979532.973 979531.491 979530.165 979529.581 979529.912 979530.858 979531.816 979532.189 979531.670 979530.355 979528.661 979527.092 979526.010 979525.497 979525.377 979525.339 979525.084 979524.428 979523.317 979521.806 979520.013 979518.105 979516.269 979514.685 979513.456 979512.545 979511.758 979510.816 979509.490 979507.743 979505.781 979503.967 979502.631 979501.876 979501.507 979501.134 979500.406 979499.234 979497.864 979496.716 979496.090
979506.308 979508.830 979511.660 979514.642 979517.460 979519.742 979521.242 979522.005 979522.401 979522.984 979524.223 979526.240 979528.706 979530.966 979532.341 979532.460 979531.455 979529.903 979528.548 979527.949 979528.221 979529.012 979529.703 979529.722 979528.810 979527.114 979525.081 979523.232 979521.939 979521.313 979521.220 979521.381 979521.497 979521.324 979520.702 979519.565 979517.955 979516.032 979514.060 979512.331 979511.040 979510.180 979509.504 979508.640 979507.276 979505.357 979503.148 979501.116 979499.683 979498.978 979498.749 979498.495 979497.763 979496.427 979494.782 979493.365 979492.597
979501.684 979504.054 979506.855 979509.907 979512.859 979515.313 979517.017 979518.025 979518.711 979519.607 979521.129 979523.342 979525.884 979528.115 979529.426 979529.543 979528.671 979527.399 979526.407 979526.137 979526.587 979527.336 979527.773 979527.401 979526.060 979523.976 979521.628 979519.525 979518.018 979517.218 979517.027 979517.224 979517.547 979517.732 979517.542 979516.794 979515.432 979513.577 979511.538 979509.705 979508.379 979507.604 979507.113 979506.448 979505.204 979503.264 979500.904 979498.660 979497.043 979496.244 979496.014 979495.806 979495.096 979493.713 979491.953 979490.400 979489.545
979497.586 979499.849 979502.608 979505.666 979508.661 979511.195 979513.029 979514.218 979515.110 979516.178 979517.773 979519.912 979522.242 979524.203 979525.313 979525.426 979524.815 979524.040 979523.661 979523.951 979524.760 979525.600 979525.889 979525.237 979523.607 979521.309 979518.832 979516.639 979515.019 979514.053 979513.668 979513.714 979514.001 979514.299 979514.338 979513.851 979512.690 979510.927 979508.882 979507.017 979505.718 979505.082 979504.831 979504.433 979503.383 979501.488 979499.004 979496.514 979494.617 979493.592 979493.247 979493.036 979492.394 979491.087 979489.361 979487.782 979486.856
979494.383 979496.699 979499.471 979502.488 979505.408 979507.881 979509.711 979510.969 979511.967 979513.106 979514.653 979516.578 979518.553 979520.119 979520.939 979520.994 979520.614 979520.317 979520.528 979521.357 979522.525 979523.498 979523.750 979523.000 979521.327 979519.095 979516.771 979514.730 979513.163 979512.093 979511.459 979511.188 979511.192 979511.317 979511.313 979510.885 979509.822 979508.146 979506.168 979504.377 979503.200 979502.762 979502.767 979502.627 979501.756 979499.895 979497.279 979494.525 979492.312 979491.016 979490.523 979490.315 979489.802 979488.681 979487.104 979485.565 979484.548
979492.103 979494.649 979497.507 979500.459 979503.216 979505.513 979507.232 979508.476 979509.528 979510.710 979512.203 979513.926 979515.570 979516.760 979517.276 979517.199 979516.896 979516.842 979517.365 979518.461 979519.784 979520.803 979521.060 979520.374 979518.893 979516.992 979515.067 979513.381 979512.008 979510.903 979510.011 979509.330 979508.879 979508.609 979508.337 979507.788 979506.733 979505.162 979503.352 979501.769 979500.830 979500.641 979500.886 979500.938 979500.175 979498.311 979495.572 979492.605 979490.142 979488.633 979488.030 979487.856 979487.509 979486.619 979485.238 979483.760 979482.619
