Code/MATLAB/Matlab_old/02 Fill Missing Data/data_grav_rasters/EGM96_gravitation_ell.asc
ncols         159
nrows         172
xllcorner     32.4820794100
yllcorner     29.1707288100
cellsize      0.0259688
nodata_value  9999999
[rows 125 to 149 of 172, columns 57 to 113 of 159]
981891.710 981892.722 981894.044 981895.655 981897.527 981899.631 981901.933 981904.395 981906.977 981909.639 981912.335 981915.023 981917.658 981920.197 981922.599 981924.822 981926.829 981928.587 981930.064 981931.234 981932.076 981932.572 981932.711 981932.488 981931.901 981930.956 981929.665 981928.042 981926.111 981923.896 981921.430 981918.748 981915.888 981912.892 981909.805 981906.672 981903.541 981900.460 981897.475 981894.633 981891.980 981889.557 981887.403 981885.555 981884.045 981882.900 981882.142 981881.788 981881.851 981882.335 981883.242 981884.565 981886.294 981888.411 981890.895 981893.718 981896.849
981890.524 981891.474 981892.734 981894.285 981896.100 981898.151 981900.402 981902.819 981905.362 981907.989 981910.659 981913.327 981915.950 981918.486 981920.893 981923.130 981925.161 981926.951 981928.471 981929.694 981930.597 981931.164 981931.384 981931.250 981930.762 981929.923 981928.745 981927.244 981925.439 981923.356 981921.027 981918.485 981915.767 981912.915 981909.973 981906.984 981903.995 981901.052 981898.202 981895.490 981892.960 981890.652 981888.606 981886.856 981885.433 981884.364 981883.671 981883.369 981883.471 981883.980 981884.898 981886.219 981887.931 981890.017 981892.456 981895.220 981898.279
981889.283 981890.158 981891.344 981892.821 981894.566 981896.548 981898.737 981901.095 981903.585 981906.167 981908.797 981911.435 981914.036 981916.559 981918.962 981921.206 981923.255 981925.074 981926.633 981927.905 981928.870 981929.510 981929.813 981929.772 981929.387 981928.661 981927.605 981926.232 981924.564 981922.624 981920.443 981918.053 981915.491 981912.796 981910.011 981907.180 981904.347 981901.557 981898.855 981896.286 981893.892 981891.712 981889.785 981888.144 981886.819 981885.835 981885.214 981884.972 981885.118 981885.658 981886.592 981887.913 981889.609 981891.665 981894.059 981896.764 981899.748
981888.006 981888.791 981889.889 981891.279 981892.938 981894.839 981896.949 981899.235 981901.658 981904.179 981906.758 981909.352 981911.920 981914.419 981916.809 981919.052 981921.111 981922.952 981924.546 981925.866 981926.891 981927.602 981927.989 981928.044 981927.766 981927.158 981926.230 981924.994 981923.471 981921.684 981919.662 981917.435 981915.041 981912.517 981909.903 981907.243 981904.579 981901.955 981899.416 981897.002 981894.757 981892.718 981890.921 981889.400 981888.183 981887.294 981886.755 981886.579 981886.777 981887.353 981888.306 981889.631 981891.316 981893.344 981895.693 981898.338 981901.248
981886.711 981887.394 981888.388 981889.676 981891.234 981893.037 981895.054 981897.251 981899.592 981902.038 981904.551 981907.088 981909.609 981912.073 981914.439 981916.671 981918.732 981920.588 981922.210 981923.573 981924.654 981925.436 981925.907 981926.059 981925.891 981925.405 981924.609 981923.518 981922.148 981920.522 981918.669 981916.617 981914.402 981912.060 981909.630 981907.153 981904.672 981902.228 981899.864 981897.620 981895.536 981893.650 981891.996 981890.605 981889.507 981888.723 981888.274 981888.173 981888.430 981889.048 981890.027 981891.361 981893.036 981895.038 981897.345 981899.931 981902.766
981885.420 981885.985 981886.861 981888.030 981889.472 981891.160 981893.066 981895.158 981897.401 981899.757 981902.187 981904.653 981907.113 981909.528 981911.859 981914.068 981916.120 981917.983 981919.627 981921.026 981922.159 981923.009 981923.562 981923.812 981923.754 981923.393 981922.735 981921.792 981920.582 981919.127 981917.450 981915.583 981913.558 981911.409 981909.175 981906.895 981904.609 981902.358 981900.182 981898.120 981896.210 981894.489 981892.990 981891.742 981890.773 981890.105 981889.755 981889.738 981890.061 981890.729 981891.739 981893.086 981894.757 981896.736 981899.002 981901.531 981904.292
981884.154 981884.586 981885.327 981886.362 981887.669 981889.226 981891.004 981892.974 981895.101 981897.349 981899.681 981902.059 981904.442 981906.794 981909.075 981911.250 981913.283 981915.142 981916.799 981918.228 981919.407 981920.319 981920.952 981921.297 981921.352 981921.117 981920.599 981919.810 981918.766 981917.486 981915.995 981914.322 981912.496 981910.552 981908.525 981906.453 981904.374 981902.328 981900.352 981898.485 981896.762 981895.219 981893.886 981892.793 981891.964 981891.421 981891.180 981891.256 981891.654 981892.378 981893.426 981894.792 981896.463 981898.423 981900.653 981903.126 981905.815
981882.933 981883.218 981883.808 981884.690 981885.846 981887.253 981888.886 981890.715 981892.707 981894.830 981897.046 981899.319 981901.610 981903.883 981906.100 981908.226 981910.227 981912.071 981913.731 981915.181 981916.399 981917.369 981918.077 981918.516 981918.680 981918.572 981918.196 981917.564 981916.690 981915.592 981914.294 981912.821 981911.204 981909.474 981907.664 981905.812 981903.952 981902.122 981900.360 981898.699 981897.176 981895.822 981894.667 981893.739 981893.062 981892.655 981892.534 981892.710 981893.192 981893.980 981895.073 981896.464 981898.141 981900.087 981902.283 981904.704 981907.323
981881.780 981881.901 981882.323 981883.036 981884.022 981885.262 981886.730 981888.399 981890.239 981892.217 981894.299 981896.448 981898.630 981900.807 981902.945 981905.007 981906.963 981908.780 981910.431 981911.892 981913.141 981914.161 981914.940 981915.467 981915.739 981915.756 981915.524 981915.050 981914.349 981913.437 981912.337 981911.073 981909.672 981908.165 981906.582 981904.959 981903.329 981901.728 981900.189 981898.747 981897.435 981896.282 981895.317 981894.566 981894.051 981893.790 981893.799 981894.086 981894.660 981895.521 981896.666 981898.088 981899.776 981901.713 981903.880 981906.253 981908.805
981880.716 981880.656 981880.894 981881.420 981882.218 981883.271 981884.555 981886.045 981887.713 981889.527 981891.456 981893.464 981895.518 981897.582 981899.623 981901.606 981903.501 981905.277 981906.908 981908.369 981909.639 981910.702 981911.543 981912.154 981912.530 981912.671 981912.580 981912.266 981911.740 981911.018 981910.121 981909.071 981907.893 981906.616 981905.269 981903.885 981902.495 981901.132 981899.829 981898.617 981897.526 981896.586 981895.823 981895.259 981894.917 981894.813 981894.961 981895.369 981896.044 981896.985 981898.190 981899.651 981901.356 981903.290 981905.433 981907.762 981910.250
981879.759 981879.503 981879.540 981879.861 981880.453 981881.300 981882.381 981883.673 981885.148 981886.779 981888.534 981890.382 981892.289 981894.222 981896.148 981898.036 981899.855 981901.576 981903.173 981904.622 981905.902 981906.998 981907.894 981908.583 981909.058 981909.319 981909.367 981909.212 981908.862 981908.332 981907.641 981906.810 981905.861 981904.821 981903.718 981902.581 981901.440 981900.325 981899.268 981898.296 981897.438 981896.721 981896.170 981895.806 981895.647 981895.711 981896.007 981896.546 981897.330 981898.360 981899.633 981901.140 981902.869 981904.806 981906.930 981909.219 981911.648
981878.929 981878.461 981878.280 981878.379 981878.746 981879.369 981880.227 981881.300 981882.564 981883.991 981885.553 981887.220 981888.961 981890.744 981892.538 981894.313 981896.040 981897.690 981899.238 981900.662 981901.941 981903.059 981904.001 981904.760 981905.328 981905.704 981905.889 981905.890 981905.716 981905.380 981904.897 981904.288 981903.572 981902.776 981901.923 981901.041 981900.157 981899.300 981898.497 981897.775 981897.161 981896.678 981896.349 981896.194 981896.230 981896.470 981896.926 981897.604 981898.507 981899.635 981900.983 981902.544 981904.304 981906.249 981908.360 981910.616 981912.990
981878.242 981877.547 981877.132 981876.991 981877.116 981877.495 981878.112 981878.947 981879.978 981881.182 981882.531 981883.997 981885.552 981887.166 981888.809 981890.453 981892.070 981893.633 981895.118 981896.503 981897.768 981898.896 981899.875 981900.695 981901.348 981901.834 981902.152 981902.307 981902.307 981902.163 981901.890 981901.505 981901.027 981900.478 981899.881 981899.261 981898.642 981898.050 981897.511 981897.048 981896.686 981896.447 981896.351 981896.415 981896.655 981897.082 981897.706 981898.533 981899.564 981900.799 981902.231 981903.852 981905.651 981907.612 981909.716 981911.943 981914.268
981877.714 981876.777 981876.112 981875.714 981875.579 981875.696 981876.052 981876.630 981877.409 981878.369 981879.485 981880.731 981882.080 981883.505 981884.979 981886.473 981887.963 981889.422 981890.828 981892.159 981893.396 981894.524 981895.528 981896.399 981897.130 981897.718 981898.163 981898.468 981898.640 981898.688 981898.625 981898.466 981898.228 981897.930 981897.594 981897.240 981896.892 981896.573 981896.305 981896.110 981896.010 981896.024 981896.169 981896.462 981896.915 981897.539 981898.342 981899.326 981900.495 981901.844 981903.368 981905.058 981906.903 981908.886 981910.990 981913.194 981915.475
981877.357 981876.164 981875.233 981874.564 981874.151 981873.989 981874.065 981874.366 981874.875 981875.571 981876.433 981877.439 981878.563 981879.780 981881.064 981882.391 981883.736 981885.075 981886.385 981887.647 981888.843 981889.956 981890.974 981891.886 981892.685 981893.368 981893.934 981894.384 981894.724 981894.961 981895.107 981895.174 981895.177 981895.134 981895.062 981894.980 981894.909 981894.869 981894.879 981894.960 981895.129 981895.404 981895.800 981896.331 981897.007 981897.836 981898.826 981899.977 981901.291 981902.763 981904.388 981906.155 981908.052 981910.065 981912.175 981914.362 981916.604
981877.180 981875.719 981874.509 981873.552 981872.846 981872.387 981872.167 981872.173 981872.391 981872.804 981873.394 981874.140 981875.019 981876.008 981877.085 981878.226 981879.408 981880.608 981881.807 981882.985 981884.124 981885.209 981886.228 981887.171 981888.029 981888.798 981889.477 981890.067 981890.570 981890.994 981891.346 981891.639 981891.884 981892.096 981892.291 981892.485 981892.695 981892.939 981893.234 981893.597 981894.043 981894.587 981895.242 981896.019 981896.926 981897.970 981899.155 981900.482 981901.950 981903.554 981905.286 981907.138 981909.096 981911.144 981913.267 981915.444 981917.654
981877.192 981875.450 981873.947 981872.689 981871.675 981870.903 981870.369 981870.063 981869.973 981870.085 981870.384 981870.851 981871.466 981872.209 981873.059 981873.995 981874.996 981876.042 981877.112 981878.190 981879.258 981880.302 981881.309 981882.270 981883.177 981884.023 981884.808 981885.530 981886.191 981886.797 981887.354 981887.870 981888.357 981888.825 981889.288 981889.761 981890.256 981890.789 981891.374 981892.025 981892.755 981893.575 981894.496 981895.527 981896.673 981897.940 981899.329 981900.840 981902.469 981904.213 981906.061 981908.005 981910.030 981912.122 981914.264 981916.437 981918.620
981877.395 981875.363 981873.556 981871.983 981870.647 981869.548 981868.684 981868.049 981867.634 981867.428 981867.418 981867.587 981867.921 981868.399 981869.005 981869.718 981870.521 981871.394 981872.320 981873.282 981874.264 981875.252 981876.235 981877.203 981878.146 981879.061 981879.942 981880.789 981881.603 981882.386 981883.143 981883.881 981884.608 981885.332 981886.065 981886.817 981887.601 981888.426 981889.306 981890.250 981891.269 981892.372 981893.566 981894.857 981896.250 981897.747 981899.348 981901.050 981902.850 981904.740 981906.712 981908.755 981910.855 981912.998 981915.166 981917.341 981919.503
981877.793 981875.459 981873.338 981871.439 981869.769 981868.329 981867.122 981866.143 981865.388 981864.847 981864.510 981864.366 981864.399 981864.596 981864.940 981865.413 981866.001 981866.685 981867.450 981868.280 981869.161 981870.080 981871.026 981871.988 981872.958 981873.929 981874.899 981875.863 981876.822 981877.777 981878.730 981879.686 981880.651 981881.631 981882.633 981883.666 981884.739 981885.861 981887.038 981888.280 981889.593 981890.984 981892.457 981894.016 981895.662 981897.396 981899.216 981901.117 981903.094 981905.139 981907.242 981909.391 981911.573 981913.773 981915.973 981918.157 981920.305
981878.381 981875.740 981873.296 981871.061 981869.045 981867.253 981865.689 981864.353 981863.242 981862.352 981861.674 981861.199 981860.917 981860.816 981860.881 981861.098 981861.454 981861.933 981862.522 981863.205 981863.971 981864.807 981865.702 981866.645 981867.630 981868.649 981869.697 981870.771 981871.868 981872.988 981874.133 981875.303 981876.503 981877.736 981879.007 981880.322 981881.686 981883.104 981884.583 981886.126 981887.738 981889.421 981891.179 981893.011 981894.917 981896.894 981898.939 981901.046 981903.207 981905.413 981907.654 981909.917 981912.187 981914.450 981916.690 981918.888 981921.028
981879.154 981876.199 981873.425 981870.847 981868.476 981866.322 981864.391 981862.686 981861.207 981859.953 981858.920 981858.101 981857.488 981857.073 981856.844 981856.790 981856.899 981857.158 981857.555 981858.077 981858.714 981859.453 981860.284 981861.197 981862.186 981863.241 981864.359 981865.533 981866.761 981868.040 981869.370 981870.750 981872.181 981873.665 981875.204 981876.800 981878.455 981880.172 981881.953 981883.801 981885.714 981887.695 981889.741 981891.852 981894.023 981896.250 981898.526 981900.845 981903.197 981905.571 981907.956 981910.338 981912.704 981915.037 981917.321 981919.541 981921.678
981880.104 981876.831 981873.722 981870.794 981868.062 981865.537 981863.229 981861.144 981859.287 981857.658 981856.257 981855.081 981854.124 981853.382 981852.845 981852.505 981852.352 981852.377 981852.569 981852.916 981853.410 981854.039 981854.794 981855.666 981856.646 981857.728 981858.905 981860.171 981861.522 981862.953 981864.463 981866.048 981867.707 981869.439 981871.243 981873.118 981875.064 981877.081 981879.166 981881.319 981883.538 981885.819 981888.158 981890.551 981892.992 981895.474 981897.987 981900.524 981903.072 981905.620 981908.155 981910.664 981913.130 981915.539 981917.875 981920.121 981922.261
981881.218 981877.626 981874.178 981870.896 981867.797 981864.895 981862.203 981859.731 981857.486 981855.473 981853.694 981852.149 981850.837 981849.754 981848.897 981848.258 981847.831 981847.609 981847.582 981847.742 981848.079 981848.586 981849.253 981850.072 981851.034 981852.132 981853.359 981854.708 981856.174 981857.751 981859.434 981861.218 981863.101 981865.077 981867.144 981869.297 981871.533 981873.849 981876.239 981878.700 981881.225 981883.809 981886.444 981889.124 981891.839 981894.579 981897.335 981900.094 981902.844 981905.572 981908.263 981910.903 981913.476 981915.967 981918.360 981920.638 981922.786
981882.481 981878.569 981874.782 981871.144 981867.674 981864.392 981861.311 981858.446 981855.806 981853.400 981851.234 981849.311 981847.634 981846.201 981845.012 981844.064 981843.351 981842.869 981842.612 981842.572 981842.743 981843.116 981843.684 981844.439 981845.372 981846.476 981847.744 981849.168 981850.741 981852.456 981854.306 981856.284 981858.385 981860.602 981862.928 981865.357 981867.882 981870.496 981873.191 981875.960 981878.793 981881.682 981884.616 981887.585 981890.578 981893.582 981896.584 981899.570 981902.527 981905.439 981908.292 981911.068 981913.754 981916.332 981918.786 981921.102 981923.264
981883.874 981879.644 981875.519 981871.525 981867.685 981864.019 981860.547 981857.284 981854.245 981851.442 981848.882 981846.574 981844.523 981842.732 981841.203 981839.934 981838.926 981838.175 981837.677 981837.427 981837.420 981837.649 981838.107 981838.788 981839.682 981840.784 981842.084 981843.574 981845.246 981847.092 981849.103 981851.270 981853.584 981856.037 981858.620 981861.321 981864.133 981867.044 981870.044 981873.121 981876.263 981879.458 981882.693 981885.954 981889.227 981892.497 981895.749 981898.967 981902.135 981905.236 981908.255 981911.173 981913.975 981916.645 981919.167 981921.525 981923.705
