Code/MATLAB/Matlab_old/02 Fill Missing Data/data_grav_rasters/EGM96_gravity_ell.asc
ncols         159
nrows         172
xllcorner     32.4820794100
yllcorner     29.1707288100
cellsize      0.0259688
nodata_value  9999999
[rows 25 to 49 of 172, columns 57 to 113 of 159]
979550.456 979549.853 979549.155 979548.372 979547.515 979546.598 979545.636 979544.649 979543.655 979542.676 979541.735 979540.855 979540.061 979539.376 979538.825 979538.431 979538.217 979538.203 979538.409 979538.853 979539.549 979540.509 979541.743 979543.256 979545.052 979547.129 979549.483 979552.106 979554.986 979558.108 979561.452 979564.999 979568.721 979572.592 979576.582 979580.659 979584.788 979588.935 979593.065 979597.140 979601.126 979604.987 979608.688 979612.198 979615.485 979618.522 979621.284 979623.747 979625.894 979627.711 979629.185 979630.312 979631.088 979631.515 979631.601 979631.355 979630.793
979547.885 979547.192 979546.412 979545.553 979544.628 979543.652 979542.642 979541.615 979540.594 979539.599 979538.653 979537.780 979537.004 979536.350 979535.840 979535.498 979535.345 979535.403 979535.689 979536.220 979537.009 979538.068 979539.405 979541.023 979542.925 979545.107 979547.565 979550.287 979553.261 979556.471 979559.895 979563.511 979567.293 979571.211 979575.234 979579.330 979583.464 979587.599 979591.701 979595.732 979599.656 979603.438 979607.044 979610.442 979613.601 979616.494 979619.098 979621.390 979623.354 979624.976 979626.247 979627.162 979627.721 979627.927 979627.788 979627.317 979626.531
979545.182 979544.397 979543.530 979542.593 979541.598 979540.561 979539.499 979538.433 979537.383 979536.371 979535.420 979534.554 979533.797 979533.172 979532.704 979532.415 979532.325 979532.455 979532.822 979533.442 979534.326 979535.485 979536.925 979538.650 979540.659 979542.949 979545.511 979548.334 979551.405 979554.704 979558.210 979561.898 979565.741 979569.709 979573.769 979577.888 979582.030 979586.158 979590.236 979594.227 979598.095 979601.805 979605.322 979608.615 979611.654 979614.412 979616.867 979618.998 979620.789 979622.227 979623.306 979624.021 979624.374 979624.371 979624.021 979623.339 979622.343
979542.357 979541.476 979540.520 979539.501 979538.434 979537.334 979536.221 979535.114 979534.034 979533.004 979532.048 979531.188 979530.450 979529.857 979529.431 979529.195 979529.169 979529.373 979529.822 979530.531 979531.512 979532.772 979534.318 979536.150 979538.268 979540.666 979543.334 979546.261 979549.430 979552.821 979556.410 979560.174 979564.081 979568.102 979572.202 979576.347 979580.501 979584.627 979588.687 979592.644 979596.462 979600.105 979603.541 979606.737 979609.664 979612.297 979614.613 979616.592 979618.221 979619.487 979620.386 979620.914 979621.075 979620.875 979620.328 979619.447 979618.255
979539.419 979538.439 979537.391 979536.290 979535.148 979533.985 979532.819 979531.670 979530.561 979529.513 979528.552 979527.700 979526.981 979526.419 979526.036 979525.854 979525.893 979526.171 979526.703 979527.503 979528.581 979529.944 979531.597 979533.538 979535.767 979538.274 979541.051 979544.083 979547.351 979550.836 979554.512 979558.353 979562.328 979566.404 979570.548 979574.724 979578.895 979583.022 979587.070 979590.999 979594.773 979598.358 979601.720 979604.828 979607.652 979610.169 979612.356 979614.196 979615.674 979616.780 979617.511 979617.865 979617.847 979617.466 979616.734 979615.670 979614.296
979536.379 979535.299 979534.159 979532.973 979531.757 979530.529 979529.310 979528.119 979526.980 979525.915 979524.948 979524.104 979523.405 979522.875 979522.537 979522.410 979522.515 979522.868 979523.485 979524.376 979525.553 979527.020 979528.780 979530.832 979533.172 979535.791 979538.678 979541.816 979545.187 979548.767 979552.532 979556.453 979560.498 979564.634 979568.825 979573.036 979577.228 979581.363 979585.403 979589.311 979593.049 979596.583 979599.879 979602.907 979605.638 979608.049 979610.119 979611.829 979613.169 979614.128 979614.705 979614.898 979614.716 979614.166 979613.265 979612.033 979610.492
979533.252 979532.070 979530.836 979529.565 979528.275 979526.983 979525.710 979524.478 979523.309 979522.228 979521.257 979520.421 979519.743 979519.246 979518.953 979518.882 979519.054 979519.483 979520.185 979521.170 979522.446 979524.018 979525.887 979528.051 979530.503 979533.235 979536.233 979539.479 979542.954 979546.633 979550.488 979554.491 979558.609 979562.808 979567.051 979571.300 979575.518 979579.666 979583.705 979587.597 979591.306 979594.797 979598.036 979600.993 979603.642 979605.957 979607.920 979609.514 979610.727 979611.552 979611.987 979612.034 979611.701 979610.998 979609.943 979608.557 979606.863
979530.051 979528.768 979527.441 979526.086 979524.720 979523.365 979522.039 979520.767 979519.570 979518.472 979517.498 979516.671 979516.016 979515.553 979515.305 979515.292 979515.531 979516.039 979516.826 979517.905 979519.281 979520.959 979522.938 979525.214 979527.781 979530.627 979533.737 979537.093 979540.673 979544.451 979548.399 979552.487 979556.681 979560.945 979565.243 979569.535 979573.784 979577.949 979581.993 979585.876 979589.563 979593.018 979596.208 979599.104 979601.680 979603.910 979605.778 979607.266 979608.366 979609.070 979609.378 979609.293 979608.823 979607.982 979606.787 979605.261 979603.431
979526.794 979525.410 979523.990 979522.552 979521.113 979519.695 979518.318 979517.006 979515.782 979514.670 979513.694 979512.878 979512.246 979511.819 979511.618 979511.663 979511.971 979512.556 979513.431 979514.605 979516.082 979517.866 979519.956 979522.345 979525.027 979527.987 979531.210 979534.676 979538.362 979542.242 979546.285 979550.460 979554.732 979559.064 979563.420 979567.759 979572.042 979576.231 979580.284 979584.165 979587.836 979591.263 979594.413 979597.257 979599.769 979601.926 979603.709 979605.104 979606.103 979606.699 979606.893 979606.689 979606.097 979605.132 979603.813 979602.164 979600.211
979523.498 979522.015 979520.504 979518.984 979517.474 979515.994 979514.568 979513.219 979511.969 979510.844 979509.868 979509.065 979508.457 979508.066 979507.914 979508.019 979508.396 979509.061 979510.023 979511.292 979512.871 979514.762 979516.962 979519.465 979522.262 979525.337 979528.674 979532.251 979536.044 979540.025 979544.164 979548.428 979552.779 979557.183 979561.599 979565.988 979570.311 979574.526 979578.595 979582.479 979586.142 979589.548 979592.666 979595.467 979597.924 979600.017 979601.727 979603.041 979603.951 979604.452 979604.545 979604.237 979603.538 979602.464 979601.035 979599.276 979597.216
979520.182 979518.601 979517.002 979515.403 979513.823 979512.286 979510.813 979509.428 979508.155 979507.019 979506.045 979505.255 979504.674 979504.322 979504.219 979504.384 979504.832 979505.576 979506.627 979507.991 979509.672 979511.670 979513.981 979516.597 979519.508 979522.698 979526.149 979529.837 979533.737 979537.821 979542.057 979546.409 979550.843 979555.319 979559.798 979564.240 979568.605 979572.851 979576.940 979580.833 979584.493 979587.886 979590.979 979593.745 979596.158 979598.197 979599.844 979601.088 979601.921 979602.340 979602.346 979601.947 979601.154 979599.985 979598.461 979596.607 979594.454
979516.864 979515.190 979513.506 979511.830 979510.185 979508.591 979507.074 979505.656 979504.363 979503.219 979502.249 979501.475 979500.921 979500.609 979500.557 979500.783 979501.303 979502.127 979503.266 979504.726 979506.509 979508.613 979511.034 979513.764 979516.789 979520.093 979523.656 979527.455 979531.462 979535.648 979539.980 979544.423 979548.938 979553.488 979558.032 979562.529 979566.939 979571.220 979575.333 979579.240 979582.903 979586.288 979589.364 979592.103 979594.480 979596.474 979598.069 979599.254 979600.022 979600.370 979600.301 979599.825 979598.952 979597.702 979596.096 979594.162 979591.930
979513.565 979511.802 979510.036 979508.288 979506.580 979504.934 979503.376 979501.929 979500.618 979499.468 979498.504 979497.749 979497.225 979496.953 979496.954 979497.242 979497.833 979498.738 979499.966 979501.521 979503.405 979505.615 979508.145 979510.986 979514.124 979517.541 979521.216 979525.124 979529.238 979533.525 979537.953 979542.485 979547.082 979551.706 979556.316 979560.870 979565.327 979569.645 979573.786 979577.710 979581.381 979584.764 979587.829 979590.548 979592.897 979594.856 979596.408 979597.544 979598.258 979598.547 979598.416 979597.874 979596.935 979595.617 979593.944 979591.943 979589.646
979510.304 979508.456 979506.613 979504.797 979503.031 979501.337 979499.742 979498.269 979496.944 979495.791 979494.835 979494.100 979493.608 979493.379 979493.433 979493.784 979494.447 979495.433 979496.749 979498.398 979500.382 979502.697 979505.335 979508.287 979511.536 979515.064 979518.848 979522.864 979527.081 979531.468 979535.990 979540.610 979545.289 979549.987 979554.663 979559.274 979563.779 979568.136 979572.307 979576.252 979579.935 979583.321 979586.381 979589.087 979591.414 979593.345 979594.864 979595.960 979596.630 979596.871 979596.689 979596.094 979595.100 979593.727 979591.999 979589.944 979587.596
979507.101 979505.173 979503.258 979501.379 979499.559 979497.823 979496.194 979494.699 979493.363 979492.211 979491.267 979490.554 979490.096 979489.911 979490.018 979490.433 979491.169 979492.235 979493.638 979495.381 979497.463 979499.881 979502.625 979505.684 979509.042 979512.678 979516.570 979520.690 979525.009 979529.493 979534.107 979538.813 979543.572 979548.342 979553.082 979557.750 979562.304 979566.702 979570.904 979574.872 979578.569 979581.963 979585.022 979587.720 979590.033 979591.943 979593.436 979594.501 979595.136 979595.339 979595.117 979594.480 979593.443 979592.027 979590.257 979588.161 979585.772
979503.975 979501.972 979499.992 979498.055 979496.187 979494.412 979492.755 979491.242 979489.898 979488.750 979487.820 979487.133 979486.709 979486.570 979486.732 979487.211 979488.019 979489.164 979490.654 979492.489 979494.668 979497.186 979500.033 979503.197 979506.660 979510.402 979514.397 979518.619 979523.035 979527.613 979532.316 979537.106 979541.941 979546.782 979551.585 979556.308 979560.909 979565.347 979569.581 979573.573 979577.288 979580.691 979583.753 979586.447 979588.751 979590.647 979592.120 979593.163 979593.771 979593.945 979593.693 979593.024 979591.955 979590.507 979588.705 979586.580 979584.163
979500.943 979498.873 979496.833 979494.845 979492.934 979491.125 979489.444 979487.918 979486.571 979485.429 979484.516 979483.856 979483.470 979483.378 979483.596 979484.138 979485.018 979486.242 979487.816 979489.741 979492.014 979494.630 979497.577 979500.842 979504.407 979508.249 979512.344 979516.663 979521.173 979525.840 979530.628 979535.496 979540.405 979545.312 979550.175 979554.952 979559.599 979564.075 979568.341 979572.358 979576.090 979579.504 979582.572 979585.266 979587.564 979589.450 979590.910 979591.937 979592.526 979592.680 979592.405 979591.714 979590.622 979589.153 979587.330 979585.186 979582.753
979498.023 979495.893 979493.799 979491.766 979489.818 979487.981 979486.281 979484.746 979483.399 979482.268 979481.376 979480.745 979480.398 979480.353 979480.627 979481.234 979482.184 979483.485 979485.142 979487.155 979489.519 979492.229 979495.272 979498.634 979502.296 979506.234 979510.423 979514.833 979519.432 979524.183 979529.050 979533.993 979538.970 979543.940 979548.859 979553.684 979558.374 979562.887 979567.182 979571.223 979574.972 979578.399 979581.473 979584.169 979586.465 979588.346 979589.797 979590.812 979591.389 979591.529 979591.240 979590.534 979589.429 979587.947 979586.114 979583.961 979581.521
979495.231 979493.047 979490.907 979488.834 979486.855 979484.996 979483.283 979481.743 979480.401 979479.284 979478.414 979477.816 979477.509 979477.513 979477.843 979478.513 979479.533 979480.910 979482.647 979484.744 979487.197 979489.996 979493.131 979496.585 979500.338 979504.367 979508.644 979513.139 979517.820 979522.650 979527.590 979532.601 979537.640 979542.667 979547.637 979552.507 979557.235 979561.781 979566.103 979570.165 979573.930 979577.368 979580.448 979583.147 979585.444 979587.321 979588.767 979589.776 979590.344 979590.476 979590.180 979589.467 979588.357 979586.870 979585.035 979582.881 979580.444
979492.579 979490.349 979488.170 979486.065 979484.062 979482.186 979480.465 979478.925 979477.592 979476.492 979475.648 979475.084 979474.819 979474.872 979475.258 979475.991 979477.079 979478.529 979480.344 979482.522 979485.058 979487.943 979491.164 979494.704 979498.542 979502.655 979507.013 979511.588 979516.343 979521.243 979526.250 979531.321 979536.417 979541.493 979546.508 979551.417 979556.179 979560.752 979565.097 979569.176 979572.955 979576.402 979579.488 979582.190 979584.486 979586.362 979587.805 979588.810 979589.375 979589.504 979589.205 979588.492 979587.382 979585.899 979584.069 979581.923 979579.496
979490.081 979487.813 979485.601 979483.471 979481.449 979479.563 979477.839 979476.304 979474.984 979473.904 979473.089 979472.560 979472.339 979472.441 979472.884 979473.678 979474.833 979476.354 979478.243 979480.497 979483.112 979486.077 979489.378 979492.998 979496.915 979501.104 979505.537 979510.181 979515.004 979519.966 979525.031 979530.156 979535.299 979540.418 979545.469 979550.411 979555.199 979559.794 979564.157 979568.249 979572.037 979575.490 979578.580 979581.282 979583.578 979585.452 979586.894 979587.897 979588.461 979588.590 979588.293 979587.583 979586.480 979585.006 979583.188 979581.058 979578.649
979487.745 979485.446 979483.210 979481.061 979479.028 979477.137 979475.415 979473.889 979472.586 979471.531 979470.747 979470.256 979470.078 979470.231 979470.729 979471.583 979472.802 979474.391 979476.350 979478.677 979481.366 979484.405 979487.779 979491.472 979495.460 979499.717 979504.216 979508.922 979513.803 979518.819 979523.932 979529.101 979534.283 979539.436 979544.516 979549.481 979554.289 979558.899 979563.272 979567.371 979571.164 979574.618 979577.707 979580.408 979582.702 979584.573 979586.013 979587.015 979587.579 979587.711 979587.419 979586.717 979585.625 979584.165 979582.365 979580.255 979577.871
979485.579 979483.258 979481.004 979478.844 979476.805 979474.915 979473.200 979471.689 979470.407 979469.378 979468.628 979468.176 979468.043 979468.246 979468.798 979469.711 979470.992 979472.645 979474.671 979477.066 979479.822 979482.928 979486.370 979490.127 979494.178 979498.495 979503.050 979507.809 979512.738 979517.797 979522.949 979528.152 979533.363 979538.540 979543.640 979548.619 979553.437 979558.054 979562.430 979566.530 979570.320 979573.771 979576.855 979579.550 979581.838 979583.705 979585.140 979586.141 979586.706 979586.841 979586.556 979585.865 979584.787 979583.346 979581.568 979579.485 979577.130
979483.589 979481.252 979478.988 979476.823 979474.785 979472.902 979471.200 979469.707 979468.449 979467.451 979466.736 979466.326 979466.238 979466.491 979467.096 979468.066 979469.405 979471.119 979473.207 979475.663 979478.481 979481.649 979485.149 979488.963 979493.068 979497.435 979502.037 979506.838 979511.804 979516.897 979522.077 979527.303 979532.532 979537.722 979542.831 979547.815 979552.634 979557.247 979561.618 979565.710 979569.491 979572.930 979576.004 979578.688 979580.966 979582.824 979584.254 979585.251 979585.816 979585.955 979585.678 979584.999 979583.938 979582.517 979580.765 979578.713 979576.393
979481.776 979479.431 979477.164 979475.001 979472.970 979471.099 979469.415 979467.945 979466.715 979465.750 979465.073 979464.704 979464.663 979464.964 979465.622 979466.645 979468.041 979469.811 979471.956 979474.469 979477.342 979480.562 979484.114 979487.976 979492.125 979496.533 979501.170 979506.003 979510.996 979516.110 979521.307 979526.544 979531.780 979536.972 979542.078 979547.056 979551.864 979556.465 979560.820 979564.895 979568.658 979572.079 979575.134 979577.802 979580.064 979581.910 979583.330 979584.321 979584.884 979585.025 979584.755 979584.089 979583.046 979581.649 979579.926 979577.907 979575.625
