Code/MATLAB/Matlab_old/02 Fill Missing Data/data_grav_rasters/EGM96_gravity_ell.asc
ncols         159
nrows         172
xllcorner     32.4820794100
yllcorner     29.1707288100
cellsize      0.0259688
nodata_value  9999999
[rows 50 to 74 of 172, columns 0 to 56 of 159]
979506.426 979506.784 979507.166 979507.563 979507.972 979508.385 979508.799 979509.210 979509.614 979510.011 979510.398 979510.774 979511.140 979511.494 979511.839 979512.174 979512.501 979512.819 979513.131 979513.435 979513.733 979514.023 979514.305 979514.577 979514.836 979515.079 979515.302 979515.499 979515.667 979515.797 979515.882 979515.916 979515.889 979515.793 979515.618 979515.356 979514.998 979514.535 979513.959 979513.262 979512.438 979511.481 979510.386 979509.152 979507.776 979506.259 979504.605 979502.816 979500.901 979498.868 979496.727 979494.494 979492.182 979489.810 979487.398 979484.966 979482.538
979504.584 979504.896 979505.232 979505.585 979505.951 979506.324 979506.701 979507.078 979507.453 979507.825 979508.191 979508.552 979508.908 979509.258 979509.603 979509.945 979510.283 979510.619 979510.952 979511.284 979511.613 979511.938 979512.258 979512.571 979512.874 979513.163 979513.432 979513.677 979513.892 979514.068 979514.199 979514.276 979514.290 979514.232 979514.093 979513.863 979513.533 979513.095 979512.539 979511.858 979511.046 979510.097 979509.008 979507.774 979506.397 979504.876 979503.214 979501.417 979499.492 979497.448 979495.298 979493.054 979490.733 979488.354 979485.935 979483.500 979481.072
979502.868 979503.129 979503.415 979503.719 979504.037 979504.366 979504.700 979505.039 979505.380 979505.721 979506.062 979506.403 979506.744 979507.085 979507.427 979507.771 979508.117 979508.466 979508.818 979509.173 979509.529 979509.887 979510.244 979510.596 979510.940 979511.273 979511.588 979511.880 979512.141 979512.364 979512.540 979512.661 979512.718 979512.700 979512.598 979512.403 979512.104 979511.693 979511.161 979510.501 979509.705 979508.770 979507.690 979506.464 979505.091 979503.571 979501.910 979500.112 979498.184 979496.137 979493.983 979491.737 979489.415 979487.035 979484.619 979482.188 979479.768
979501.288 979501.493 979501.724 979501.974 979502.240 979502.519 979502.807 979503.102 979503.403 979503.709 979504.021 979504.337 979504.658 979504.986 979505.320 979505.661 979506.011 979506.370 979506.736 979507.111 979507.493 979507.880 979508.270 979508.659 979509.043 979509.418 979509.777 979510.114 979510.421 979510.690 979510.912 979511.077 979511.177 979511.200 979511.137 979510.978 979510.712 979510.331 979509.826 979509.190 979508.416 979507.498 979506.433 979505.219 979503.855 979502.344 979500.689 979498.895 979496.972 979494.929 979492.779 979490.537 979488.221 979485.849 979483.442 979481.023 979478.616
979499.847 979499.994 979500.165 979500.357 979500.566 979500.790 979501.027 979501.274 979501.531 979501.798 979502.075 979502.361 979502.659 979502.968 979503.290 979503.626 979503.975 979504.339 979504.717 979505.108 979505.512 979505.925 979506.345 979506.768 979507.190 979507.604 979508.005 979508.386 979508.737 979509.051 979509.318 979509.528 979509.670 979509.735 979509.712 979509.590 979509.359 979509.011 979508.535 979507.926 979507.176 979506.279 979505.234 979504.036 979502.687 979501.189 979499.545 979497.762 979495.849 979493.817 979491.677 979489.447 979487.143 979484.785 979482.394 979479.993 979477.607
979498.550 979498.633 979498.741 979498.871 979499.020 979499.185 979499.366 979499.561 979499.769 979499.992 979500.230 979500.483 979500.752 979501.039 979501.345 979501.670 979502.015 979502.381 979502.766 979503.170 979503.591 979504.027 979504.474 979504.929 979505.385 979505.837 979506.278 979506.700 979507.094 979507.452 979507.762 979508.015 979508.200 979508.306 979508.323 979508.239 979508.045 979507.730 979507.286 979506.706 979505.982 979505.110 979504.087 979502.910 979501.580 979500.099 979498.472 979496.705 979494.808 979492.791 979490.668 979488.455 979486.170 979483.832 979481.464 979479.087 979476.728
979497.396 979497.412 979497.454 979497.518 979497.602 979497.705 979497.826 979497.965 979498.121 979498.296 979498.490 979498.705 979498.943 979499.203 979499.489 979499.799 979500.136 979500.499 979500.888 979501.301 979501.737 979502.192 979502.663 979503.146 979503.633 979504.120 979504.598 979505.059 979505.494 979505.893 979506.246 979506.541 979506.767 979506.914 979506.970 979506.924 979506.766 979506.486 979506.075 979505.525 979504.830 979503.986 979502.987 979501.834 979500.526 979499.067 979497.461 979495.714 979493.838 979491.842 979489.741 979487.551 979485.290 979482.978 979480.637 979478.291 979475.965
979496.382 979496.329 979496.301 979496.296 979496.312 979496.349 979496.407 979496.486 979496.586 979496.709 979496.857 979497.030 979497.232 979497.462 979497.723 979498.016 979498.341 979498.698 979499.086 979499.505 979499.951 979500.422 979500.914 979501.421 979501.937 979502.455 979502.967 979503.465 979503.938 979504.376 979504.768 979505.104 979505.370 979505.557 979505.651 979505.643 979505.521 979505.275 979504.897 979504.379 979503.714 979502.898 979501.926 979500.799 979499.517 979498.082 979496.500 979494.778 979492.926 979490.956 979488.881 979486.719 979484.488 979482.207 979479.900 979477.589 979475.300
979495.502 979495.377 979495.277 979495.200 979495.146 979495.114 979495.106 979495.121 979495.162 979495.230 979495.328 979495.456 979495.618 979495.815 979496.048 979496.319 979496.628 979496.976 979497.360 979497.781 979498.235 979498.718 979499.226 979499.754 979500.295 979500.842 979501.385 979501.916 979502.424 979502.899 979503.329 979503.702 979504.006 979504.230 979504.362 979504.390 979504.303 979504.091 979503.746 979503.259 979502.625 979501.838 979500.895 979499.796 979498.541 979497.133 979495.578 979493.884 979492.060 979490.119 979488.075 979485.945 979483.748 979481.503 979479.234 979476.963 979474.717
979494.747 979494.548 979494.374 979494.223 979494.096 979493.993 979493.916 979493.866 979493.845 979493.855 979493.899 979493.980 979494.099 979494.259 979494.462 979494.708 979494.998 979495.332 979495.709 979496.128 979496.586 979497.078 979497.599 979498.145 979498.707 979499.278 979499.849 979500.410 979500.950 979501.458 979501.923 979502.331 979502.671 979502.930 979503.096 979503.159 979503.105 979502.927 979502.614 979502.158 979501.554 979500.796 979499.883 979498.812 979497.586 979496.207 979494.682 979493.017 979491.225 979489.316 979487.306 979485.212 979483.052 979480.848 979478.621 979476.395 979474.195
979494.104 979493.831 979493.581 979493.354 979493.152 979492.977 979492.829 979492.711 979492.625 979492.576 979492.565 979492.595 979492.669 979492.789 979492.958 979493.176 979493.444 979493.762 979494.129 979494.543 979495.001 979495.498 979496.029 979496.589 979497.169 979497.761 979498.356 979498.944 979499.512 979500.050 979500.546 979500.986 979501.358 979501.649 979501.848 979501.942 979501.921 979501.773 979501.490 979501.065 979500.490 979499.762 979498.877 979497.836 979496.639 979495.290 979493.796 979492.163 979490.404 979488.530 979486.557 979484.502 979482.384 979480.223 979478.041 979475.864 979473.715
979493.560 979493.210 979492.884 979492.581 979492.303 979492.053 979491.833 979491.646 979491.495 979491.383 979491.315 979491.293 979491.320 979491.398 979491.530 979491.718 979491.961 979492.261 979492.614 979493.020 979493.474 979493.973 979494.511 979495.081 979495.676 979496.285 979496.901 979497.511 979498.104 979498.668 979499.191 979499.659 979500.060 979500.381 979500.609 979500.732 979500.740 979500.621 979500.366 979499.969 979499.422 979498.722 979497.866 979496.853 979495.686 979494.368 979492.905 979491.306 979489.581 979487.745 979485.811 979483.797 979481.722 979479.608 979477.476 979475.351 979473.256
979493.096 979492.670 979492.267 979491.887 979491.533 979491.208 979490.915 979490.657 979490.440 979490.265 979490.138 979490.062 979490.040 979490.075 979490.170 979490.325 979490.541 979490.818 979491.156 979491.551 979491.999 979492.497 979493.038 979493.615 979494.220 979494.843 979495.475 979496.104 979496.717 979497.304 979497.850 979498.343 979498.769 979499.116 979499.369 979499.519 979499.552 979499.458 979499.230 979498.858 979498.338 979497.664 979496.835 979495.851 979494.712 979493.424 979491.993 979490.428 979488.739 979486.941 979485.048 979483.078 979481.050 979478.984 979476.905 979474.834 979472.796
979492.693 979492.191 979491.711 979491.254 979490.824 979490.424 979490.058 979489.731 979489.446 979489.208 979489.022 979488.891 979488.819 979488.809 979488.864 979488.985 979489.172 979489.426 979489.745 979490.126 979490.566 979491.060 979491.600 979492.181 979492.793 979493.426 979494.071 979494.714 979495.345 979495.950 979496.516 979497.029 979497.476 979497.844 979498.120 979498.291 979498.346 979498.275 979498.070 979497.721 979497.224 979496.575 979495.771 979494.813 979493.703 979492.444 979491.045 979489.514 979487.861 979486.102 979484.251 979482.326 979480.346 979478.332 979476.306 979474.293 979472.315
979492.329 979491.753 979491.197 979490.664 979490.159 979489.684 979489.246 979488.848 979488.497 979488.195 979487.950 979487.764 979487.642 979487.586 979487.601 979487.686 979487.843 979488.072 979488.371 979488.736 979489.165 979489.652 979490.189 979490.770 979491.386 979492.026 979492.679 979493.333 979493.977 979494.596 979495.177 979495.706 979496.170 979496.555 979496.849 979497.038 979497.112 979497.060 979496.873 979496.545 979496.069 979495.441 979494.660 979493.726 979492.642 979491.412 979490.044 979488.546 979486.930 979485.210 979483.402 979481.523 979479.592 979477.631 979475.662 979473.708 979471.792
979491.981 979491.332 979490.702 979490.095 979489.515 979488.968 979488.458 979487.992 979487.574 979487.210 979486.906 979486.665 979486.493 979486.392 979486.366 979486.415 979486.541 979486.744 979487.021 979487.369 979487.784 979488.261 979488.793 979489.372 979489.988 979490.631 979491.289 979491.951 979492.603 979493.232 979493.824 979494.365 979494.841 979495.239 979495.546 979495.749 979495.837 979495.799 979495.628 979495.316 979494.857 979494.248 979493.488 979492.576 979491.516 979490.313 979488.974 979487.509 979485.929 979484.249 979482.483 979480.651 979478.771 979476.864 979474.952 979473.059 979471.208
979491.626 979490.906 979490.203 979489.524 979488.872 979488.253 979487.674 979487.141 979486.659 979486.234 979485.872 979485.578 979485.357 979485.211 979485.144 979485.157 979485.252 979485.427 979485.681 979486.011 979486.412 979486.877 979487.401 979487.975 979488.588 979489.231 979489.891 979490.556 979491.212 979491.847 979492.446 979492.994 979493.478 979493.884 979494.200 979494.412 979494.510 979494.483 979494.323 979494.023 979493.578 979492.984 979492.241 979491.349 979490.311 979489.132 979487.821 979486.387 979484.842 979483.201 979481.478 979479.693 979477.864 979476.012 979474.159 979472.328 979470.543
979491.238 979490.449 979489.678 979488.928 979488.207 979487.520 979486.874 979486.276 979485.732 979485.248 979484.830 979484.485 979484.215 979484.026 979483.919 979483.897 979483.961 979484.109 979484.340 979484.650 979485.034 979485.487 979486.001 979486.567 979487.175 979487.815 979488.473 979489.138 979489.795 979490.431 979491.032 979491.583 979492.071 979492.481 979492.800 979493.017 979493.120 979493.099 979492.946 979492.655 979492.219 979491.637 979490.907 979490.031 979489.012 979487.856 979486.571 979485.167 979483.656 979482.052 979480.372 979478.633 979476.855 979475.059 979473.266 979471.499 979469.781
979490.793 979489.939 979489.100 979488.284 979487.497 979486.745 979486.035 979485.375 979484.772 979484.232 979483.762 979483.367 979483.051 979482.820 979482.676 979482.620 979482.653 979482.774 979482.982 979483.272 979483.640 979484.079 979484.581 979485.137 979485.738 979486.371 979487.025 979487.686 979488.340 979488.974 979489.573 979490.123 979490.609 979491.018 979491.337 979491.554 979491.657 979491.638 979491.487 979491.199 979490.770 979490.195 979489.475 979488.612 979487.610 979486.473 979485.211 979483.835 979482.356 979480.789 979479.150 979477.458 979475.731 979473.991 979472.259 979470.556 979468.906
979490.265 979489.349 979488.449 979487.570 979486.720 979485.907 979485.137 979484.420 979483.761 979483.168 979482.648 979482.207 979481.848 979481.578 979481.397 979481.309 979481.313 979481.409 979481.594 979481.864 979482.215 979482.639 979483.128 979483.674 979484.265 979484.890 979485.536 979486.190 979486.838 979487.466 979488.059 979488.603 979489.083 979489.487 979489.801 979490.013 979490.112 979490.089 979489.937 979489.648 979489.220 979488.649 979487.935 979487.082 979486.092 979484.972 979483.731 979482.380 979480.931 979479.400 979477.802 979476.155 979474.479 979472.795 979471.123 979469.486 979467.906
979489.631 979488.658 979487.700 979486.763 979485.855 979484.985 979484.160 979483.389 979482.679 979482.038 979481.472 979480.987 979480.589 979480.282 979480.069 979479.950 979479.928 979479.999 979480.163 979480.414 979480.748 979481.157 979481.633 979482.167 979482.747 979483.361 979483.997 979484.641 979485.280 979485.898 979486.481 979487.015 979487.486 979487.879 979488.183 979488.386 979488.476 979488.445 979488.286 979487.993 979487.561 979486.989 979486.278 979485.430 979484.450 979483.344 979482.121 979480.793 979479.373 979477.875 979476.316 979474.715 979473.089 979471.460 979469.850 979468.278 979466.768
979488.869 979487.843 979486.832 979485.841 979484.881 979483.959 979483.083 979482.264 979481.507 979480.822 979480.215 979479.692 979479.259 979478.919 979478.676 979478.531 979478.483 979478.533 979478.677 979478.911 979479.228 979479.623 979480.085 979480.606 979481.173 979481.775 979482.400 979483.032 979483.658 979484.263 979484.833 979485.353 979485.810 979486.189 979486.478 979486.667 979486.744 979486.700 979486.530 979486.226 979485.787 979485.211 979484.498 979483.652 979482.678 979481.582 979480.375 979479.068 979477.674 979476.208 979474.686 979473.128 979471.552 979469.979 979468.429 979466.923 979465.484
979487.957 979486.884 979485.825 979484.786 979483.779 979482.810 979481.890 979481.028 979480.230 979479.507 979478.863 979478.307 979477.843 979477.475 979477.206 979477.037 979476.969 979476.999 979477.126 979477.343 979477.646 979478.026 979478.475 979478.983 979479.537 979480.126 979480.736 979481.354 979481.965 979482.554 979483.108 979483.610 979484.049 979484.410 979484.681 979484.851 979484.909 979484.849 979484.663 979484.345 979483.894 979483.309 979482.591 979481.743 979480.771 979479.682 979478.488 979477.198 979475.828 979474.392 979472.907 979471.391 979469.864 979468.345 979466.856 979465.416 979464.048
979486.878 979485.763 979484.661 979483.581 979482.532 979481.523 979480.565 979479.665 979478.833 979478.076 979477.403 979476.818 979476.328 979475.937 979475.646 979475.458 979475.373 979475.387 979475.499 979475.703 979475.993 979476.360 979476.796 979477.291 979477.832 979478.407 979479.002 979479.603 979480.197 979480.768 979481.301 979481.783 979482.200 979482.539 979482.787 979482.934 979482.971 979482.889 979482.682 979482.347 979481.880 979481.281 979480.553 979479.700 979478.726 979477.642 979476.457 979475.182 979473.834 979472.425 979470.975 979469.500 979468.021 979466.556 979465.127 979463.753 979462.455
979485.614 979484.463 979483.326 979482.210 979481.126 979480.084 979479.093 979478.163 979477.302 979476.519 979475.822 979475.215 979474.705 979474.296 979473.989 979473.786 979473.687 979473.690 979473.790 979473.983 979474.262 979474.619 979475.043 979475.525 979476.053 979476.613 979477.192 979477.776 979478.351 979478.901 979479.412 979479.870 979480.262 979480.575 979480.797 979480.917 979480.927 979480.820 979480.589 979480.230 979479.743 979479.128 979478.386 979477.523 979476.545 979475.461 979474.282 979473.021 979471.691 979470.308 979468.890 979467.455 979466.022 979464.611 979463.241 979461.933 979460.706
