Code/MATLAB/Matlab_old/02 Fill Missing Data/data_grav_rasters/EGM96_gravity_ell.asc
ncols         159
nrows         172
xllcorner     32.4820794100
yllcorner     29.1707288100
cellsize      0.0259688
nodata_value  9999999
[rows 0 to 24 of 172, columns 0 to 56 of 159]
979622.840 979624.257 979625.577 979626.775 979627.831 979628.724 979629.433 979629.941 979630.235 979630.300 979630.128 979629.711 979629.045 979628.129 979626.966 979625.561 979623.923 979622.062 979619.994 979617.735 979615.304 979612.724 979610.018 979607.211 979604.330 979601.402 979598.455 979595.517 979592.617 979589.781 979587.036 979584.407 979581.916 979579.587 979577.436 979575.481 979573.736 979572.211 979570.914 979569.849 979569.018 979568.418 979568.045 979567.891 979567.944 979568.190 979568.615 979569.198 979569.920 979570.758 979571.690 979572.691 979573.736 979574.800 979575.860 979576.891 979577.870
979622.787 979624.229 979625.570 979626.786 979627.856 979628.758 979629.475 979629.988 979630.284 979630.349 979630.174 979629.754 979629.083 979628.162 979626.993 979625.583 979623.939 979622.073 979620.001 979617.740 979615.308 979612.729 979610.026 979607.223 979604.349 979601.430 979598.494 979595.569 979592.683 979589.863 979587.135 979584.524 979582.053 979579.741 979577.609 979575.672 979573.943 979572.432 979571.147 979570.091 979569.265 979568.667 979568.292 979568.129 979568.170 979568.398 979568.798 979569.351 979570.036 979570.832 979571.715 979572.661 979573.645 979574.643 979575.631 979576.586 979577.484
979622.308 979623.766 979625.120 979626.346 979627.424 979628.332 979629.052 979629.566 979629.862 979629.926 979629.750 979629.327 979628.654 979627.731 979626.561 979625.149 979623.506 979621.644 979619.576 979617.321 979614.898 979612.330 979609.640 979606.855 979603.999 979601.102 979598.190 979595.291 979592.433 979589.643 979586.946 979584.367 979581.928 979579.649 979577.549 979575.643 979573.944 979572.460 979571.199 979570.165 979569.357 979568.772 979568.405 979568.246 979568.284 979568.504 979568.889 979569.421 979570.079 979570.841 979571.683 979572.582 979573.513 979574.453 979575.377 979576.262 979577.087
979621.422 979622.886 979624.245 979625.474 979626.554 979627.462 979628.181 979628.694 979628.988 979629.050 979628.872 979628.448 979627.774 979626.852 979625.685 979624.278 979622.642 979620.789 979618.733 979616.493 979614.088 979611.542 979608.876 979606.118 979603.293 979600.429 979597.553 979594.694 979591.877 979589.129 979586.477 979583.943 979581.550 979579.317 979577.262 979575.399 979573.742 979572.298 979571.074 979570.073 979569.294 979568.733 979568.385 979568.240 979568.286 979568.507 979568.887 979569.407 979570.046 979570.782 979571.591 979572.451 979573.337 979574.225 979575.092 979575.915 979576.674
979620.151 979621.614 979622.969 979624.195 979625.270 979626.174 979626.888 979627.397 979627.686 979627.745 979627.565 979627.141 979626.469 979625.551 979624.390 979622.993 979621.369 979619.531 979617.495 979615.278 979612.900 979610.384 979607.753 979605.032 979602.249 979599.430 979596.602 979593.793 979591.029 979588.337 979585.741 979583.265 979580.929 979578.754 979576.756 979574.950 979573.346 979571.953 979570.777 979569.820 979569.080 979568.555 979568.236 979568.114 979568.176 979568.407 979568.791 979569.307 979569.935 979570.653 979571.437 979572.265 979573.112 979573.956 979574.772 979575.540 979576.239
979618.526 979619.978 979621.323 979622.538 979623.603 979624.497 979625.202 979625.703 979625.987 979626.041 979625.859 979625.435 979624.767 979623.856 979622.705 979621.321 979619.715 979617.900 979615.889 979613.703 979611.360 979608.882 979606.295 979603.622 979600.891 979598.127 979595.357 979592.610 979589.910 979587.284 979584.756 979582.349 979580.082 979577.976 979576.047 979574.307 979572.767 979571.436 979570.318 979569.414 979568.724 979568.242 979567.961 979567.871 979567.958 979568.208 979568.602 979569.122 979569.746 979570.453 979571.219 979572.021 979572.837 979573.642 979574.414 979575.133 979575.779
979616.578 979618.012 979619.339 979620.538 979621.586 979622.466 979623.158 979623.649 979623.924 979623.974 979623.789 979623.367 979622.704 979621.801 979620.664 979619.298 979617.715 979615.926 979613.948 979611.799 979609.498 979607.068 979604.533 979601.916 979599.245 979596.546 979593.845 979591.169 979588.544 979585.994 979583.544 979581.216 979579.029 979577.002 979575.150 979573.486 979572.020 979570.760 979569.708 979568.867 979568.234 979567.804 979567.569 979567.518 979567.637 979567.912 979568.324 979568.854 979569.480 979570.182 979570.936 979571.719 979572.508 979573.280 979574.014 979574.690 979575.287
979614.343 979615.751 979617.054 979618.230 979619.257 979620.118 979620.795 979621.272 979621.538 979621.581 979621.394 979620.973 979620.317 979619.426 979618.304 979616.960 979615.404 979613.648 979611.708 979609.602 979607.350 979604.975 979602.499 979599.947 979597.345 979594.719 979592.095 979589.499 979586.957 979584.493 979582.130 979579.889 979577.790 979575.850 979574.085 979572.506 979571.122 979569.940 979568.963 979568.191 979567.623 979567.251 979567.068 979567.062 979567.220 979567.525 979567.960 979568.505 979569.139 979569.841 979570.587 979571.355 979572.122 979572.867 979573.568 979574.204 979574.759
979611.859 979613.235 979614.507 979615.655 979616.657 979617.495 979618.152 979618.614 979618.868 979618.904 979618.715 979618.297 979617.648 979616.770 979615.668 979614.349 979612.823 979611.104 979609.208 979607.151 979604.954 979602.639 979600.229 979597.749 979595.223 979592.678 979590.138 979587.631 979585.179 979582.808 979580.539 979578.394 979576.390 979574.546 979572.874 979571.385 979570.090 979568.992 979568.096 979567.400 979566.901 979566.593 979566.467 979566.511 979566.712 979567.052 979567.514 979568.079 979568.725 979569.430 979570.172 979570.929 979571.679 979572.399 979573.070 979573.672 979574.187
979609.164 979610.502 979611.738 979612.853 979613.825 979614.637 979615.273 979615.717 979615.958 979615.986 979615.795 979615.380 979614.740 979613.878 979612.797 979611.506 979610.015 979608.337 979606.488 979604.485 979602.348 979600.100 979597.762 979595.359 979592.916 979590.457 979588.009 979585.595 979583.241 979580.969 979578.801 979576.757 979574.855 979573.111 979571.538 979570.146 979568.944 979567.936 979567.125 979566.509 979566.084 979565.843 979565.778 979565.876 979566.122 979566.500 979566.992 979567.579 979568.239 979568.950 979569.691 979570.440 979571.174 979571.873 979572.517 979573.087 979573.566
979606.298 979607.592 979608.788 979609.865 979610.805 979611.588 979612.200 979612.625 979612.852 979612.872 979612.678 979612.267 979611.637 979610.792 979609.735 979608.475 979607.021 979605.388 979603.590 979601.646 979599.574 979597.396 979595.135 979592.815 979590.459 979588.093 979585.741 979583.427 979581.175 979579.007 979576.945 979575.007 979573.211 979571.572 979570.101 979568.810 979567.705 979566.790 979566.066 979565.532 979565.184 979565.013 979565.011 979565.163 979565.457 979565.875 979566.399 979567.009 979567.684 979568.403 979569.144 979569.886 979570.606 979571.285 979571.904 979572.444 979572.889
979603.299 979604.544 979605.696 979606.734 979607.637 979608.390 979608.975 979609.379 979609.592 979609.603 979609.408 979609.001 979608.383 979607.557 979606.526 979605.298 979603.885 979602.300 979600.557 979598.674 979596.671 979594.568 979592.388 979590.154 979587.890 979585.620 979583.368 979581.158 979579.012 979576.952 979574.999 979573.170 979571.483 979569.951 979568.586 979567.398 979566.391 979565.571 979564.937 979564.487 979564.215 979564.115 979564.176 979564.384 979564.726 979565.183 979565.738 979566.371 979567.062 979567.788 979568.530 979569.264 979569.971 979570.631 979571.224 979571.735 979572.148
979600.203 979601.398 979602.502 979603.497 979604.363 979605.082 979605.640 979606.024 979606.221 979606.224 979606.027 979605.626 979605.021 979604.214 979603.211 979602.019 979600.649 979599.113 979597.428 979595.610 979593.678 979591.653 979589.557 979587.413 979585.244 979583.073 979580.924 979578.820 979576.783 979574.834 979572.991 979571.274 979569.697 979568.274 979567.016 979565.931 979565.024 979564.298 979563.753 979563.386 979563.191 979563.161 979563.284 979563.546 979563.934 979564.430 979565.015 979565.670 979566.374 979567.107 979567.847 979568.573 979569.266 979569.905 979570.474 979570.955 979571.335
979597.046 979598.188 979599.243 979600.193 979601.019 979601.705 979602.236 979602.597 979602.780 979602.774 979602.576 979602.182 979601.591 979600.806 979599.832 979598.677 979597.352 979595.869 979594.243 979592.492 979590.634 979588.689 979586.680 979584.627 979582.555 979580.485 979578.441 979576.445 979574.518 979572.680 979570.950 979569.344 979567.878 979566.564 979565.411 979564.428 979563.620 979562.987 979562.530 979562.244 979562.124 979562.161 979562.344 979562.658 979563.090 979563.621 979564.233 979564.907 979565.623 979566.359 979567.095 979567.811 979568.487 979569.104 979569.646 979570.097 979570.443
979593.861 979594.947 979595.952 979596.857 979597.643 979598.295 979598.797 979599.137 979599.305 979599.292 979599.094 979598.707 979598.131 979597.369 979596.426 979595.310 979594.031 979592.602 979591.038 979589.356 979587.573 979585.711 979583.789 979581.830 979579.855 979577.888 979575.949 979574.061 979572.244 979570.517 979568.899 979567.404 979566.047 979564.840 979563.792 979562.910 979562.197 979561.655 979561.282 979561.075 979561.026 979561.127 979561.365 979561.727 979562.198 979562.761 979563.396 979564.085 979564.808 979565.543 979566.272 979566.974 979567.630 979568.222 979568.735 979569.152 979569.463
979590.676 979591.707 979592.661 979593.520 979594.267 979594.884 979595.359 979595.678 979595.832 979595.813 979595.615 979595.237 979594.677 979593.940 979593.029 979591.953 979590.722 979589.349 979587.848 979586.235 979584.529 979582.750 979580.916 979579.051 979577.174 979575.309 979573.476 979571.695 979569.987 979568.370 979566.861 979565.475 979564.226 979563.123 979562.176 979561.391 979560.770 979560.315 979560.022 979559.889 979559.906 979560.065 979560.354 979560.759 979561.265 979561.853 979562.506 979563.205 979563.929 979564.660 979565.376 979566.059 979566.691 979567.254 979567.734 979568.115 979568.387
979587.518 979588.493 979589.397 979590.211 979590.918 979591.503 979591.950 979592.250 979592.391 979592.366 979592.171 979591.802 979591.261 979590.549 979589.672 979588.637 979587.455 979586.138 979584.701 979583.159 979581.530 979579.834 979578.089 979576.317 979574.538 979572.774 979571.044 979569.370 979567.769 979566.260 979564.858 979563.578 979562.432 979561.430 979560.580 979559.887 979559.353 979558.979 979558.761 979558.695 979558.773 979558.985 979559.318 979559.760 979560.293 979560.900 979561.565 979562.267 979562.987 979563.706 979564.404 979565.063 979565.666 979566.195 979566.637 979566.977 979567.207
979584.408 979585.329 979586.184 979586.954 979587.623 979588.175 979588.598 979588.879 979589.009 979588.980 979588.788 979588.431 979587.909 979587.223 979586.381 979585.389 979584.257 979582.998 979581.624 979580.153 979578.602 979576.988 979575.331 979573.651 979571.969 979570.304 979568.677 979567.106 979565.609 979564.204 979562.906 979561.727 979560.680 979559.774 979559.016 979558.410 979557.957 979557.658 979557.509 979557.504 979557.635 979557.892 979558.262 979558.732 979559.285 979559.905 979560.573 979561.271 979561.980 979562.681 979563.354 979563.983 979564.550 979565.039 979565.438 979565.733 979565.916
979581.364 979582.233 979583.040 979583.768 979584.401 979584.924 979585.323 979585.587 979585.708 979585.677 979585.490 979585.146 979584.644 979583.987 979583.180 979582.231 979581.150 979579.948 979578.640 979577.239 979575.764 979574.233 979572.663 979571.074 979569.486 979567.918 979566.390 979564.919 979563.523 979562.218 979561.019 979559.937 979558.984 979558.168 979557.495 979556.969 979556.591 979556.359 979556.271 979556.319 979556.495 979556.789 979557.189 979557.679 979558.244 979558.868 979559.532 979560.218 979560.907 979561.582 979562.223 979562.814 979563.338 979563.782 979564.132 979564.376 979564.507
979578.400 979579.219 979579.981 979580.670 979581.269 979581.764 979582.142 979582.392 979582.505 979582.474 979582.294 979581.964 979581.484 979580.857 979580.087 979579.182 979578.152 979577.008 979575.764 979574.434 979573.035 979571.584 979570.099 979568.599 979567.103 979565.630 979564.198 979562.823 979561.524 979560.314 979559.208 979558.218 979557.352 979556.620 979556.025 979555.572 979555.261 979555.089 979555.053 979555.146 979555.359 979555.681 979556.100 979556.602 979557.170 979557.788 979558.439 979559.104 979559.766 979560.406 979561.007 979561.553 979562.028 979562.418 979562.713 979562.900 979562.974
979575.526 979576.298 979577.018 979577.670 979578.239 979578.709 979579.068 979579.306 979579.414 979579.385 979579.214 979578.901 979578.444 979577.847 979577.115 979576.255 979575.277 979574.191 979573.010 979571.750 979570.426 979569.054 979567.652 979566.239 979564.832 979563.450 979562.109 979560.827 979559.619 979558.500 979557.482 979556.576 979555.792 979555.135 979554.612 979554.224 979553.971 979553.850 979553.858 979553.986 979554.227 979554.568 979554.998 979555.501 979556.063 979556.667 979557.295 979557.930 979558.555 979559.152 979559.704 979560.197 979560.614 979560.945 979561.176 979561.301 979561.312
979572.746 979573.475 979574.157 979574.776 979575.317 979575.766 979576.109 979576.338 979576.443 979576.418 979576.259 979575.963 979575.532 979574.967 979574.274 979573.459 979572.532 979571.504 979570.387 979569.195 979567.944 979566.650 979565.329 979564.000 979562.679 979561.383 979560.131 979558.936 979557.814 979556.779 979555.843 979555.016 979554.305 979553.718 979553.258 979552.926 979552.723 979552.645 979552.687 979552.842 979553.100 979553.451 979553.881 979554.376 979554.922 979555.501 979556.097 979556.693 979557.272 979557.816 979558.311 979558.742 979559.094 979559.357 979559.519 979559.574 979559.515
979570.064 979570.754 979571.401 979571.991 979572.508 979572.938 979573.269 979573.491 979573.597 979573.578 979573.432 979573.156 979572.752 979572.220 979571.566 979570.798 979569.923 979568.952 979567.898 979566.774 979565.594 979564.375 979563.133 979561.885 979560.646 979559.434 979558.264 979557.152 979556.111 979555.155 979554.294 979553.538 979552.894 979552.367 979551.962 979551.679 979551.517 979551.472 979551.539 979551.711 979551.977 979552.327 979552.748 979553.226 979553.745 979554.290 979554.844 979555.391 979555.914 979556.397 979556.826 979557.186 979557.466 979557.652 979557.738 979557.716 979557.582
979567.477 979568.132 979568.749 979569.314 979569.810 979570.225 979570.547 979570.766 979570.874 979570.865 979570.734 979570.481 979570.104 979569.607 979568.994 979568.272 979567.449 979566.535 979565.543 979564.485 979563.376 979562.230 979561.064 979559.893 979558.733 979557.600 979556.508 979555.474 979554.508 979553.624 979552.832 979552.140 979551.555 979551.082 979550.724 979550.480 979550.350 979550.329 979550.412 979550.591 979550.856 979551.195 979551.597 979552.047 979552.530 979553.030 979553.533 979554.021 979554.480 979554.893 979555.247 979555.529 979555.726 979555.830 979555.832 979555.727 979555.511
979564.981 979565.606 979566.197 979566.740 979567.220 979567.624 979567.940 979568.159 979568.273 979568.275 979568.162 979567.932 979567.585 979567.124 979566.552 979565.877 979565.106 979564.249 979563.318 979562.325 979561.284 979560.210 979559.116 979558.020 979556.935 979555.876 979554.859 979553.896 979553.001 979552.183 979551.453 979550.818 979550.285 979549.858 979549.538 979549.325 979549.219 979549.213 979549.302 979549.479 979549.732 979550.052 979550.424 979550.837 979551.274 979551.721 979552.162 979552.583 979552.967 979553.302 979553.572 979553.767 979553.876 979553.889 979553.801 979553.606 979553.302
