Code/MATLAB/Matlab_old/02 Fill Missing Data/data_grav_rasters/EGM96_gravitation_ell.asc
ncols         159
nrows         172
xllcorner     32.4820794100
yllcorner     29.1707288100
cellsize      0.0259688
nodata_value  9999999
[rows 50 to 74 of 172, columns 57 to 113 of 159]
981906.116 981903.772 981901.508 981899.354 981897.336 981895.482 981893.821 981892.378 981891.180 981890.250 981889.612 981889.287 981889.291 981889.641 981890.349 981891.423 981892.871 981894.694 981896.889 981899.452 981902.374 981905.640 981909.234 981913.135 981917.318 981921.757 981926.420 981931.273 981936.281 981941.406 981946.607 981951.844 981957.075 981962.257 981967.349 981972.310 981977.098 981981.676 981986.006 981990.055 981993.791 981997.186 982000.216 982002.860 982005.102 982006.930 982008.336 982009.318 982009.877 982010.020 982009.757 982009.103 982008.079 982006.707 982005.014 982003.032 982000.792
981906.037 981903.699 981901.446 981899.307 981897.307 981895.477 981893.842 981892.430 981891.267 981890.376 981889.779 981889.497 981889.547 981889.945 981890.701 981891.825 981893.321 981895.191 981897.433 981900.040 981903.003 981906.306 981909.934 981913.864 981918.072 981922.530 981927.207 981932.069 981937.079 981942.201 981947.394 981952.617 981957.829 981962.989 981968.053 981972.983 981977.738 981982.280 981986.573 981990.584 981994.282 981997.640 982000.635 982003.247 982005.461 982007.264 982008.650 982009.617 982010.167 982010.308 982010.049 982009.406 982008.399 982007.052 982005.391 982003.446 982001.250
981906.126 981903.801 981901.565 981899.446 981897.471 981895.669 981894.065 981892.688 981891.562 981890.712 981890.158 981889.920 981890.016 981890.460 981891.263 981892.433 981893.974 981895.887 981898.169 981900.814 981903.810 981907.143 981910.795 981914.745 981918.967 981923.433 981928.112 981932.970 981937.970 981943.076 981948.247 981953.444 981958.624 981963.746 981968.771 981973.656 981978.365 981982.858 981987.102 981991.063 981994.713 981998.024 982000.975 982003.546 982005.722 982007.493 982008.853 982009.799 982010.336 982010.470 982010.212 982009.578 982008.588 982007.265 982005.636 982003.729 982001.579
981906.373 981904.069 981901.856 981899.763 981897.818 981896.048 981894.481 981893.142 981892.056 981891.248 981890.738 981890.546 981890.687 981891.176 981892.024 981893.236 981894.818 981896.769 981899.086 981901.761 981904.783 981908.137 981911.805 981915.764 981919.989 981924.452 981929.121 981933.962 981938.940 981944.017 981949.153 981954.308 981959.442 981964.515 981969.485 981974.313 981978.961 981983.393 981987.575 981991.475 981995.065 981998.318 982001.214 982003.734 982005.864 982007.595 982008.921 982009.841 982010.359 982010.482 982010.221 982009.593 982008.618 982007.318 982005.719 982003.852 982001.748
981906.770 981904.492 981902.308 981900.247 981898.336 981896.603 981895.075 981893.778 981892.736 981891.972 981891.507 981891.360 981891.547 981892.079 981892.969 981894.221 981895.840 981897.824 981900.169 981902.868 981905.908 981909.274 981912.948 981916.906 981921.124 981925.572 981930.219 981935.032 981939.974 981945.008 981950.095 981955.196 981960.270 981965.278 981970.179 981974.936 981979.511 981983.868 981987.975 981991.801 981995.318 981998.502 982001.332 982003.791 982005.866 982007.548 982008.833 982009.720 982010.212 982010.319 982010.052 982009.426 982008.463 982007.183 982005.615 982003.787 982001.730
981907.302 981905.056 981902.906 981900.882 981899.011 981897.319 981895.834 981894.582 981893.585 981892.868 981892.449 981892.348 981892.578 981893.154 981894.083 981895.372 981897.023 981899.035 981901.403 981904.118 981907.169 981910.539 981914.210 981918.157 981922.356 981926.778 981931.391 981936.162 981941.055 981946.033 981951.058 981956.090 981961.090 981966.019 981970.838 981975.509 981979.996 981984.265 981988.284 981992.023 981995.455 981998.558 982001.311 982003.699 982005.709 982007.333 982008.568 982009.414 982009.875 982009.960 982009.681 982009.054 982008.099 982006.839 982005.299 982003.509 982001.499
981907.955 981905.746 981903.636 981901.653 981899.826 981898.179 981896.741 981895.536 981894.588 981893.918 981893.547 981893.491 981893.765 981894.382 981895.348 981896.670 981898.350 981900.385 981902.770 981905.495 981908.549 981911.915 981915.572 981919.499 981923.669 981928.053 981932.620 981937.337 981942.168 981947.077 981952.025 981956.974 981961.886 981966.722 981971.444 981976.015 981980.401 981984.568 981988.485 981992.124 981995.459 981998.469 982001.134 982003.439 982005.374 982006.932 982008.109 982008.906 982009.329 982009.386 982009.090 982008.457 982007.507 982006.263 982004.750 982002.997 982001.033
981908.711 981906.544 981904.479 981902.543 981900.763 981899.166 981897.777 981896.623 981895.725 981895.104 981894.781 981894.771 981895.088 981895.744 981896.745 981898.098 981899.802 981901.855 981904.251 981906.980 981910.029 981913.382 981917.018 981920.914 981925.044 981929.380 981933.889 981938.539 981943.296 981948.121 981952.979 981957.832 981962.642 981967.370 981971.982 981976.439 981980.710 981984.761 981988.564 981992.089 981995.315 981998.219 982000.784 982002.997 982004.847 982006.328 982007.438 982008.179 982008.556 982008.579 982008.260 982007.617 982006.669 982005.438 982003.950 982002.232 982000.314
981909.553 981907.433 981905.416 981903.530 981901.802 981900.258 981898.922 981897.821 981896.974 981896.405 981896.130 981896.166 981896.526 981897.219 981898.254 981899.634 981901.358 981903.425 981905.826 981908.553 981911.590 981914.922 981918.528 981922.384 981926.464 981930.740 981935.180 981939.752 981944.420 981949.151 981953.906 981958.648 981963.342 981967.950 981972.436 981976.767 981980.908 981984.830 981988.504 981991.905 981995.008 981997.795 982000.249 982002.358 982004.113 982005.508 982006.542 982007.219 982007.543 982007.525 982007.179 982006.521 982005.570 982004.349 982002.883 982001.199 981999.326
981910.461 981908.392 981906.428 981904.596 981902.923 981901.434 981900.155 981899.108 981898.316 981897.799 981897.573 981897.655 981898.057 981898.787 981899.853 981901.256 981902.998 981905.073 981907.475 981910.193 981913.212 981916.515 981920.082 981923.889 981927.909 981932.115 981936.475 981940.956 981945.526 981950.148 981954.787 981959.407 981963.971 981968.445 981972.793 981976.983 981980.982 981984.762 981988.295 981991.557 981994.526 981997.185 981999.517 982001.511 982003.161 982004.461 982005.411 982006.015 982006.280 982006.215 982005.835 982005.157 982004.200 982002.986 982001.540 981999.889 981998.060
981911.414 981909.399 981907.492 981905.718 981904.103 981902.673 981901.452 981900.463 981899.727 981899.263 981899.088 981899.216 981899.659 981900.424 981901.519 981902.944 981904.700 981906.780 981909.177 981911.880 981914.874 981918.142 981921.661 981925.410 981929.362 981933.487 981937.757 981942.137 981946.596 981951.098 981955.609 981960.093 981964.516 981968.842 981973.040 981977.076 981980.920 981984.546 981987.926 981991.037 981993.860 981996.379 981998.578 982000.448 982001.983 982003.178 982004.036 982004.561 982004.758 982004.641 982004.222 982003.519 982002.551 982001.341 981999.913 981998.293 981996.508
981912.390 981910.434 981908.586 981906.873 981905.320 981903.952 981902.792 981901.863 981901.185 981900.775 981900.651 981900.825 981901.309 981902.109 981903.231 981904.676 981906.441 981908.522 981910.910 981913.593 981916.557 981919.781 981923.247 981926.930 981930.804 981934.840 981939.008 981943.278 981947.615 981951.986 981956.357 981960.694 981964.963 981969.130 981973.164 981977.035 981980.712 981984.171 981987.386 981990.336 981993.002 981995.370 981997.426 981999.162 982000.572 982001.656 982002.413 982002.850 982002.975 982002.798 982002.336 982001.603 982000.622 981999.413 981998.000 981996.409 981994.667
981913.369 981911.474 981909.689 981908.040 981906.552 981905.248 981904.152 981903.285 981902.665 981902.312 981902.240 981902.461 981902.985 981903.819 981904.966 981906.428 981908.201 981910.280 981912.654 981915.313 981918.239 981921.416 981924.820 981928.429 981932.217 981936.155 981940.214 981944.362 981948.568 981952.798 981957.018 981961.197 981965.300 981969.298 981973.157 981976.851 981980.350 981983.631 981986.670 981989.447 981991.947 981994.153 981996.057 981997.650 981998.928 981999.890 982000.540 982000.883 982000.928 982000.687 982000.176 981999.411 981998.412 981997.201 981995.801 981994.239 981992.538
981914.329 981912.498 981910.779 981909.197 981907.776 981906.539 981905.509 981904.705 981904.147 981903.851 981903.831 981904.099 981904.664 981905.531 981906.703 981908.180 981909.958 981912.031 981914.389 981917.018 981919.903 981923.025 981926.362 981929.891 981933.586 981937.418 981941.359 981945.377 981949.442 981953.520 981957.581 981961.591 981965.519 981969.335 981973.010 981976.516 981979.827 981982.919 981985.772 981988.368 981990.690 981992.727 981994.469 981995.910 981997.048 981997.883 981998.418 981998.661 981998.621 981998.311 981997.746 981996.944 981995.925 981994.710 981993.323 981991.787 981990.129
981915.249 981913.485 981911.835 981910.322 981908.970 981907.803 981906.840 981906.102 981905.607 981905.370 981905.403 981905.719 981906.324 981907.224 981908.420 981909.911 981911.693 981913.757 981916.095 981918.691 981921.530 981924.593 981927.857 981931.300 981934.894 981938.614 981942.428 981946.309 981950.224 981954.143 981958.034 981961.866 981965.610 981969.236 981972.716 981976.025 981979.138 981982.033 981984.691 981987.096 981989.233 981991.091 981992.664 981993.946 981994.937 981995.637 981996.051 981996.189 981996.059 981995.675 981995.054 981994.212 981993.170 981991.949 981990.573 981989.064 981987.447
981916.109 981914.415 981912.835 981911.394 981910.114 981909.018 981908.125 981907.455 981907.024 981906.847 981906.936 981907.300 981907.946 981908.878 981910.097 981911.601 981913.384 981915.438 981917.753 981920.313 981923.102 981926.101 981929.288 981932.639 981936.128 981939.728 981943.410 981947.146 981950.904 981954.655 981958.369 981962.016 981965.566 981968.994 981972.271 981975.374 981978.281 981980.970 981983.425 981985.631 981987.575 981989.248 981990.645 981991.762 981992.599 981993.159 981993.448 981993.475 981993.251 981992.790 981992.109 981991.225 981990.158 981988.930 981987.563 981986.081 981984.507
981916.891 981915.267 981913.760 981912.393 981911.188 981910.165 981909.345 981908.744 981908.379 981908.264 981908.408 981908.821 981909.509 981910.474 981911.716 981913.231 981915.015 981917.057 981919.347 981921.868 981924.604 981927.536 981930.641 981933.895 981937.273 981940.749 981944.293 981947.877 981951.472 981955.049 981958.579 981962.033 981965.384 981968.605 981971.672 981974.562 981977.255 981979.732 981981.977 981983.977 981985.722 981987.204 981988.418 981989.364 981990.042 981990.457 981990.617 981990.529 981990.208 981989.668 981988.924 981987.996 981986.904 981985.668 981984.311 981982.856 981981.325
981917.576 981916.026 981914.594 981913.302 981912.173 981911.226 981910.479 981909.950 981909.653 981909.601 981909.803 981910.266 981910.996 981911.994 981913.258 981914.786 981916.569 981918.598 981920.860 981923.341 981926.022 981928.883 981931.903 981935.057 981938.320 981941.666 981945.067 981948.495 981951.922 981955.319 981958.658 981961.913 981965.058 981968.067 981970.918 981973.589 981976.063 981978.321 981980.350 981982.139 981983.679 981984.964 981985.992 981986.762 981987.278 981987.545 981987.571 981987.367 981986.946 981986.324 981985.517 981984.544 981983.425 981982.181 981980.834 981979.407 981977.920
981918.150 981916.674 981915.318 981914.105 981913.053 981912.184 981911.513 981911.058 981910.830 981910.842 981911.103 981911.617 981912.390 981913.422 981914.709 981916.248 981918.030 981920.046 981922.280 981924.718 981927.342 981930.130 981933.062 981936.113 981939.258 981942.471 981945.725 981948.992 981952.246 981955.459 981958.603 981961.655 981964.588 981967.380 981970.010 981972.457 981974.706 981976.741 981978.550 981980.123 981981.454 981982.539 981983.377 981983.968 981984.318 981984.434 981984.325 981984.003 981983.481 981982.776 981981.905 981980.887 981979.742 981978.491 981977.155 981975.756 981974.316
981918.598 981917.198 981915.920 981914.786 981913.815 981913.025 981912.432 981912.051 981911.895 981911.973 981912.294 981912.861 981913.678 981914.744 981916.055 981917.606 981919.387 981921.388 981923.594 981925.988 981928.553 981931.268 981934.110 981937.055 981940.079 981943.156 981946.260 981949.364 981952.441 981955.465 981958.412 981961.256 981963.974 981966.545 981968.949 981971.170 981973.190 981974.998 981976.584 981977.939 981979.058 981979.940 981980.585 981980.996 981981.179 981981.142 981980.896 981980.454 981979.831 981979.043 981978.109 981977.046 981975.876 981974.619 981973.296 981971.929 981970.537
981918.910 981917.587 981916.388 981915.335 981914.445 981913.736 981913.223 981912.919 981912.836 981912.982 981913.364 981913.986 981914.848 981915.949 981917.285 981918.848 981920.629 981922.615 981924.792 981927.142 981929.648 981932.287 981935.038 981937.876 981940.778 981943.717 981946.668 981949.606 981952.504 981955.338 981958.083 981960.717 981963.217 981965.565 981967.742 981969.732 981971.522 981973.101 981974.461 981975.595 981976.501 981977.179 981977.630 981977.859 981977.874 981977.685 981977.303 981976.742 981976.018 981975.149 981974.151 981973.046 981971.852 981970.592 981969.284 981967.951 981966.611
981919.076 981917.830 981916.713 981915.742 981914.935 981914.308 981913.876 981913.651 981913.643 981913.858 981914.304 981914.981 981915.890 981917.027 981918.388 981919.965 981921.746 981923.718 981925.866 981928.173 981930.618 981933.182 981935.840 981938.571 981941.349 981944.149 981946.947 981949.717 981952.435 981955.076 981957.619 981960.041 981962.322 981964.445 981966.392 981968.151 981969.710 981971.059 981972.192 981973.105 981973.798 981974.271 981974.528 981974.576 981974.424 981974.083 981973.566 981972.887 981972.064 981971.114 981970.057 981968.911 981967.697 981966.435 981965.146 981963.850 981962.565
981919.089 981917.923 981916.887 981915.999 981915.277 981914.735 981914.385 981914.240 981914.308 981914.595 981915.105 981915.839 981916.796 981917.972 981919.359 981920.950 981922.732 981924.691 981926.811 981929.074 981931.459 981933.947 981936.514 981939.136 981941.790 981944.451 981947.095 981949.697 981952.233 981954.682 981957.021 981959.231 981961.292 981963.189 981964.908 981966.435 981967.762 981968.881 981969.788 981970.481 981970.961 981971.230 981971.295 981971.163 981970.846 981970.355 981969.705 981968.911 981967.992 981966.965 981965.850 981964.666 981963.435 981962.176 981960.909 981959.654 981958.429
981918.947 981917.860 981916.907 981916.104 981915.467 981915.010 981914.745 981914.682 981914.827 981915.187 981915.763 981916.556 981917.562 981918.777 981920.193 981921.799 981923.583 981925.529 981927.622 981929.842 981932.169 981934.581 981937.056 981939.571 981942.101 981944.623 981947.113 981949.547 981951.902 981954.158 981956.294 981958.292 981960.134 981961.807 981963.296 981964.593 981965.690 981966.581 981967.263 981967.737 981968.006 981968.074 981967.948 981967.640 981967.160 981966.522 981965.742 981964.837 981963.824 981962.724 981961.556 981960.339 981959.095 981957.843 981956.603 981955.394 981954.232
981918.647 981917.640 981916.770 981916.053 981915.503 981915.133 981914.954 981914.973 981915.198 981915.632 981916.276 981917.129 981918.186 981919.442 981920.887 981922.510 981924.297 981926.232 981928.298 981930.476 981932.745 981935.083 981937.468 981939.876 981942.283 981944.666 981947.003 981949.270 981951.445 981953.510 981955.444 981957.231 981958.856 981960.305 981961.568 981962.636 981963.504 981964.169 981964.629 981964.888 981964.948 981964.818 981964.506 981964.024 981963.386 981962.605 981961.700 981960.687 981959.587 981958.418 981957.201 981955.956 981954.704 981953.465 981952.256 981951.097 981950.005
