Code/MATLAB/Matlab_old/02 Fill Missing Data/data_grav_rasters/EGM96_gravitation_ell.asc
ncols         159
nrows         172
xllcorner     32.4820794100
yllcorner     29.1707288100
cellsize      0.0259688
nodata_value  9999999
[rows 0 to 24 of 172, columns 0 to 56 of 159]
981978.768 981980.185 981981.505 981982.704 981983.761 981984.653 981985.363 981985.872 981986.165 981986.231 981986.059 981985.643 981984.978 981984.063 981982.900 981981.496 981979.858 981977.998 981975.930 981973.671 981971.241 981968.661 981965.956 981963.149 981960.268 981957.341 981954.394 981951.457 981948.557 981945.721 981942.976 981940.347 981937.857 981935.528 981933.377 981931.423 981929.678 981928.153 981926.856 981925.792 981924.961 981924.361 981923.989 981923.835 981923.888 981924.136 981924.560 981925.144 981925.867 981926.706 981927.638 981928.639 981929.685 981930.751 981931.811 981932.843 981933.823
981980.133 981981.575 981982.916 981984.133 981985.203 981986.106 981986.823 981987.337 981987.632 981987.698 981987.524 981987.104 981986.434 981985.513 981984.345 981982.935 981981.291 981979.426 981977.355 981975.093 981972.662 981970.083 981967.380 981964.578 981961.704 981958.785 981955.849 981952.925 981950.039 981947.219 981944.492 981941.881 981939.409 981937.098 981934.966 981933.029 981931.300 981929.789 981928.504 981927.448 981926.623 981926.025 981925.649 981925.488 981925.528 981925.757 981926.157 981926.711 981927.397 981928.193 981929.076 981930.023 981931.008 981932.007 981932.996 981933.951 981934.850
981981.072 981982.530 981983.884 981985.111 981986.189 981987.097 981987.817 981988.333 981988.628 981988.693 981988.517 981988.095 981987.422 981986.499 981985.330 981983.919 981982.276 981980.414 981978.346 981976.091 981973.669 981971.101 981968.412 981965.626 981962.771 981959.873 981956.961 981954.063 981951.205 981948.415 981945.718 981943.139 981940.699 981938.421 981936.321 981934.414 981932.715 981931.231 981929.971 981928.936 981928.128 981927.543 981927.176 981927.018 981927.056 981927.276 981927.662 981928.194 981928.853 981929.615 981930.458 981931.357 981932.289 981933.229 981934.154 981935.040 981935.866
981981.602 981983.067 981984.426 981985.656 981986.736 981987.644 981988.364 981988.878 981989.172 981989.234 981989.056 981988.633 981987.960 981987.038 981985.871 981984.465 981982.829 981980.975 981978.920 981976.680 981974.275 981971.729 981969.063 981966.305 981963.480 981960.616 981957.740 981954.880 981952.063 981949.316 981946.663 981944.129 981941.736 981939.502 981937.447 981935.585 981933.927 981932.483 981931.259 981930.258 981929.478 981928.918 981928.570 981928.425 981928.471 981928.692 981929.073 981929.593 981930.232 981930.969 981931.779 981932.639 981933.525 981934.414 981935.281 981936.105 981936.865
981981.748 981983.211 981984.567 981985.793 981986.869 981987.773 981988.487 981988.996 981989.286 981989.346 981989.166 981988.742 981988.071 981987.153 981985.992 981984.595 981982.971 981981.134 981979.098 981976.881 981974.503 981971.986 981969.355 981966.635 981963.851 981961.032 981958.204 981955.394 981952.630 981949.938 981947.342 981944.865 981942.529 981940.354 981938.356 981936.549 981934.945 981933.552 981932.375 981931.418 981930.678 981930.152 981929.833 981929.711 981929.774 981930.005 981930.389 981930.905 981931.534 981932.252 981933.037 981933.865 981934.713 981935.557 981936.374 981937.142 981937.842
981981.538 981982.991 981984.336 981985.552 981986.617 981987.511 981988.217 981988.719 981989.002 981989.057 981988.876 981988.452 981987.784 981986.873 981985.722 981984.339 981982.733 981980.917 981978.907 981976.720 981974.377 981971.900 981969.312 981966.639 981963.907 981961.143 981958.373 981955.625 981952.925 981950.299 981947.770 981945.363 981943.096 981940.989 981939.059 981937.319 981935.779 981934.447 981933.329 981932.425 981931.735 981931.252 981930.971 981930.881 981930.968 981931.218 981931.612 981932.132 981932.757 981933.464 981934.230 981935.033 981935.849 981936.655 981937.428 981938.147 981938.793
981981.005 981982.439 981983.767 981984.966 981986.015 981986.895 981987.588 981988.079 981988.355 981988.405 981988.221 981987.799 981987.136 981986.233 981985.096 981983.730 981982.147 981980.359 981978.381 981976.231 981973.930 981971.500 981968.964 981966.347 981963.676 981960.976 981958.275 981955.598 981952.972 981950.422 981947.972 981945.643 981943.455 981941.427 981939.575 981937.911 981936.445 981935.184 981934.132 981933.290 981932.657 981932.227 981931.991 981931.940 981932.059 981932.334 981932.746 981933.276 981933.903 981934.605 981935.359 981936.142 981936.931 981937.704 981938.439 981939.115 981939.713
981980.184 981981.593 981982.896 981984.072 981985.101 981985.962 981986.639 981987.117 981987.383 981987.426 981987.240 981986.819 981986.163 981985.272 981984.151 981982.807 981981.250 981979.494 981977.554 981975.448 981973.196 981970.820 981968.343 981965.791 981963.189 981960.562 981957.938 981955.341 981952.798 981950.334 981947.970 981945.728 981943.629 981941.689 981939.922 981938.342 981936.958 981935.775 981934.798 981934.026 981933.457 981933.085 981932.901 981932.895 981933.053 981933.358 981933.793 981934.338 981934.973 981935.674 981936.421 981937.189 981937.957 981938.702 981939.403 981940.040 981940.595
981979.113 981980.489 981981.762 981982.910 981983.913 981984.752 981985.410 981985.872 981986.126 981986.163 981985.974 981985.556 981984.907 981984.030 981982.927 981981.608 981980.083 981978.364 981976.467 981974.409 981972.212 981969.897 981967.486 981965.005 981962.479 981959.933 981957.393 981954.885 981952.433 981950.061 981947.791 981945.645 981943.641 981941.795 981940.122 981938.634 981937.337 981936.239 981935.342 981934.646 981934.147 981933.838 981933.712 981933.756 981933.956 981934.296 981934.759 981935.323 981935.969 981936.674 981937.417 981938.174 981938.924 981939.645 981940.316 981940.918 981941.434
981977.830 981979.168 981980.406 981981.521 981982.494 981983.307 981983.943 981984.387 981984.629 981984.657 981984.466 981984.051 981983.412 981982.549 981981.469 981980.178 981978.687 981977.008 981975.159 981973.156 981971.019 981968.769 981966.431 981964.027 981961.583 981959.124 981956.675 981954.261 981951.906 981949.633 981947.464 981945.420 981943.517 981941.772 981940.198 981938.805 981937.602 981936.594 981935.782 981935.165 981934.740 981934.499 981934.433 981934.530 981934.776 981935.155 981935.647 981936.233 981936.893 981937.605 981938.346 981939.095 981939.830 981940.529 981941.173 981941.744 981942.224
981976.375 981977.670 981978.867 981979.945 981980.885 981981.669 981982.281 981982.706 981982.934 981982.954 981982.761 981982.350 981981.721 981980.875 981979.818 981978.558 981977.104 981975.471 981973.672 981971.727 981969.655 981967.477 981965.215 981962.894 981960.537 981958.170 981955.817 981953.503 981951.250 981949.082 981947.018 981945.080 981943.283 981941.642 981940.171 981938.879 981937.773 981936.857 981936.133 981935.599 981935.250 981935.078 981935.075 981935.228 981935.521 981935.939 981936.463 981937.073 981937.748 981938.467 981939.209 981939.950 981940.671 981941.351 981941.970 981942.510 981942.956
981974.786 981976.033 981977.186 981978.224 981979.128 981979.881 981980.467 981980.872 981981.085 981981.096 981980.901 981980.495 981979.877 981979.050 981978.019 981976.792 981975.379 981973.793 981972.049 981970.166 981968.162 981966.058 981963.878 981961.643 981959.378 981957.107 981954.855 981952.643 981950.497 981948.436 981946.482 981944.652 981942.964 981941.431 981940.066 981938.876 981937.869 981937.048 981936.413 981935.962 981935.690 981935.590 981935.650 981935.858 981936.199 981936.656 981937.212 981937.845 981938.535 981939.262 981940.003 981940.738 981941.445 981942.106 981942.700 981943.211 981943.624
981973.100 981974.296 981975.402 981976.397 981977.263 981977.983 981978.542 981978.926 981979.124 981979.127 981978.930 981978.529 981977.924 981977.117 981976.114 981974.922 981973.551 981972.016 981970.330 981968.511 981966.579 981964.553 981962.456 981960.311 981958.141 981955.970 981953.820 981951.715 981949.677 981947.726 981945.883 981944.165 981942.587 981941.163 981939.904 981938.818 981937.910 981937.183 981936.638 981936.270 981936.075 981936.044 981936.166 981936.429 981936.817 981937.312 981937.897 981938.552 981939.257 981939.989 981940.730 981941.456 981942.149 981942.789 981943.358 981943.840 981944.220
981971.352 981972.494 981973.551 981974.502 981975.329 981976.015 981976.546 981976.908 981977.091 981977.086 981976.888 981976.493 981975.902 981975.117 981974.143 981972.988 981971.663 981970.179 981968.553 981966.801 981964.943 981962.998 981960.987 981958.934 981956.861 981954.790 981952.745 981950.748 981948.820 981946.981 981945.249 981943.643 981942.176 981940.861 981939.707 981938.724 981937.914 981937.281 981936.823 981936.537 981936.416 981936.453 981936.635 981936.949 981937.380 981937.911 981938.524 981939.198 981939.913 981940.650 981941.386 981942.102 981942.779 981943.396 981943.938 981944.390 981944.736
981969.575 981970.662 981971.668 981972.573 981973.360 981974.013 981974.515 981974.856 981975.024 981975.012 981974.813 981974.426 981973.851 981973.088 981972.145 981971.029 981969.750 981968.321 981966.756 981965.073 981963.290 981961.427 981959.504 981957.544 981955.568 981953.600 981951.660 981949.771 981947.953 981946.225 981944.606 981943.110 981941.752 981940.544 981939.495 981938.612 981937.898 981937.356 981936.982 981936.775 981936.725 981936.825 981937.063 981937.426 981937.896 981938.459 981939.094 981939.783 981940.506 981941.242 981941.971 981942.673 981943.330 981943.922 981944.435 981944.853 981945.164
981967.797 981968.829 981969.784 981970.644 981971.391 981972.009 981972.484 981972.804 981972.958 981972.939 981972.742 981972.363 981971.804 981971.066 981970.155 981969.079 981967.848 981966.474 981964.972 981963.359 981961.652 981959.872 981958.038 981956.171 981954.294 981952.428 981950.593 981948.812 981947.103 981945.485 981943.975 981942.588 981941.338 981940.234 981939.286 981938.500 981937.879 981937.422 981937.129 981936.995 981937.012 981937.171 981937.460 981937.865 981938.370 981938.958 981939.611 981940.310 981941.035 981941.765 981942.482 981943.166 981943.798 981944.362 981944.842 981945.223 981945.496
981966.045 981967.021 981967.926 981968.741 981969.448 981970.033 981970.482 981970.782 981970.923 981970.899 981970.703 981970.335 981969.793 981969.081 981968.204 981967.169 981965.986 981964.669 981963.231 981961.689 981960.059 981958.362 981956.616 981954.843 981953.064 981951.298 981949.568 981947.892 981946.290 981944.780 981943.377 981942.096 981940.949 981939.947 981939.096 981938.402 981937.868 981937.493 981937.275 981937.208 981937.286 981937.497 981937.830 981938.271 981938.804 981939.412 981940.077 981940.779 981941.499 981942.219 981942.917 981943.577 981944.180 981944.710 981945.152 981945.493 981945.723
981964.340 981965.262 981966.118 981966.889 981967.558 981968.112 981968.535 981968.816 981968.946 981968.918 981968.726 981968.369 981967.846 981967.161 981966.318 981965.326 981964.193 981962.933 981961.560 981960.088 981958.536 981956.921 981955.263 981953.583 981951.900 981950.234 981948.605 981947.033 981945.536 981944.130 981942.830 981941.651 981940.603 981939.696 981938.937 981938.330 981937.877 981937.577 981937.427 981937.422 981937.553 981937.809 981938.180 981938.649 981939.203 981939.823 981940.491 981941.189 981941.899 981942.600 981943.274 981943.903 981944.470 981944.960 981945.360 981945.656 981945.839
981962.701 981963.571 981964.379 981965.108 981965.741 981966.264 981966.664 981966.929 981967.049 981967.019 981966.832 981966.488 981965.986 981965.329 981964.522 981963.573 981962.491 981961.288 981959.979 981958.578 981957.102 981955.570 981953.999 981952.409 981950.821 981949.252 981947.723 981946.251 981944.854 981943.548 981942.348 981941.265 981940.311 981939.495 981938.821 981938.294 981937.915 981937.683 981937.594 981937.642 981937.818 981938.112 981938.511 981939.001 981939.567 981940.191 981940.855 981941.541 981942.231 981942.906 981943.548 981944.140 981944.665 981945.109 981945.459 981945.705 981945.837
981961.141 981961.961 981962.724 981963.413 981964.013 981964.509 981964.887 981965.137 981965.250 981965.219 981965.040 981964.710 981964.230 981963.602 981962.832 981961.927 981960.897 981959.752 981958.507 981957.176 981955.777 981954.325 981952.839 981951.339 981949.842 981948.367 981946.934 981945.559 981944.258 981943.048 981941.941 981940.950 981940.084 981939.350 981938.755 981938.301 981937.989 981937.817 981937.781 981937.873 981938.086 981938.408 981938.828 981939.329 981939.898 981940.516 981941.168 981941.833 981942.495 981943.136 981943.738 981944.284 981944.760 981945.151 981945.446 981945.635 981945.709
981959.670 981960.443 981961.164 981961.817 981962.386 981962.856 981963.216 981963.454 981963.562 981963.533 981963.363 981963.049 981962.592 981961.995 981961.263 981960.403 981959.424 981958.337 981957.156 981955.895 981954.570 981953.197 981951.795 981950.381 981948.973 981947.590 981946.248 981944.965 981943.757 981942.636 981941.618 981940.711 981939.926 981939.269 981938.745 981938.356 981938.103 981937.982 981937.989 981938.118 981938.358 981938.699 981939.129 981939.633 981940.195 981940.799 981941.428 981942.063 981942.689 981943.286 981943.840 981944.333 981944.751 981945.082 981945.315 981945.440 981945.452
981958.293 981959.023 981959.705 981960.325 981960.866 981961.315 981961.660 981961.888 981961.994 981961.969 981961.809 981961.514 981961.082 981960.517 981959.824 981959.009 981958.081 981957.053 981955.935 981954.743 981953.491 981952.196 981950.874 981949.544 981948.222 981946.926 981945.672 981944.477 981943.354 981942.319 981941.382 981940.553 981939.842 981939.254 981938.793 981938.462 981938.258 981938.180 981938.221 981938.376 981938.635 981938.985 981939.416 981939.912 981940.458 981941.037 981941.634 981942.230 981942.810 981943.355 981943.851 981944.282 981944.635 981944.899 981945.062 981945.118 981945.060
981957.012 981957.703 981958.351 981958.942 981959.459 981959.889 981960.221 981960.444 981960.549 981960.530 981960.384 981960.109 981959.704 981959.172 981958.518 981957.749 981956.874 981955.902 981954.847 981953.723 981952.543 981951.323 981950.080 981948.830 981947.591 981946.378 981945.207 981944.094 981943.053 981942.096 981941.234 981940.477 981939.833 981939.306 981938.900 981938.617 981938.454 981938.409 981938.476 981938.648 981938.914 981939.265 981939.686 981940.164 981940.684 981941.229 981941.784 981942.331 981942.855 981943.340 981943.769 981944.131 981944.411 981944.598 981944.685 981944.664 981944.531
981955.827 981956.483 981957.101 981957.665 981958.162 981958.578 981958.900 981959.119 981959.228 981959.218 981959.088 981958.834 981958.457 981957.960 981957.346 981956.624 981955.800 981954.886 981953.893 981952.835 981951.725 981950.578 981949.411 981948.239 981947.079 981945.945 981944.853 981943.817 981942.851 981941.966 981941.174 981940.481 981939.896 981939.422 981939.063 981938.820 981938.689 981938.668 981938.751 981938.930 981939.195 981939.535 981939.937 981940.387 981940.871 981941.372 981941.876 981942.365 981942.824 981943.238 981943.593 981943.876 981944.075 981944.179 981944.183 981944.079 981943.864
981954.732 981955.357 981955.949 981956.492 981956.973 981957.377 981957.693 981957.913 981958.027 981958.029 981957.916 981957.686 981957.339 981956.877 981956.305 981955.629 981954.858 981954.001 981953.069 981952.075 981951.034 981949.958 981948.864 981947.767 981946.681 981945.622 981944.604 981943.641 981942.744 981941.926 981941.195 981940.560 981940.027 981939.599 981939.279 981939.066 981938.959 981938.953 981939.043 981939.219 981939.473 981939.793 981940.166 981940.579 981941.017 981941.465 981941.907 981942.328 981942.714 981943.049 981943.321 981943.517 981943.627 981943.641 981943.554 981943.360 981943.058
