Code/MATLAB/Matlab_old/02 Fill Missing Data/data_grav_rasters/EGM96_potential_ell.asc
ncols         159
nrows         172
xllcorner     32.4820794100
yllcorner     29.1707288100
cellsize      0.0259688
nodata_value  1000000000
[rows 115 to 137 of 172, columns 52 to 103 of 159]
62556794.785 62556794.713 62556794.705 62556794.761 62556794.881 62556795.064 62556795.307 62556795.607 62556795.960 62556796.360 62556796.802 62556797.280 62556797.786 62556798.312 62556798.851 62556799.394 62556799.934 62556800.461 62556800.968 62556801.446 62556801.888 62556802.288 62556802.637 62556802.932 62556803.167 62556803.338 62556803.442 62556803.478 62556803.444 62556803.341 62556803.170 62556802.935 62556802.638 62556802.284 62556801.880 62556801.431 62556800.946 62556800.432 62556799.899 62556799.356 62556798.813 62556798.280 62556797.767 62556797.285 62556796.843 62556796.451 62556796.118 62556795.853 62556795.664 62556795.559 62556795.542 62556795.620
62556752.023 62556751.944 62556751.929 62556751.979 62556752.094 62556752.272 62556752.510 62556752.806 62556753.155 62556753.553 62556753.992 62556754.468 62556754.972 62556755.497 62556756.035 62556756.578 62556757.117 62556757.644 62556758.151 62556758.630 62556759.073 62556759.473 62556759.824 62556760.120 62556760.356 62556760.529 62556760.635 62556760.673 62556760.642 62556760.542 62556760.375 62556760.142 62556759.849 62556759.500 62556759.100 62556758.657 62556758.177 62556757.670 62556757.143 62556756.608 62556756.072 62556755.547 62556755.042 62556754.568 62556754.135 62556753.752 62556753.428 62556753.173 62556752.993 62556752.897 62556752.889 62556752.975
62556709.253 62556709.166 62556709.144 62556709.187 62556709.295 62556709.467 62556709.700 62556709.991 62556710.335 62556710.729 62556711.165 62556711.637 62556712.139 62556712.662 62556713.199 62556713.740 62556714.279 62556714.806 62556715.313 62556715.793 62556716.237 62556716.639 62556716.992 62556717.291 62556717.530 62556717.706 62556717.816 62556717.858 62556717.832 62556717.737 62556717.575 62556717.349 62556717.063 62556716.721 62556716.329 62556715.893 62556715.422 62556714.924 62556714.407 62556713.881 62556713.356 62556712.841 62556712.348 62556711.885 62556711.463 62556711.091 62556710.779 62556710.534 62556710.365 62556710.279 62556710.281 62556710.377
62556666.476 62556666.380 62556666.349 62556666.384 62556666.485 62556666.649 62556666.875 62556667.160 62556667.499 62556667.887 62556668.318 62556668.787 62556669.285 62556669.805 62556670.339 62556670.879 62556671.417 62556671.944 62556672.451 62556672.932 62556673.378 62556673.782 62556674.138 62556674.440 62556674.683 62556674.864 62556674.980 62556675.028 62556675.008 62556674.921 62556674.767 62556674.550 62556674.273 62556673.941 62556673.560 62556673.136 62556672.676 62556672.190 62556671.686 62556671.173 62556670.661 62556670.160 62556669.680 62556669.231 62556668.823 62556668.464 62556668.165 62556667.934 62556667.778 62556667.703 62556667.717 62556667.823
62556623.690 62556623.584 62556623.544 62556623.570 62556623.661 62556623.817 62556624.035 62556624.312 62556624.643 62556625.025 62556625.450 62556625.914 62556626.407 62556626.923 62556627.455 62556627.992 62556628.528 62556629.054 62556629.562 62556630.043 62556630.491 62556630.898 62556631.257 62556631.564 62556631.813 62556632.000 62556632.123 62556632.179 62556632.168 62556632.090 62556631.947 62556631.741 62556631.477 62556631.157 62556630.790 62556630.380 62556629.935 62556629.464 62556628.976 62556628.479 62556627.983 62556627.499 62556627.035 62556626.603 62556626.211 62556625.869 62556625.585 62556625.369 62556625.227 62556625.166 62556625.191 62556625.309
62556580.896 62556580.779 62556580.728 62556580.743 62556580.824 62556580.970 62556581.178 62556581.446 62556581.769 62556582.142 62556582.560 62556583.017 62556583.504 62556584.015 62556584.542 62556585.077 62556585.610 62556586.135 62556586.642 62556587.124 62556587.574 62556587.984 62556588.347 62556588.659 62556588.914 62556589.109 62556589.240 62556589.306 62556589.306 62556589.240 62556589.110 62556588.918 62556588.668 62556588.365 62556588.013 62556587.621 62556587.194 62556586.742 62556586.272 62556585.794 62556585.318 62556584.853 62556584.409 62556583.996 62556583.623 62556583.300 62556583.034 62556582.835 62556582.709 62556582.663 62556582.703 62556582.833
62556538.095 62556537.966 62556537.903 62556537.906 62556537.975 62556538.109 62556538.305 62556538.562 62556538.874 62556539.238 62556539.647 62556540.095 62556540.575 62556541.079 62556541.601 62556542.131 62556542.661 62556543.183 62556543.690 62556544.172 62556544.623 62556545.036 62556545.404 62556545.721 62556545.984 62556546.187 62556546.328 62556546.405 62556546.418 62556546.366 62556546.251 62556546.076 62556545.843 62556545.558 62556545.226 62556544.854 62556544.449 62556544.018 62556543.570 62556543.115 62556542.662 62556542.219 62556541.798 62556541.407 62556541.056 62556540.753 62556540.508 62556540.328 62556540.221 62556540.192 62556540.247 62556540.391
62556495.288 62556495.146 62556495.069 62556495.058 62556495.113 62556495.233 62556495.417 62556495.660 62556495.960 62556496.312 62556496.710 62556497.147 62556497.618 62556498.114 62556498.628 62556499.152 62556499.678 62556500.197 62556500.702 62556501.184 62556501.636 62556502.052 62556502.424 62556502.748 62556503.018 62556503.231 62556503.383 62556503.473 62556503.500 62556503.464 62556503.367 62556503.210 62556502.997 62556502.734 62556502.424 62556502.075 62556501.694 62556501.288 62556500.866 62556500.436 62556500.008 62556499.592 62556499.196 62556498.831 62556498.504 62556498.226 62556498.004 62556497.846 62556497.759 62556497.749 62556497.821 62556497.980
62556452.478 62556452.321 62556452.228 62556452.201 62556452.241 62556452.345 62556452.513 62556452.742 62556453.027 62556453.365 62556453.749 62556454.174 62556454.634 62556455.120 62556455.625 62556456.141 62556456.661 62556457.176 62556457.677 62556458.158 62556458.611 62556459.029 62556459.406 62556459.736 62556460.015 62556460.238 62556460.402 62556460.506 62556460.549 62556460.531 62556460.452 62556460.317 62556460.127 62556459.887 62556459.602 62556459.280 62556458.925 62556458.547 62556458.154 62556457.753 62556457.354 62556456.967 62556456.600 62556456.263 62556455.964 62556455.712 62556455.516 62556455.382 62556455.318 62556455.329 62556455.421 62556455.597
62556409.666 62556409.492 62556409.383 62556409.338 62556409.360 62556409.446 62556409.597 62556409.807 62556410.076 62556410.397 62556410.766 62556411.176 62556411.622 62556412.096 62556412.590 62556413.097 62556413.608 62556414.117 62556414.615 62556415.093 62556415.546 62556415.966 62556416.347 62556416.683 62556416.970 62556417.204 62556417.381 62556417.501 62556417.561 62556417.562 62556417.505 62556417.392 62556417.227 62556417.013 62556416.757 62556416.463 62556416.139 62556415.792 62556415.430 62556415.061 62556414.695 62556414.340 62556414.005 62556413.699 62556413.431 62556413.209 62556413.041 62556412.934 62556412.895 62556412.930 62556413.043 62556413.238
62556366.856 62556366.664 62556366.535 62556366.471 62556366.472 62556366.539 62556366.669 62556366.860 62556367.108 62556367.410 62556367.761 62556368.154 62556368.584 62556369.043 62556369.523 62556370.019 62556370.521 62556371.021 62556371.513 62556371.988 62556372.440 62556372.861 62556373.245 62556373.587 62556373.883 62556374.128 62556374.318 62556374.454 62556374.532 62556374.554 62556374.520 62556374.432 62556374.294 62556374.109 62556373.883 62556373.621 62556373.330 62556373.017 62556372.690 62556372.356 62556372.025 62556371.706 62556371.406 62556371.135 62556370.900 62556370.711 62556370.574 62556370.497 62556370.486 62556370.546 62556370.683 62556370.899
62556324.051 62556323.838 62556323.688 62556323.602 62556323.581 62556323.625 62556323.732 62556323.900 62556324.126 62556324.407 62556324.736 62556325.109 62556325.520 62556325.961 62556326.426 62556326.908 62556327.397 62556327.888 62556328.372 62556328.842 62556329.291 62556329.712 62556330.099 62556330.447 62556330.750 62556331.006 62556331.211 62556331.363 62556331.460 62556331.504 62556331.494 62556331.433 62556331.324 62556331.170 62556330.977 62556330.749 62556330.494 62556330.218 62556329.929 62556329.634 62556329.341 62556329.060 62556328.799 62556328.565 62556328.368 62556328.214 62556328.111 62556328.067 62556328.086 62556328.174 62556328.336 62556328.575
62556281.254 62556281.019 62556280.846 62556280.736 62556280.690 62556280.708 62556280.789 62556280.932 62556281.133 62556281.388 62556281.694 62556282.044 62556282.432 62556282.853 62556283.300 62556283.764 62556284.240 62556284.718 62556285.192 62556285.655 62556286.100 62556286.519 62556286.908 62556287.260 62556287.571 62556287.838 62556288.057 62556288.225 62556288.343 62556288.409 62556288.425 62556288.393 62556288.314 62556288.194 62556288.035 62556287.845 62556287.628 62556287.391 62556287.143 62556286.889 62556286.639 62556286.399 62556286.179 62556285.987 62556285.829 62556285.714 62556285.648 62556285.639 62556285.691 62556285.810 62556286.000 62556286.264
62556238.470 62556238.211 62556238.012 62556237.875 62556237.801 62556237.791 62556237.844 62556237.958 62556238.130 62556238.358 62556238.636 62556238.959 62556239.323 62556239.721 62556240.145 62556240.590 62556241.048 62556241.512 62556241.974 62556242.427 62556242.865 62556243.282 62556243.671 62556244.027 62556244.345 62556244.622 62556244.854 62556245.040 62556245.178 62556245.268 62556245.311 62556245.308 62556245.262 62556245.176 62556245.055 62556244.903 62556244.728 62556244.533 62556244.328 62556244.119 62556243.913 62556243.718 62556243.543 62556243.394 62556243.280 62556243.206 62556243.181 62556243.209 62556243.297 62556243.450 62556243.670 62556243.961
62556195.702 62556195.417 62556195.189 62556195.023 62556194.919 62556194.878 62556194.899 62556194.981 62556195.122 62556195.318 62556195.565 62556195.859 62556196.194 62556196.565 62556196.965 62556197.387 62556197.824 62556198.270 62556198.718 62556199.159 62556199.589 62556200.001 62556200.388 62556200.746 62556201.070 62556201.357 62556201.602 62556201.805 62556201.964 62556202.078 62556202.148 62556202.176 62556202.164 62556202.115 62556202.032 62556201.922 62556201.790 62556201.640 62556201.481 62556201.319 62556201.161 62556201.014 62556200.886 62556200.784 62556200.716 62556200.687 62556200.705 62556200.774 62556200.901 62556201.089 62556201.342 62556201.663
62556152.955 62556152.641 62556152.383 62556152.185 62556152.048 62556151.972 62556151.958 62556152.005 62556152.111 62556152.272 62556152.485 62556152.746 62556153.049 62556153.389 62556153.761 62556154.157 62556154.571 62556154.996 62556155.425 62556155.853 62556156.272 62556156.676 62556157.060 62556157.418 62556157.747 62556158.042 62556158.301 62556158.520 62556158.699 62556158.838 62556158.936 62556158.996 62556159.018 62556159.007 62556158.966 62556158.899 62556158.811 62556158.709 62556158.599 62556158.486 62556158.379 62556158.282 62556158.205 62556158.153 62556158.134 62556158.152 62556158.216 62556158.329 62556158.497 62556158.724 62556159.013 62556159.366
62556110.233 62556109.888 62556109.597 62556109.364 62556109.191 62556109.078 62556109.026 62556109.034 62556109.101 62556109.223 62556109.398 62556109.622 62556109.890 62556110.196 62556110.536 62556110.902 62556111.289 62556111.690 62556112.099 62556112.509 62556112.914 62556113.309 62556113.687 62556114.045 62556114.376 62556114.679 62556114.949 62556115.184 62556115.384 62556115.547 62556115.673 62556115.765 62556115.823 62556115.851 62556115.852 62556115.830 62556115.790 62556115.738 62556115.678 62556115.618 62556115.563 62556115.520 62556115.496 62556115.497 62556115.529 62556115.599 62556115.711 62556115.871 62556116.083 62556116.352 62556116.678 62556117.066
62556067.539 62556067.161 62556066.835 62556066.565 62556066.352 62556066.199 62556066.106 62556066.072 62556066.096 62556066.176 62556066.309 62556066.492 62556066.720 62556066.989 62556067.292 62556067.625 62556067.982 62556068.355 62556068.740 62556069.130 62556069.519 62556069.901 62556070.272 62556070.625 62556070.958 62556071.266 62556071.547 62556071.797 62556072.017 62556072.204 62556072.359 62556072.483 62556072.578 62556072.646 62556072.691 62556072.715 62556072.724 62556072.723 62556072.717 62556072.711 62556072.712 62556072.725 62556072.757 62556072.813 62556072.901 62556073.023 62556073.187 62556073.397 62556073.656 62556073.968 62556074.336 62556074.760
62556024.879 62556024.465 62556024.101 62556023.791 62556023.536 62556023.339 62556023.201 62556023.121 62556023.100 62556023.134 62556023.221 62556023.360 62556023.544 62556023.771 62556024.035 62556024.330 62556024.652 62556024.995 62556025.352 62556025.718 62556026.087 62556026.455 62556026.814 62556027.162 62556027.494 62556027.806 62556028.096 62556028.361 62556028.599 62556028.809 62556028.993 62556029.150 62556029.282 62556029.391 62556029.480 62556029.552 62556029.612 62556029.664 62556029.712 62556029.763 62556029.822 62556029.894 62556029.984 62556030.099 62556030.244 62556030.423 62556030.641 62556030.903 62556031.212 62556031.571 62556031.981 62556032.446
62555982.254 62555981.803 62555981.399 62555981.046 62555980.746 62555980.502 62555980.316 62555980.187 62555980.116 62555980.100 62555980.138 62555980.228 62555980.365 62555980.545 62555980.765 62555981.020 62555981.303 62555981.611 62555981.937 62555982.276 62555982.623 62555982.972 62555983.318 62555983.658 62555983.986 62555984.301 62555984.597 62555984.875 62555985.131 62555985.364 62555985.576 62555985.765 62555985.934 62555986.085 62555986.219 62555986.340 62555986.452 62555986.558 62555986.664 62555986.774 62555986.892 62555987.025 62555987.177 62555987.352 62555987.557 62555987.795 62555988.071 62555988.387 62555988.749 62555989.157 62555989.613 62555990.120
62555939.670 62555939.179 62555938.732 62555938.333 62555937.986 62555937.692 62555937.455 62555937.273 62555937.148 62555937.079 62555937.063 62555937.100 62555937.185 62555937.316 62555937.488 62555937.697 62555937.939 62555938.208 62555938.499 62555938.807 62555939.127 62555939.455 62555939.785 62555940.114 62555940.437 62555940.751 62555941.053 62555941.341 62555941.614 62555941.869 62555942.108 62555942.330 62555942.536 62555942.728 62555942.908 62555943.079 62555943.244 62555943.407 62555943.571 62555943.741 62555943.922 62555944.117 62555944.332 62555944.571 62555944.838 62555945.138 62555945.473 62555945.848 62555946.264 62555946.724 62555947.229 62555947.781
62555897.128 62555896.596 62555896.104 62555895.657 62555895.259 62555894.912 62555894.620 62555894.382 62555894.200 62555894.073 62555894.001 62555893.980 62555894.010 62555894.087 62555894.207 62555894.367 62555894.562 62555894.788 62555895.040 62555895.314 62555895.605 62555895.908 62555896.218 62555896.533 62555896.848 62555897.159 62555897.465 62555897.762 62555898.050 62555898.326 62555898.591 62555898.845 62555899.088 62555899.322 62555899.548 62555899.769 62555899.988 62555900.208 62555900.432 62555900.664 62555900.909 62555901.169 62555901.450 62555901.754 62555902.087 62555902.450 62555902.848 62555903.282 62555903.756 62555904.270 62555904.827 62555905.426
62555854.632 62555854.056 62555853.517 62555853.019 62555852.568 62555852.166 62555851.815 62555851.518 62555851.275 62555851.087 62555850.953 62555850.872 62555850.842 62555850.861 62555850.925 62555851.031 62555851.176 62555851.356 62555851.565 62555851.801 62555852.058 62555852.333 62555852.621 62555852.918 62555853.222 62555853.528 62555853.835 62555854.140 62555854.441 62555854.737 62555855.027 62555855.312 62555855.591 62555855.867 62555856.139 62555856.411 62555856.685 62555856.963 62555857.248 62555857.544 62555857.854 62555858.181 62555858.529 62555858.901 62555859.301 62555859.730 62555860.193 62555860.690 62555861.224 62555861.795 62555862.405 62555863.054
