Code/MATLAB/Matlab_old/02 Fill Missing Data/data_grav_rasters/EGM96_gravity_ell.asc
ncols         159
nrows         172
xllcorner     32.4820794100
yllcorner     29.1707288100
cellsize      0.0259688
nodata_value  9999999
[rows 100 to 124 of 172, columns 0 to 56 of 159]
979405.012 979405.165 979405.420 979405.783 979406.258 979406.849 979407.557 979408.379 979409.312 979410.351 979411.489 979412.714 979414.016 979415.380 979416.792 979418.235 979419.691 979421.141 979422.564 979423.942 979425.254 979426.479 979427.599 979428.596 979429.451 979430.149 979430.678 979431.023 979431.178 979431.134 979430.889 979430.440 979429.789 979428.942 979427.907 979426.695 979425.319 979423.796 979422.144 979420.387 979418.546 979416.647 979414.717 979412.783 979410.873 979409.014 979407.236 979405.565 979404.027 979402.647 979401.447 979400.447 979399.664 979399.113 979398.805 979398.748 979398.945
979402.282 979402.534 979402.893 979403.365 979403.954 979404.661 979405.487 979406.429 979407.484 979408.645 979409.903 979411.248 979412.666 979414.144 979415.665 979417.211 979418.765 979420.305 979421.811 979423.263 979424.641 979425.922 979427.089 979428.122 979429.004 979429.720 979430.255 979430.598 979430.740 979430.675 979430.400 979429.914 979429.219 979428.323 979427.232 979425.961 979424.522 979422.935 979421.218 979419.395 979417.490 979415.529 979413.540 979411.550 979409.589 979407.686 979405.869 979404.166 979402.603 979401.205 979399.994 979398.991 979398.213 979397.674 979397.384 979397.351 979397.578
979399.717 979400.066 979400.528 979401.106 979401.805 979402.626 979403.568 979404.629 979405.803 979407.083 979408.460 979409.921 979411.454 979413.043 979414.671 979416.318 979417.967 979419.595 979421.182 979422.707 979424.148 979425.485 979426.697 979427.765 979428.673 979429.404 979429.944 979430.284 979430.413 979430.326 979430.021 979429.498 979428.759 979427.812 979426.667 979425.336 979423.835 979422.183 979420.402 979418.513 979416.544 979414.521 979412.473 979410.429 979408.418 979406.470 979404.614 979402.878 979401.290 979399.874 979398.652 979397.645 979396.871 979396.342 979396.069 979396.060 979396.315
979397.313 979397.757 979398.318 979399.000 979399.807 979400.738 979401.794 979402.970 979404.260 979405.657 979407.149 979408.724 979410.369 979412.066 979413.797 979415.543 979417.284 979418.998 979420.664 979422.259 979423.762 979425.151 979426.406 979427.509 979428.440 979429.185 979429.731 979430.065 979430.181 979430.072 979429.736 979429.175 979428.392 979427.395 979426.195 979424.805 979423.243 979421.527 979419.680 979417.727 979415.695 979413.610 979411.503 979409.404 979407.343 979405.351 979403.456 979401.688 979400.074 979398.639 979397.407 979396.396 979395.624 979395.105 979394.849 979394.861 979395.143
979395.067 979395.602 979396.258 979397.041 979397.951 979398.990 979400.155 979401.442 979402.845 979404.354 979405.958 979407.644 979409.396 979411.197 979413.029 979414.870 979416.701 979418.498 979420.239 979421.902 979423.464 979424.904 979426.201 979427.335 979428.289 979429.047 979429.596 979429.925 979430.026 979429.894 979429.528 979428.929 979428.102 979427.055 979425.800 979424.352 979422.727 979420.948 979419.038 979417.021 979414.925 979412.780 979410.615 979408.461 979406.351 979404.314 979402.381 979400.581 979398.941 979397.488 979396.243 979395.228 979394.459 979393.949 979393.707 979393.740 979394.049
979392.969 979393.591 979394.339 979395.217 979396.227 979397.368 979398.638 979400.032 979401.543 979403.160 979404.871 979406.663 979408.519 979410.421 979412.349 979414.282 979416.198 979418.075 979419.889 979421.617 979423.236 979424.724 979426.059 979427.224 979428.199 979428.968 979429.520 979429.842 979429.929 979429.774 979429.377 979428.740 979427.869 979426.772 979425.463 979423.956 979422.271 979420.430 979418.456 979416.375 979414.218 979412.012 979409.790 979407.583 979405.424 979403.343 979401.372 979399.540 979397.875 979396.403 979395.146 979394.126 979393.358 979392.857 979392.630 979392.683 979393.017
979391.008 979391.712 979392.547 979393.515 979394.619 979395.858 979397.228 979398.724 979400.337 979402.057 979403.871 979405.764 979407.719 979409.717 979411.737 979413.758 979415.757 979417.709 979419.592 979421.382 979423.055 979424.589 979425.962 979427.154 979428.149 979428.929 979429.482 979429.797 979429.868 979429.689 979429.261 979428.587 979427.672 979426.527 979425.164 979423.600 979421.856 979419.952 979417.916 979415.773 979413.554 979411.290 979409.012 979406.752 979404.544 979402.420 979400.411 979398.548 979396.858 979395.367 979394.099 979393.073 979392.307 979391.813 979391.600 979391.672 979392.031
979389.172 979389.952 979390.867 979391.921 979393.113 979394.443 979395.907 979397.499 979399.209 979401.027 979402.938 979404.927 979406.976 979409.065 979411.173 979413.277 979415.354 979417.378 979419.327 979421.176 979422.900 979424.477 979425.885 979427.104 979428.116 979428.905 979429.459 979429.766 979429.821 979429.619 979429.161 979428.449 979427.491 979426.298 979424.882 979423.263 979421.460 979419.496 979417.399 979415.195 979412.917 979410.594 979408.261 979405.950 979403.695 979401.528 979399.482 979397.587 979395.872 979394.363 979393.083 979392.052 979391.287 979390.800 979390.600 979390.691 979391.072
979387.445 979388.295 979389.284 979390.415 979391.690 979393.105 979394.657 979396.338 979398.139 979400.048 979402.051 979404.130 979406.267 979408.442 979410.633 979412.815 979414.966 979417.059 979419.070 979420.974 979422.747 979424.364 979425.805 979427.049 979428.077 979428.875 979429.428 979429.728 979429.767 979429.542 979429.053 979428.305 979427.305 979426.065 979424.598 979422.924 979421.064 979419.042 979416.884 979414.622 979412.285 979409.906 979407.519 979405.158 979402.856 979400.648 979398.566 979396.641 979394.901 979393.373 979392.081 979391.045 979390.280 979389.800 979389.612 979389.720 979390.124
979385.809 979386.721 979387.778 979388.980 979390.330 979391.823 979393.455 979395.219 979397.104 979399.098 979401.186 979403.349 979405.570 979407.825 979410.093 979412.350 979414.569 979416.727 979418.797 979420.753 979422.571 979424.227 979425.698 979426.965 979428.009 979428.814 979429.367 979429.658 979429.682 979429.434 979428.917 979428.133 979427.093 979425.807 979424.291 979422.564 979420.648 979418.569 979416.354 979414.034 979411.641 979409.207 979406.768 979404.358 979402.011 979399.763 979397.645 979395.690 979393.926 979392.380 979391.076 979390.033 979389.269 979388.795 979388.619 979388.744 979389.169
979384.245 979385.213 979386.329 979387.595 979389.011 979390.575 979392.280 979394.120 979396.082 979398.154 979400.320 979402.561 979404.858 979407.189 979409.529 979411.855 979414.139 979416.357 979418.482 979420.487 979422.348 979424.040 979425.541 979426.829 979427.888 979428.699 979429.252 979429.535 979429.544 979429.275 979428.729 979427.912 979426.833 979425.503 979423.939 979422.162 979420.193 979418.059 979415.789 979413.414 979410.966 979408.479 979405.990 979403.532 979401.142 979398.854 979396.702 979394.718 979392.930 979391.366 979390.050 979389.001 979388.237 979387.768 979387.602 979387.743 979388.189
979382.734 979383.749 979384.916 979386.238 979387.713 979389.339 979391.110 979393.017 979395.049 979397.192 979399.429 979401.742 979404.110 979406.509 979408.916 979411.306 979413.651 979415.925 979418.101 979420.153 979422.054 979423.780 979425.308 979426.618 979427.690 979428.508 979429.061 979429.337 979429.332 979429.043 979428.471 979427.622 979426.505 979425.134 979423.526 979421.700 979419.681 979417.495 979415.172 979412.744 979410.243 979407.706 979405.168 979402.665 979400.233 979397.907 979395.722 979393.709 979391.898 979390.316 979388.988 979387.932 979387.167 979386.702 979386.546 979386.702 979387.166
979381.255 979382.308 979383.518 979384.886 979386.412 979388.093 979389.921 979391.888 979393.981 979396.188 979398.489 979400.867 979403.299 979405.762 979408.231 979410.679 979413.080 979415.407 979417.631 979419.726 979421.665 979423.424 979424.979 979426.308 979427.394 979428.219 979428.772 979429.043 979429.025 979428.717 979428.121 979427.243 979426.092 979424.683 979423.032 979421.161 979419.094 979416.859 979414.486 979412.008 979409.458 979406.873 979404.288 979401.741 979399.269 979396.906 979394.688 979392.647 979390.814 979389.214 979387.873 979386.811 979386.044 979385.583 979385.435 979385.604 979386.086
979379.788 979380.870 979382.114 979383.520 979385.087 979386.813 979388.689 979390.708 979392.856 979395.118 979397.477 979399.913 979402.403 979404.923 979407.448 979409.951 979412.404 979414.779 979417.049 979419.184 979421.160 979422.950 979424.530 979425.879 979426.979 979427.812 979428.366 979428.632 979428.605 979428.281 979427.663 979426.759 979425.577 979424.132 979422.442 979420.529 979418.418 979416.138 979413.718 979411.192 979408.596 979405.965 979403.336 979400.748 979398.237 979395.839 979393.590 979391.522 979389.665 979388.048 979386.694 979385.624 979384.854 979384.395 979384.255 979384.435 979384.933
979378.311 979379.413 979380.681 979382.115 979383.715 979385.477 979387.394 979389.456 979391.650 979393.960 979396.369 979398.856 979401.398 979403.970 979406.546 979409.099 979411.600 979414.020 979416.332 979418.507 979420.517 979422.336 979423.942 979425.311 979426.425 979427.268 979427.826 979428.089 979428.054 979427.717 979427.081 979426.153 979424.944 979423.467 979421.743 979419.792 979417.641 979415.318 979412.855 979410.285 979407.645 979404.972 979402.302 979399.674 979397.126 979394.695 979392.415 979390.320 979388.442 979386.806 979385.439 979384.361 979383.586 979383.128 979382.993 979383.182 979383.694
979376.805 979377.917 979379.199 979380.653 979382.276 979384.066 979386.014 979388.110 979390.342 979392.693 979395.145 979397.676 979400.264 979402.882 979405.504 979408.102 979410.647 979413.110 979415.462 979417.673 979419.717 979421.566 979423.197 979424.587 979425.717 979426.570 979427.134 979427.398 979427.358 979427.011 979426.361 979425.414 979424.181 979422.678 979420.922 979418.938 979416.750 979414.390 979411.887 979409.278 979406.598 979403.884 979401.176 979398.511 979395.928 979393.464 979391.155 979389.035 979387.134 979385.480 979384.099 979383.010 979382.230 979381.771 979381.639 979381.835 979382.357
979375.250 979376.363 979377.650 979379.112 979380.750 979382.557 979384.528 979386.651 979388.912 979391.296 979393.784 979396.353 979398.980 979401.640 979404.303 979406.943 979409.529 979412.031 979414.421 979416.668 979418.744 979420.623 979422.280 979423.692 979424.840 979425.706 979426.278 979426.546 979426.505 979426.153 979425.493 979424.531 979423.279 979421.753 979419.972 979417.959 979415.740 979413.346 979410.808 979408.163 979405.446 979402.697 979399.953 979397.253 979394.637 979392.143 979389.805 979387.659 979385.736 979384.063 979382.667 979381.567 979380.779 979380.316 979380.184 979380.385 979380.915
979373.630 979374.732 979376.014 979377.476 979379.118 979380.934 979382.918 979385.059 979387.343 979389.752 979392.269 979394.870 979397.531 979400.226 979402.927 979405.604 979408.228 979410.768 979413.194 979415.475 979417.584 979419.494 979421.178 979422.613 979423.781 979424.664 979425.248 979425.524 979425.486 979425.133 979424.467 979423.496 979422.231 979420.688 979418.886 979416.849 979414.604 979412.181 979409.614 979406.937 979404.188 979401.405 979398.629 979395.897 979393.250 979390.726 979388.361 979386.190 979384.244 979382.552 979381.138 979380.025 979379.228 979378.758 979378.623 979378.824 979379.358
979371.926 979373.009 979374.275 979375.727 979377.364 979379.181 979381.169 979383.320 979385.618 979388.046 979390.584 979393.211 979395.901 979398.627 979401.360 979404.072 979406.731 979409.307 979411.768 979414.084 979416.226 979418.167 979419.880 979421.342 979422.533 979423.435 979424.035 979424.324 979424.294 979423.945 979423.280 979422.305 979421.033 979419.478 979417.662 979415.607 979413.341 979410.895 979408.303 979405.599 979402.821 979400.010 979397.204 979394.443 979391.767 979389.215 979386.823 979384.627 979382.657 979380.944 979379.513 979378.384 979377.574 979377.095 979376.953 979377.151 979377.684
979370.126 979371.178 979372.420 979373.852 979375.474 979377.282 979379.267 979381.419 979383.723 979386.163 979388.717 979391.364 979394.077 979396.830 979399.593 979402.336 979405.029 979407.638 979410.134 979412.485 979414.661 979416.635 979418.379 979419.871 979421.088 979422.015 979422.636 979422.942 979422.926 979422.588 979421.929 979420.957 979419.683 979418.124 979416.299 979414.233 979411.953 979409.489 979406.877 979404.151 979401.350 979398.513 979395.681 979392.893 979390.191 979387.612 979385.194 979382.972 979380.979 979379.244 979377.792 979376.645 979375.818 979375.326 979375.173 979375.363 979375.891
979368.217 979369.229 979370.436 979371.839 979373.437 979375.227 979377.201 979379.346 979381.650 979384.094 979386.658 979389.319 979392.051 979394.827 979397.616 979400.389 979403.113 979405.756 979408.287 979410.673 979412.885 979414.894 979416.672 979418.197 979419.446 979420.401 979421.049 979421.378 979421.383 979421.061 979420.415 979419.453 979418.185 979416.628 979414.802 979412.731 979410.443 979407.968 979405.341 979402.598 979399.778 979396.920 979394.065 979391.254 979388.527 979385.922 979383.479 979381.232 979379.214 979377.455 979375.980 979374.811 979373.965 979373.454 979373.285 979373.461 979373.978
979366.188 979367.151 979368.313 979369.678 979371.244 979373.008 979374.961 979377.093 979379.389 979381.831 979384.400 979387.070 979389.817 979392.612 979395.425 979398.225 979400.979 979403.656 979406.222 979408.645 979410.895 979412.942 979414.758 979416.320 979417.605 979418.595 979419.275 979419.634 979419.666 979419.368 979418.743 979417.798 979416.544 979414.997 979413.177 979411.108 979408.818 979406.338 979403.703 979400.950 979398.115 979395.241 979392.367 979389.534 979386.784 979384.155 979381.687 979379.414 979377.370 979375.584 979374.084 979372.889 979372.019 979371.485 979371.295 979371.451 979371.950
979364.034 979364.937 979366.046 979367.363 979368.888 979370.617 979372.543 979374.654 979376.936 979379.371 979381.938 979384.614 979387.371 979390.183 979393.017 979395.843 979398.628 979401.338 979403.940 979406.402 979408.692 979410.781 979412.640 979414.244 979415.571 979416.601 979417.320 979417.716 979417.782 979417.516 979416.920 979416.000 979414.767 979413.238 979411.432 979409.373 979407.089 979404.612 979401.975 979399.216 979396.373 979393.486 979390.596 979387.746 979384.974 979382.323 979379.829 979377.530 979375.458 979373.644 979372.114 979370.890 979369.991 979369.428 979369.210 979369.340 979369.813
979361.748 979362.583 979363.629 979364.891 979366.367 979368.054 979369.944 979372.027 979374.289 979376.711 979379.272 979381.949 979384.714 979387.540 979390.394 979393.245 979396.060 979398.804 979401.445 979403.948 979406.282 979408.417 979410.323 979411.974 979413.349 979414.427 979415.192 979415.633 979415.741 979415.515 979414.956 979414.070 979412.867 979411.364 979409.580 979407.540 979405.270 979402.801 979400.170 979397.411 979394.564 979391.670 979388.768 979385.902 979383.112 979380.439 979377.920 979375.593 979373.492 979371.646 979370.083 979368.826 979367.891 979367.294 979367.041 979367.136 979367.576
979359.329 979360.087 979361.062 979362.259 979363.678 979365.316 979367.165 979369.214 979371.450 979373.854 979376.405 979379.079 979381.849 979384.687 979387.560 979390.436 979393.281 979396.061 979398.742 979401.290 979403.672 979405.856 979407.815 979409.520 979410.950 979412.082 979412.901 979413.395 979413.555 979413.377 979412.864 979412.021 979410.858 979409.390 979407.637 979405.623 979403.374 979400.923 979398.303 979395.551 979392.706 979389.809 979386.900 979384.021 979381.215 979378.520 979375.976 979373.621 979371.487 979369.607 979368.007 979366.710 979365.735 979365.095 979364.800 979364.852 979365.250
