Code/MATLAB/Matlab_old/02 Fill Missing Data/data_grav_rasters/EGM96_gravitation_ell.asc
ncols         159
nrows         172
xllcorner     32.4820794100
yllcorner     29.1707288100
cellsize      0.0259688
nodata_value  9999999
[rows 100 to 124 of 172, columns 57 to 113 of 159]
981893.898 981894.600 981895.545 981896.720 981898.112 981899.701 981901.465 981903.379 981905.415 981907.543 981909.730 981911.944 981914.150 981916.313 981918.397 981920.370 981922.198 981923.848 981925.293 981926.505 981927.459 981928.137 981928.522 981928.600 981928.364 981927.810 981926.939 981925.757 981924.273 981922.503 981920.466 981918.185 981915.688 981913.005 981910.171 981907.222 981904.198 981901.139 981898.088 981895.087 981892.179 981889.406 981886.809 981884.429 981882.302 981880.463 981878.943 981877.770 981876.968 981876.557 981876.551 981876.960 981877.790 981879.041 981880.707 981882.779 981885.242
981893.920 981894.660 981895.646 981896.866 981898.303 981899.936 981901.744 981903.699 981905.773 981907.935 981910.151 981912.387 981914.608 981916.777 981918.861 981920.823 981922.630 981924.251 981925.656 981926.818 981927.714 981928.324 981928.632 981928.625 981928.297 981927.645 981926.671 981925.381 981923.787 981921.905 981919.755 981917.363 981914.757 981911.970 981909.037 981905.995 981902.887 981899.753 981896.636 981893.581 981890.632 981887.830 981885.219 981882.837 981880.722 981878.910 981877.431 981876.313 981875.579 981875.248 981875.335 981875.847 981876.791 981878.163 981879.959 981882.167 981884.770
981894.043 981894.820 981895.846 981897.108 981898.588 981900.265 981902.114 981904.109 981906.220 981908.413 981910.656 981912.913 981915.147 981917.323 981919.403 981921.354 981923.141 981924.732 981926.097 981927.211 981928.049 981928.591 981928.824 981928.734 981928.316 981927.568 981926.492 981925.097 981923.395 981921.404 981919.146 981916.646 981913.935 981911.046 981908.017 981904.886 981901.696 981898.490 981895.311 981892.205 981889.216 981886.387 981883.761 981881.379 981879.277 981877.491 981876.052 981874.987 981874.319 981874.066 981874.241 981874.854 981875.906 981877.395 981879.314 981881.651 981884.388
981894.255 981895.068 981896.133 981897.435 981898.957 981900.675 981902.565 981904.598 981906.743 981908.967 981911.236 981913.512 981915.759 981917.940 981920.018 981921.957 981923.723 981925.285 981926.611 981927.677 981928.458 981928.935 981929.094 981928.923 981928.418 981927.576 981926.402 981924.906 981923.100 981921.003 981918.639 981916.035 981913.222 981910.236 981907.114 981903.898 981900.630 981897.354 981894.115 981890.960 981887.933 981885.079 981882.440 981880.057 981877.968 981876.208 981874.808 981873.793 981873.188 981873.010 981873.270 981873.977 981875.132 981876.732 981878.768 981881.226 981884.088
981894.543 981895.391 981896.493 981897.834 981899.396 981901.154 981903.083 981905.152 981907.332 981909.586 981911.879 981914.174 981916.433 981918.619 981920.694 981922.622 981924.369 981925.901 981927.191 981928.210 981928.936 981929.350 981929.438 981929.189 981928.599 981927.667 981926.399 981924.805 981922.898 981920.700 981918.235 981915.531 981912.621 981909.541 981906.331 981903.032 981899.689 981896.347 981893.052 981889.850 981886.787 981883.909 981881.258 981878.875 981876.798 981875.062 981873.698 981872.733 981872.187 981872.079 981872.420 981873.216 981874.468 981876.171 981878.316 981880.888 981883.866
981894.892 981895.773 981896.911 981898.290 981899.890 981901.687 981903.654 981905.760 981907.971 981910.254 981912.572 981914.885 981917.157 981919.348 981921.421 981923.339 981925.067 981926.572 981927.826 981928.801 981929.475 981929.829 981929.849 981929.526 981928.855 981927.838 981926.479 981924.791 981922.789 981920.494 981917.932 981915.133 981912.130 981908.961 981905.667 981902.291 981898.877 981895.471 981892.122 981888.876 981885.780 981882.879 981880.216 981877.833 981875.768 981874.055 981872.726 981871.806 981871.317 981871.275 981871.690 981872.569 981873.912 981875.712 981877.958 981880.634 981883.719
981895.285 981896.197 981897.371 981898.787 981900.424 981902.259 981904.263 981906.403 981908.648 981910.959 981913.301 981915.633 981917.917 981920.114 981922.186 981924.095 981925.806 981927.287 981928.507 981929.441 981930.065 981930.363 981930.319 981929.926 981929.179 981928.081 981926.637 981924.861 981922.769 981920.383 981917.730 981914.840 981911.750 981908.497 981905.124 981901.674 981898.193 981894.729 981891.329 981888.041 981884.913 981881.991 981879.317 981876.935 981874.881 981873.190 981871.893 981871.015 981870.578 981870.597 981871.082 981872.038 981873.464 981875.352 981877.691 981880.463 981883.645
981895.704 981896.648 981897.855 981899.307 981900.981 981902.853 981904.893 981907.068 981909.344 981911.684 981914.049 981916.401 981918.698 981920.902 981922.974 981924.876 981926.573 981928.031 981929.222 981930.118 981930.697 981930.942 981930.840 981930.381 981929.564 981928.390 981926.868 981925.009 981922.833 981920.361 981917.623 981914.650 981911.478 981908.147 981904.700 981901.182 981897.639 981894.120 981890.673 981887.347 981884.190 981881.247 981878.564 981876.182 981874.138 981872.468 981871.200 981870.362 981869.973 981870.048 981870.597 981871.623 981873.124 981875.093 981877.515 981880.373 981883.642
981896.132 981897.106 981898.346 981899.833 981901.543 981903.451 981905.526 981907.735 981910.043 981912.412 981914.802 981917.173 981919.485 981921.698 981923.771 981925.669 981927.354 981928.793 981929.957 981930.820 981931.359 981931.557 981931.400 981930.883 981930.001 981928.758 981927.163 981925.228 981922.975 981920.425 981917.609 981914.558 981911.312 981907.909 981904.394 981900.813 981897.213 981893.644 981890.154 981886.793 981883.610 981880.650 981877.958 981875.576 981873.542 981871.890 981870.651 981869.849 981869.504 981869.630 981870.236 981871.325 981872.894 981874.934 981877.431 981880.365 981883.710
981896.552 981897.555 981898.826 981900.347 981902.092 981904.035 981906.145 981908.388 981910.728 981913.125 981915.540 981917.932 981920.260 981922.483 981924.561 981926.456 981928.133 981929.557 981930.699 981931.533 981932.037 981932.193 981931.989 981931.418 981930.479 981929.174 981927.513 981925.511 981923.188 981920.568 981917.681 981914.561 981911.247 981907.779 981904.203 981900.566 981896.915 981893.301 981889.773 981886.381 981883.174 981880.199 981877.500 981875.119 981873.095 981871.460 981870.246 981869.477 981869.171 981869.343 981870.001 981871.146 981872.775 981874.878 981877.440 981880.439 981883.850
981896.945 981897.976 981899.278 981900.830 981902.610 981904.588 981906.732 981909.008 981911.379 981913.805 981916.246 981918.660 981921.005 981923.241 981925.326 981927.223 981928.895 981930.308 981931.433 981932.243 981932.717 981932.838 981932.594 981931.977 981930.987 981929.628 981927.910 981925.849 981923.464 981920.781 981917.832 981914.651 981911.278 981907.753 981904.124 981900.437 981896.742 981893.088 981889.528 981886.109 981882.883 981879.895 981877.191 981874.812 981872.797 981871.179 981869.988 981869.248 981868.978 981869.190 981869.893 981871.088 981872.769 981874.926 981877.543 981880.597 981884.062
981897.294 981898.351 981899.682 981901.267 981903.079 981905.090 981907.268 981909.577 981911.980 981914.435 981916.903 981919.340 981921.704 981923.954 981926.050 981927.951 981929.622 981931.029 981932.141 981932.934 981933.385 981933.477 981933.200 981932.545 981931.513 981930.109 981928.342 981926.230 981923.793 981921.058 981918.056 981914.823 981911.398 981907.826 981904.151 981900.422 981896.690 981893.004 981889.416 981885.976 981882.734 981879.737 981877.030 981874.654 981872.649 981871.047 981869.877 981869.164 981868.925 981869.173 981869.915 981871.152 981872.877 981875.079 981877.741 981880.841 981884.349
981897.583 981898.665 981900.024 981901.638 981903.482 981905.526 981907.736 981910.078 981912.511 981914.996 981917.491 981919.952 981922.338 981924.605 981926.713 981928.623 981930.297 981931.702 981932.809 981933.590 981934.024 981934.096 981933.792 981933.108 981932.043 981930.602 981928.797 981926.644 981924.164 981921.386 981918.341 981915.066 981911.601 981907.989 981904.278 981900.516 981896.754 981893.043 981889.434 981885.979 981882.726 981879.723 981877.016 981874.646 981872.651 981871.064 981869.914 981869.225 981869.014 981869.293 981870.068 981871.340 981873.101 981875.340 981878.038 981881.172 981884.712
981897.796 981898.901 981900.286 981901.928 981903.802 981905.877 981908.119 981910.492 981912.957 981915.471 981917.994 981920.481 981922.889 981925.175 981927.299 981929.221 981930.903 981932.312 981933.417 981934.194 981934.619 981934.677 981934.356 981933.651 981932.562 981931.095 981929.261 981927.077 981924.566 981921.756 981918.679 981915.372 981911.876 981908.235 981904.497 981900.712 981896.929 981893.200 981889.578 981886.113 981882.855 981879.851 981877.148 981874.785 981872.801 981871.230 981870.099 981869.432 981869.245 981869.551 981870.354 981871.654 981873.444 981875.710 981878.435 981881.593 981885.155
981897.921 981899.047 981900.455 981902.123 981904.025 981906.129 981908.401 981910.805 981913.299 981915.843 981918.394 981920.907 981923.339 981925.648 981927.790 981929.727 981931.422 981932.839 981933.950 981934.728 981935.151 981935.204 981934.875 981934.159 981933.056 981931.572 981929.720 981927.517 981924.985 981922.154 981919.056 981915.728 981912.213 981908.554 981904.800 981901.001 981897.206 981893.469 981889.841 981886.374 981883.116 981880.117 981877.421 981875.069 981873.098 981871.543 981870.430 981869.783 981869.618 981869.946 981870.772 981872.094 981873.905 981876.191 981878.933 981882.106 981885.678
981897.946 981899.089 981900.518 981902.209 981904.136 981906.267 981908.568 981911.000 981913.523 981916.096 981918.674 981921.215 981923.672 981926.004 981928.168 981930.125 981931.836 981933.267 981934.389 981935.175 981935.604 981935.660 981935.331 981934.613 981933.507 981932.018 981930.159 981927.947 981925.407 981922.567 981919.460 981916.124 981912.601 981908.936 981905.176 981901.373 981897.577 981893.841 981890.216 981886.754 981883.504 981880.515 981877.831 981875.493 981873.538 981872.000 981870.906 981870.278 981870.132 981870.478 981871.322 981872.661 981874.486 981876.784 981879.535 981882.712 981886.285
981897.860 981899.018 981900.464 981902.175 981904.124 981906.279 981908.605 981911.064 981913.614 981916.215 981918.821 981921.388 981923.872 981926.229 981928.417 981930.396 981932.127 981933.578 981934.717 981935.518 981935.960 981936.027 981935.709 981934.999 981933.899 981932.415 981930.561 981928.354 981925.817 981922.980 981919.877 981916.544 981913.026 981909.366 981905.614 981901.819 981898.032 981894.306 981890.694 981887.245 981884.011 981881.038 981878.371 981876.052 981874.116 981872.597 981871.522 981870.912 981870.784 981871.146 981872.003 981873.353 981875.187 981877.489 981880.240 981883.412 981886.976
981897.656 981898.824 981900.284 981902.011 981903.978 981906.154 981908.502 981910.984 981913.560 981916.186 981918.818 981921.412 981923.923 981926.306 981928.520 981930.524 981932.281 981933.755 981934.916 981935.739 981936.202 981936.289 981935.989 981935.297 981934.215 981932.748 981930.910 981928.719 981926.198 981923.378 981920.291 981916.975 981913.475 981909.833 981906.100 981902.325 981898.559 981894.855 981891.264 981887.839 981884.628 981881.678 981879.035 981876.739 981874.826 981873.329 981872.274 981871.683 981871.570 981871.946 981872.814 981874.170 981876.006 981878.305 981881.048 981884.208 981887.752
981897.329 981898.503 981899.971 981901.710 981903.691 981905.882 981908.249 981910.751 981913.349 981915.998 981918.655 981921.274 981923.811 981926.222 981928.463 981930.495 981932.279 981933.781 981934.971 981935.822 981936.312 981936.427 981936.155 981935.491 981934.436 981932.998 981931.188 981929.026 981926.534 981923.743 981920.686 981917.401 981913.931 981910.321 981906.620 981902.877 981899.144 981895.473 981891.915 981888.523 981885.344 981882.426 981879.813 981877.546 981875.661 981874.189 981873.156 981872.584 981872.487 981872.875 981873.749 981875.108 981876.940 981879.232 981881.960 981885.098 981888.614
981896.877 981898.051 981899.522 981901.266 981903.256 981905.458 981907.838 981910.356 981912.972 981915.641 981918.320 981920.963 981923.525 981925.962 981928.232 981930.293 981932.107 981933.641 981934.864 981935.748 981936.274 981936.424 981936.189 981935.563 981934.547 981933.147 981931.378 981929.257 981926.807 981924.059 981921.045 981917.805 981914.379 981910.815 981907.159 981903.461 981899.774 981896.147 981892.634 981889.284 981886.148 981883.270 981880.695 981878.464 981876.611 981875.167 981874.160 981873.608 981873.528 981873.926 981874.806 981876.163 981877.988 981880.265 981882.972 981886.081 981889.561
981896.299 981897.467 981898.935 981900.678 981902.670 981904.877 981907.265 981909.793 981912.422 981915.107 981917.804 981920.467 981923.053 981925.516 981927.813 981929.905 981931.752 981933.321 981934.580 981935.504 981936.071 981936.264 981936.074 981935.495 981934.527 981933.179 981931.462 981929.394 981926.999 981924.307 981921.351 981918.169 981914.802 981911.297 981907.700 981904.061 981900.432 981896.863 981893.406 981890.111 981887.026 981884.197 981881.669 981879.480 981877.665 981876.256 981875.277 981874.748 981874.684 981875.093 981875.976 981877.330 981879.144 981881.401 981884.081 981887.155 981890.591
981895.598 981896.753 981898.210 981899.946 981901.932 981904.137 981906.525 981909.058 981911.694 981914.389 981917.099 981919.780 981922.386 981924.873 981927.197 981929.319 981931.200 981932.806 981934.106 981935.074 981935.687 981935.931 981935.794 981935.270 981934.362 981933.074 981931.421 981929.419 981927.093 981924.470 981921.585 981918.475 981915.181 981911.749 981908.226 981904.660 981901.102 981897.604 981894.215 981890.986 981887.963 981885.194 981882.721 981880.582 981878.812 981877.442 981876.496 981875.994 981875.948 981876.368 981877.254 981878.602 981880.402 981882.636 981885.283 981888.316 981891.701
981894.779 981895.913 981897.351 981899.071 981901.044 981903.239 981905.620 981908.149 981910.784 981913.484 981916.202 981918.895 981921.517 981924.025 981926.374 981928.526 981930.441 981932.085 981933.428 981934.443 981935.109 981935.409 981935.332 981934.873 981934.032 981932.816 981931.238 981929.314 981927.068 981924.529 981921.728 981918.705 981915.498 981912.154 981908.718 981905.239 981901.767 981898.352 981895.045 981891.893 981888.945 981886.246 981883.837 981881.757 981880.039 981878.714 981877.806 981877.333 981877.309 981877.741 981878.631 981879.972 981881.755 981883.963 981886.573 981889.559 981892.888
981893.851 981894.955 981896.365 981898.059 981900.009 981902.184 981904.549 981907.066 981909.694 981912.390 981915.109 981917.808 981920.441 981922.965 981925.337 981927.516 981929.464 981931.148 981932.535 981933.600 981934.322 981934.683 981934.673 981934.286 981933.522 981932.388 981930.895 981929.061 981926.908 981924.465 981921.763 981918.839 981915.735 981912.492 981909.158 981905.780 981902.408 981899.090 981895.877 981892.816 981889.954 981887.335 981885.000 981882.988 981881.331 981880.058 981879.193 981878.755 981878.756 981879.202 981880.095 981881.430 981883.195 981885.374 981887.944 981890.879 981894.146
981892.824 981893.887 981895.259 981896.917 981898.834 981900.979 981903.318 981905.813 981908.424 981911.107 981913.820 981916.517 981919.155 981921.690 981924.080 981926.283 981928.262 981929.984 981931.417 981932.534 981933.315 981933.742 981933.804 981933.496 981932.817 981931.773 981930.376 981928.643 981926.595 981924.260 981921.670 981918.860 981915.871 981912.745 981909.527 981906.264 981903.006 981899.799 981896.693 981893.736 981890.972 981888.445 981886.195 981884.260 981882.672 981881.459 981880.644 981880.245 981880.274 981880.738 981881.636 981882.965 981884.711 981886.860 981889.388 981892.268 981895.469
