Code/MATLAB/Matlab_old/02 Fill Missing Data/data_grav_rasters/EGM96_potential_ell.asc
ncols         159
nrows         172
xllcorner     32.4820794100
yllcorner     29.1707288100
cellsize      0.0259688
nodata_value  1000000000
[rows 115 to 137 of 172, columns 0 to 51 of 159]
62556786.331 62556786.817 62556787.337 62556787.890 62556788.477 62556789.096 62556789.744 62556790.418 62556791.117 62556791.836 62556792.570 62556793.315 62556794.067 62556794.819 62556795.565 62556796.301 62556797.019 62556797.714 62556798.380 62556799.011 62556799.600 62556800.144 62556800.637 62556801.074 62556801.452 62556801.768 62556802.019 62556802.203 62556802.319 62556802.368 62556802.350 62556802.266 62556802.119 62556801.912 62556801.649 62556801.336 62556800.976 62556800.578 62556800.146 62556799.688 62556799.212 62556798.725 62556798.235 62556797.750 62556797.278 62556796.827 62556796.403 62556796.013 62556795.665 62556795.363 62556795.113 62556794.919
62556743.438 62556743.926 62556744.449 62556745.007 62556745.599 62556746.224 62556746.879 62556747.562 62556748.270 62556748.999 62556749.744 62556750.501 62556751.265 62556752.029 62556752.789 62556753.537 62556754.269 62556754.977 62556755.655 62556756.298 62556756.900 62556757.455 62556757.958 62556758.406 62556758.793 62556759.116 62556759.374 62556759.564 62556759.685 62556759.737 62556759.721 62556759.638 62556759.491 62556759.283 62556759.019 62556758.702 62556758.338 62556757.935 62556757.497 62556757.033 62556756.549 62556756.055 62556755.557 62556755.064 62556754.583 62556754.122 62556753.689 62556753.291 62556752.934 62556752.624 62556752.366 62556752.164
62556700.556 62556701.043 62556701.567 62556702.126 62556702.721 62556703.350 62556704.010 62556704.699 62556705.415 62556706.152 62556706.906 62556707.673 62556708.447 62556709.223 62556709.994 62556710.755 62556711.498 62556712.219 62556712.910 62556713.565 62556714.178 62556714.744 62556715.259 62556715.716 62556716.112 62556716.444 62556716.709 62556716.906 62556717.032 62556717.089 62556717.076 62556716.996 62556716.850 62556716.642 62556716.376 62556716.057 62556715.690 62556715.282 62556714.840 62556714.370 62556713.880 62556713.378 62556712.873 62556712.372 62556711.882 62556711.413 62556710.972 62556710.565 62556710.199 62556709.880 62556709.613 62556709.403
62556657.681 62556658.165 62556658.686 62556659.244 62556659.840 62556660.470 62556661.133 62556661.827 62556662.547 62556663.290 62556664.052 62556664.827 62556665.611 62556666.397 62556667.178 62556667.950 62556668.705 62556669.437 62556670.140 62556670.807 62556671.432 62556672.010 62556672.535 62556673.003 62556673.409 62556673.750 62556674.023 62556674.227 62556674.360 62556674.422 62556674.414 62556674.337 62556674.193 62556673.986 62556673.720 62556673.400 62556673.032 62556672.621 62556672.174 62556671.699 62556671.204 62556670.696 62556670.183 62556669.674 62556669.177 62556668.699 62556668.249 62556667.833 62556667.457 62556667.129 62556666.853 62556666.634
62556614.809 62556615.287 62556615.803 62556616.359 62556616.952 62556617.581 62556618.245 62556618.941 62556619.664 62556620.412 62556621.180 62556621.962 62556622.753 62556623.548 62556624.339 62556625.121 62556625.887 62556626.631 62556627.345 62556628.024 62556628.661 62556629.250 62556629.786 62556630.265 62556630.682 62556631.033 62556631.315 62556631.527 62556631.668 62556631.736 62556631.734 62556631.661 62556631.521 62556631.316 62556631.052 62556630.732 62556630.362 62556629.949 62556629.499 62556629.021 62556628.520 62556628.007 62556627.488 62556626.971 62556626.466 62556625.980 62556625.521 62556625.095 62556624.711 62556624.373 62556624.087 62556623.858
62556571.939 62556572.408 62556572.917 62556573.466 62556574.055 62556574.682 62556575.344 62556576.039 62556576.765 62556577.515 62556578.287 62556579.075 62556579.873 62556580.675 62556581.475 62556582.267 62556583.043 62556583.797 62556584.523 62556585.213 62556585.862 62556586.463 62556587.011 62556587.501 62556587.929 62556588.291 62556588.584 62556588.805 62556588.955 62556589.031 62556589.035 62556588.968 62556588.833 62556588.632 62556588.370 62556588.052 62556587.682 62556587.268 62556586.817 62556586.335 62556585.831 62556585.312 62556584.787 62556584.264 62556583.751 62556583.257 62556582.789 62556582.354 62556581.959 62556581.611 62556581.315 62556581.075
62556529.067 62556529.525 62556530.024 62556530.565 62556531.147 62556531.769 62556532.428 62556533.121 62556533.846 62556534.598 62556535.372 62556536.164 62556536.967 62556537.776 62556538.584 62556539.384 62556540.171 62556540.935 62556541.672 62556542.374 62556543.035 62556543.649 62556544.209 62556544.712 62556545.152 62556545.526 62556545.830 62556546.062 62556546.221 62556546.307 62556546.319 62556546.259 62556546.130 62556545.935 62556545.677 62556545.361 62556544.993 62556544.580 62556544.128 62556543.644 62556543.136 62556542.613 62556542.083 62556541.554 62556541.034 62556540.531 62556540.054 62556539.609 62556539.204 62556538.845 62556538.537 62556538.286
62556486.192 62556486.636 62556487.124 62556487.654 62556488.227 62556488.842 62556489.495 62556490.185 62556490.907 62556491.659 62556492.434 62556493.229 62556494.036 62556494.851 62556495.666 62556496.475 62556497.270 62556498.045 62556498.794 62556499.508 62556500.181 62556500.807 62556501.381 62556501.897 62556502.350 62556502.736 62556503.053 62556503.297 62556503.468 62556503.564 62556503.586 62556503.536 62556503.414 62556503.226 62556502.973 62556502.662 62556502.297 62556501.885 62556501.433 62556500.949 62556500.439 62556499.913 62556499.378 62556498.842 62556498.315 62556497.805 62556497.318 62556496.864 62556496.448 62556496.077 62556495.757 62556495.493
62556443.313 62556443.742 62556444.215 62556444.732 62556445.294 62556445.899 62556446.545 62556447.229 62556447.948 62556448.697 62556449.473 62556450.269 62556451.080 62556451.899 62556452.721 62556453.537 62556454.342 62556455.128 62556455.887 62556456.613 62556457.300 62556457.940 62556458.527 62556459.057 62556459.525 62556459.925 62556460.256 62556460.513 62556460.697 62556460.806 62556460.839 62556460.799 62556460.687 62556460.507 62556460.261 62556459.956 62556459.595 62556459.187 62556458.737 62556458.252 62556457.741 62556457.212 62556456.673 62556456.132 62556455.598 62556455.080 62556454.584 62556454.119 62556453.692 62556453.308 62556452.975 62556452.697
62556400.429 62556400.839 62556401.296 62556401.799 62556402.347 62556402.941 62556403.577 62556404.254 62556404.967 62556405.714 62556406.488 62556407.284 62556408.098 62556408.921 62556409.749 62556410.573 62556411.387 62556412.183 62556412.954 62556413.693 62556414.392 62556415.047 62556415.649 62556416.194 62556416.677 62556417.093 62556417.439 62556417.712 62556417.910 62556418.033 62556418.079 62556418.051 62556417.951 62556417.780 62556417.544 62556417.246 62556416.891 62556416.487 62556416.040 62556415.557 62556415.046 62556414.515 62556413.972 62556413.427 62556412.886 62556412.359 62556411.854 62556411.378 62556410.939 62556410.542 62556410.195 62556409.901
62556357.540 62556357.930 62556358.367 62556358.853 62556359.387 62556359.968 62556360.593 62556361.261 62556361.967 62556362.709 62556363.480 62556364.276 62556365.091 62556365.919 62556366.752 62556367.583 62556368.406 62556369.212 62556369.995 62556370.747 62556371.461 62556372.131 62556372.749 62556373.311 62556373.810 62556374.243 62556374.606 62556374.895 62556375.110 62556375.248 62556375.310 62556375.296 62556375.208 62556375.050 62556374.824 62556374.535 62556374.188 62556373.790 62556373.347 62556372.867 62556372.356 62556371.824 62556371.279 62556370.729 62556370.182 62556369.647 62556369.132 62556368.645 62556368.193 62556367.782 62556367.419 62556367.109
62556314.646 62556315.013 62556315.430 62556315.897 62556316.414 62556316.980 62556317.592 62556318.250 62556318.948 62556319.684 62556320.452 62556321.247 62556322.062 62556322.893 62556323.731 62556324.570 62556325.401 62556326.218 62556327.014 62556327.779 62556328.509 62556329.194 62556329.829 62556330.408 62556330.926 62556331.378 62556331.759 62556332.067 62556332.299 62556332.455 62556332.533 62556332.536 62556332.463 62556332.318 62556332.104 62556331.826 62556331.489 62556331.098 62556330.661 62556330.184 62556329.676 62556329.144 62556328.597 62556328.042 62556327.489 62556326.946 62556326.421 62556325.922 62556325.457 62556325.031 62556324.651 62556324.323
62556271.747 62556272.090 62556272.485 62556272.931 62556273.429 62556273.979 62556274.577 62556275.223 62556275.912 62556276.641 62556277.404 62556278.197 62556279.013 62556279.846 62556280.689 62556281.535 62556282.375 62556283.204 62556284.012 62556284.792 62556285.537 62556286.239 62556286.893 62556287.491 62556288.028 62556288.500 62556288.901 62556289.229 62556289.481 62556289.657 62556289.754 62556289.774 62556289.718 62556289.589 62556289.390 62556289.124 62556288.798 62556288.416 62556287.986 62556287.515 62556287.009 62556286.478 62556285.929 62556285.371 62556284.812 62556284.261 62556283.726 62556283.215 62556282.735 62556282.293 62556281.895 62556281.547
62556228.846 62556229.163 62556229.533 62556229.957 62556230.435 62556230.966 62556231.550 62556232.182 62556232.861 62556233.581 62556234.339 62556235.130 62556235.946 62556236.781 62556237.629 62556238.481 62556239.331 62556240.171 62556240.992 62556241.788 62556242.549 62556243.270 62556243.943 62556244.561 62556245.120 62556245.613 62556246.036 62556246.386 62556246.660 62556246.857 62556246.975 62556247.015 62556246.978 62556246.867 62556246.683 62556246.432 62556246.119 62556245.748 62556245.326 62556244.861 62556244.360 62556243.830 62556243.281 62556242.719 62556242.155 62556241.596 62556241.051 62556240.526 62556240.031 62556239.572 62556239.155 62556238.786
62556185.943 62556186.232 62556186.576 62556186.976 62556187.433 62556187.945 62556188.512 62556189.130 62556189.797 62556190.509 62556191.261 62556192.048 62556192.863 62556193.701 62556194.553 62556195.413 62556196.273 62556197.124 62556197.959 62556198.771 62556199.550 62556200.290 62556200.983 62556201.624 62556202.205 62556202.721 62556203.168 62556203.542 62556203.840 62556204.060 62556204.201 62556204.263 62556204.247 62556204.155 62556203.990 62556203.755 62556203.456 62556203.097 62556202.686 62556202.228 62556201.732 62556201.205 62556200.656 62556200.092 62556199.522 62556198.955 62556198.399 62556197.861 62556197.350 62556196.872 62556196.435 62556196.043
62556143.040 62556143.300 62556143.617 62556143.992 62556144.426 62556144.918 62556145.467 62556146.070 62556146.725 62556147.427 62556148.172 62556148.955 62556149.769 62556150.609 62556151.466 62556152.333 62556153.202 62556154.066 62556154.916 62556155.744 62556156.542 62556157.303 62556158.018 62556158.681 62556159.286 62556159.828 62556160.300 62556160.700 62556161.024 62556161.269 62556161.435 62556161.521 62556161.528 62556161.458 62556161.313 62556161.096 62556160.813 62556160.469 62556160.069 62556159.620 62556159.131 62556158.607 62556158.059 62556157.492 62556156.918 62556156.342 62556155.775 62556155.223 62556154.695 62556154.198 62556153.739 62556153.323
62556100.141 62556100.370 62556100.659 62556101.008 62556101.417 62556101.888 62556102.417 62556103.004 62556103.646 62556104.338 62556105.076 62556105.855 62556106.668 62556107.509 62556108.370 62556109.245 62556110.125 62556111.001 62556111.867 62556112.712 62556113.530 62556114.312 62556115.050 62556115.739 62556116.370 62556116.938 62556117.438 62556117.865 62556118.216 62556118.489 62556118.682 62556118.794 62556118.826 62556118.779 62556118.656 62556118.460 62556118.195 62556117.866 62556117.479 62556117.041 62556116.559 62556116.040 62556115.493 62556114.925 62556114.345 62556113.762 62556113.183 62556112.617 62556112.072 62556111.554 62556111.071 62556110.629
62556057.247 62556057.445 62556057.703 62556058.025 62556058.410 62556058.857 62556059.367 62556059.938 62556060.565 62556061.246 62556061.977 62556062.751 62556063.562 62556064.405 62556065.271 62556066.154 62556067.044 62556067.934 62556068.815 62556069.679 62556070.518 62556071.322 62556072.085 62556072.799 62556073.458 62556074.054 62556074.583 62556075.040 62556075.421 62556075.724 62556075.945 62556076.086 62556076.145 62556076.124 62556076.024 62556075.850 62556075.605 62556075.293 62556074.921 62556074.495 62556074.022 62556073.509 62556072.963 62556072.394 62556071.810 62556071.219 62556070.628 62556070.047 62556069.483 62556068.944 62556068.436 62556067.966
62556014.362 62556014.527 62556014.755 62556015.048 62556015.406 62556015.831 62556016.321 62556016.873 62556017.486 62556018.156 62556018.878 62556019.647 62556020.457 62556021.301 62556022.172 62556023.063 62556023.964 62556024.868 62556025.766 62556026.649 62556027.509 62556028.337 62556029.126 62556029.868 62556030.555 62556031.182 62556031.741 62556032.230 62556032.642 62556032.976 62556033.229 62556033.399 62556033.488 62556033.494 62556033.421 62556033.270 62556033.047 62556032.754 62556032.398 62556031.985 62556031.522 62556031.015 62556030.473 62556029.904 62556029.315 62556028.715 62556028.113 62556027.517 62556026.934 62556026.371 62556025.837 62556025.338
62555971.488 62555971.619 62555971.816 62555972.080 62555972.412 62555972.812 62555973.281 62555973.815 62555974.413 62555975.071 62555975.784 62555976.548 62555977.356 62555978.202 62555979.078 62555979.976 62555980.889 62555981.807 62555982.722 62555983.625 62555984.508 62555985.361 62555986.177 62555986.948 62555987.665 62555988.323 62555988.916 62555989.437 62555989.883 62555990.250 62555990.536 62555990.739 62555990.858 62555990.894 62555990.848 62555990.724 62555990.523 62555990.252 62555989.914 62555989.515 62555989.063 62555988.564 62555988.026 62555987.456 62555986.863 62555986.256 62555985.642 62555985.029 62555984.426 62555983.840 62555983.279 62555982.748
62555928.629 62555928.726 62555928.890 62555929.124 62555929.429 62555929.805 62555930.251 62555930.767 62555931.349 62555931.995 62555932.700 62555933.458 62555934.264 62555935.111 62555935.992 62555936.899 62555937.823 62555938.756 62555939.689 62555940.613 62555941.519 62555942.398 62555943.242 62555944.043 62555944.792 62555945.483 62555946.109 62555946.666 62555947.147 62555947.549 62555947.870 62555948.106 62555948.258 62555948.326 62555948.310 62555948.213 62555948.038 62555947.789 62555947.470 62555947.087 62555946.648 62555946.157 62555945.624 62555945.055 62555944.458 62555943.843 62555943.217 62555942.588 62555941.964 62555941.353 62555940.763 62555940.200
62555885.787 62555885.850 62555885.982 62555886.185 62555886.462 62555886.813 62555887.237 62555887.733 62555888.300 62555888.933 62555889.628 62555890.381 62555891.184 62555892.033 62555892.919 62555893.834 62555894.770 62555895.718 62555896.669 62555897.615 62555898.545 62555899.451 62555900.324 62555901.156 62555901.938 62555902.664 62555903.326 62555903.918 62555904.436 62555904.875 62555905.232 62555905.505 62555905.692 62555905.793 62555905.809 62555905.741 62555905.592 62555905.367 62555905.069 62555904.704 62555904.278 62555903.797 62555903.269 62555902.702 62555902.102 62555901.479 62555900.841 62555900.195 62555899.550 62555898.914 62555898.293 62555897.696
62555842.967 62555842.995 62555843.093 62555843.266 62555843.514 62555843.839 62555844.241 62555844.718 62555845.268 62555845.888 62555846.573 62555847.320 62555848.122 62555848.971 62555849.862 62555850.786 62555851.734 62555852.697 62555853.667 62555854.635 62555855.590 62555856.523 62555857.426 62555858.290 62555859.107 62555859.868 62555860.567 62555861.197 62555861.754 62555862.231 62555862.626 62555862.937 62555863.160 62555863.296 62555863.345 62555863.309 62555863.189 62555862.989 62555862.713 62555862.367 62555861.956 62555861.486 62555860.964 62555860.399 62555859.797 62555859.166 62555858.515 62555857.853 62555857.186 62555856.523 62555855.872 62555855.239
