Code/MATLAB/Matlab_old/02 Fill Missing Data/data_grav_rasters/EGM96_potential_ell.asc
ncols         159
nrows         172
xllcorner     32.4820794100
yllcorner     29.1707288100
cellsize      0.0259688
nodata_value  1000000000
[rows 92 to 114 of 172, columns 0 to 51 of 159]
62557782.818 62557782.781 62557782.757 62557782.749 62557782.757 62557782.783 62557782.827 62557782.890 62557782.972 62557783.072 62557783.190 62557783.325 62557783.477 62557783.642 62557783.820 62557784.008 62557784.204 62557784.405 62557784.608 62557784.811 62557785.010 62557785.203 62557785.386 62557785.556 62557785.710 62557785.846 62557785.961 62557786.053 62557786.120 62557786.160 62557786.173 62557786.157 62557786.113 62557786.040 62557785.939 62557785.812 62557785.659 62557785.484 62557785.288 62557785.075 62557784.848 62557784.610 62557784.366 62557784.121 62557783.878 62557783.642 62557783.418 62557783.210 62557783.023 62557782.862 62557782.729 62557782.631
62557739.014 62557739.005 62557739.011 62557739.032 62557739.071 62557739.127 62557739.202 62557739.296 62557739.409 62557739.540 62557739.689 62557739.854 62557740.035 62557740.228 62557740.434 62557740.648 62557740.869 62557741.093 62557741.319 62557741.541 62557741.759 62557741.968 62557742.165 62557742.347 62557742.511 62557742.655 62557742.776 62557742.871 62557742.940 62557742.980 62557742.991 62557742.972 62557742.922 62557742.842 62557742.734 62557742.597 62557742.435 62557742.249 62557742.043 62557741.819 62557741.581 62557741.333 62557741.079 62557740.824 62557740.572 62557740.328 62557740.097 62557739.883 62557739.692 62557739.527 62557739.393 62557739.294
62557695.240 62557695.260 62557695.295 62557695.347 62557695.416 62557695.504 62557695.611 62557695.737 62557695.882 62557696.044 62557696.225 62557696.421 62557696.632 62557696.855 62557697.088 62557697.330 62557697.576 62557697.825 62557698.072 62557698.316 62557698.552 62557698.777 62557698.989 62557699.183 62557699.358 62557699.510 62557699.637 62557699.737 62557699.807 62557699.847 62557699.856 62557699.833 62557699.778 62557699.692 62557699.575 62557699.430 62557699.258 62557699.062 62557698.845 62557698.610 62557698.361 62557698.102 62557697.838 62557697.573 62557697.312 62557697.060 62557696.821 62557696.601 62557696.405 62557696.236 62557696.100 62557696.000
62557651.499 62557651.549 62557651.615 62557651.698 62557651.799 62557651.919 62557652.058 62557652.217 62557652.394 62557652.589 62557652.801 62557653.029 62557653.270 62557653.524 62557653.786 62557654.055 62557654.327 62557654.601 62557654.871 62557655.136 62557655.391 62557655.633 62557655.860 62557656.067 62557656.253 62557656.413 62557656.546 62557656.650 62557656.722 62557656.762 62557656.769 62557656.743 62557656.683 62557656.590 62557656.465 62557656.311 62557656.130 62557655.923 62557655.695 62557655.449 62557655.188 62557654.919 62557654.644 62557654.368 62557654.098 62557653.837 62557653.591 62557653.365 62557653.163 62557652.991 62557652.852 62557652.749
62557607.797 62557607.877 62557607.974 62557608.088 62557608.222 62557608.374 62557608.547 62557608.738 62557608.948 62557609.176 62557609.421 62557609.681 62557609.954 62557610.237 62557610.529 62557610.825 62557611.125 62557611.423 62557611.717 62557612.002 62557612.277 62557612.537 62557612.779 62557612.999 62557613.195 62557613.364 62557613.504 62557613.612 62557613.686 62557613.726 62557613.732 62557613.701 62557613.636 62557613.537 62557613.404 62557613.241 62557613.050 62557612.832 62557612.593 62557612.336 62557612.064 62557611.783 62557611.497 62557611.212 62557610.932 62557610.662 62557610.408 62557610.175 62557609.968 62557609.791 62557609.648 62557609.544
62557564.138 62557564.248 62557564.376 62557564.522 62557564.688 62557564.874 62557565.079 62557565.304 62557565.547 62557565.809 62557566.086 62557566.378 62557566.682 62557566.996 62557567.318 62557567.643 62557567.969 62557568.292 62557568.609 62557568.917 62557569.211 62557569.488 62557569.745 62557569.979 62557570.186 62557570.364 62557570.510 62557570.622 62557570.699 62557570.739 62557570.743 62557570.709 62557570.638 62557570.532 62557570.392 62557570.220 62557570.018 62557569.790 62557569.540 62557569.271 62557568.988 62557568.696 62557568.399 62557568.103 62557567.813 62557567.534 62557567.272 62557567.032 62557566.819 62557566.637 62557566.491 62557566.385
62557520.525 62557520.665 62557520.824 62557521.002 62557521.200 62557521.419 62557521.658 62557521.916 62557522.193 62557522.487 62557522.798 62557523.122 62557523.458 62557523.803 62557524.154 62557524.507 62557524.860 62557525.209 62557525.550 62557525.879 62557526.193 62557526.488 62557526.760 62557527.007 62557527.225 62557527.411 62557527.564 62557527.680 62557527.759 62557527.800 62557527.802 62557527.764 62557527.689 62557527.576 62557527.428 62557527.246 62557527.035 62557526.796 62557526.534 62557526.254 62557525.959 62557525.655 62557525.347 62557525.041 62557524.740 62557524.453 62557524.182 62557523.935 62557523.715 62557523.529 62557523.379 62557523.270
62557476.960 62557477.130 62557477.320 62557477.530 62557477.761 62557478.012 62557478.284 62557478.576 62557478.886 62557479.214 62557479.557 62557479.914 62557480.281 62557480.657 62557481.037 62557481.419 62557481.799 62557482.173 62557482.537 62557482.888 62557483.221 62557483.534 62557483.822 62557484.082 62557484.311 62557484.506 62557484.665 62557484.786 62557484.867 62557484.908 62557484.908 62557484.867 62557484.786 62557484.666 62557484.510 62557484.319 62557484.098 62557483.848 62557483.576 62557483.283 62557482.977 62557482.662 62557482.342 62557482.025 62557481.714 62557481.417 62557481.138 62557480.883 62557480.657 62557480.465 62557480.311 62557480.199
62557433.445 62557433.646 62557433.866 62557434.108 62557434.370 62557434.654 62557434.959 62557435.284 62557435.627 62557435.988 62557436.364 62557436.753 62557437.152 62557437.558 62557437.967 62557438.377 62557438.784 62557439.183 62557439.570 62557439.943 62557440.296 62557440.626 62557440.929 62557441.202 62557441.442 62557441.646 62557441.811 62557441.936 62557442.020 62557442.060 62557442.059 62557442.014 62557441.928 62557441.802 62557441.637 62557441.438 62557441.206 62557440.946 62557440.661 62557440.358 62557440.040 62557439.712 62557439.382 62557439.053 62557438.732 62557438.425 62557438.138 62557437.875 62557437.642 62557437.445 62557437.286 62557437.171
62557389.983 62557390.212 62557390.463 62557390.736 62557391.030 62557391.346 62557391.683 62557392.040 62557392.417 62557392.810 62557393.218 62557393.638 62557394.068 62557394.504 62557394.943 62557395.381 62557395.814 62557396.238 62557396.648 62557397.042 62557397.414 62557397.762 62557398.080 62557398.366 62557398.616 62557398.829 62557399.000 62557399.130 62557399.215 62557399.256 62557399.252 62557399.204 62557399.113 62557398.980 62557398.807 62557398.599 62557398.357 62557398.086 62557397.790 62557397.475 62557397.145 62557396.806 62557396.464 62557396.124 62557395.793 62557395.476 62557395.180 62557394.909 62557394.669 62557394.466 62557394.303 62557394.184
62557346.573 62557346.831 62557347.112 62557347.414 62557347.739 62557348.087 62557348.456 62557348.845 62557349.253 62557349.678 62557350.118 62557350.570 62557351.030 62557351.495 62557351.963 62557352.428 62557352.887 62557353.335 62557353.768 62557354.183 62557354.574 62557354.938 62557355.272 62557355.570 62557355.831 62557356.052 62557356.230 62557356.363 62557356.451 62557356.492 62557356.486 62557356.434 62557356.338 62557356.198 62557356.017 62557355.799 62557355.548 62557355.266 62557354.959 62557354.632 62557354.290 62557353.939 62557353.586 62557353.235 62557352.893 62557352.567 62557352.261 62557351.982 62557351.736 62557351.526 62557351.358 62557351.235
62557303.216 62557303.502 62557303.811 62557304.143 62557304.498 62557304.876 62557305.276 62557305.696 62557306.136 62557306.592 62557307.062 62557307.544 62557308.034 62557308.529 62557309.024 62557309.516 62557310.000 62557310.472 62557310.928 62557311.363 62557311.772 62557312.153 62557312.501 62557312.812 62557313.084 62557313.312 62557313.496 62557313.634 62557313.723 62557313.764 62557313.756 62557313.701 62557313.599 62557313.453 62557313.264 62557313.037 62557312.775 62557312.483 62557312.165 62557311.826 62557311.472 62557311.110 62557310.745 62557310.383 62557310.030 62557309.694 62557309.379 62557309.092 62557308.838 62557308.622 62557308.449 62557308.322
62557259.911 62557260.224 62557260.560 62557260.921 62557261.305 62557261.712 62557262.142 62557262.592 62557263.062 62557263.548 62557264.048 62557264.560 62557265.079 62557265.601 62557266.124 62557266.641 62557267.150 62557267.645 62557268.123 62557268.578 62557269.006 62557269.403 62557269.765 62557270.088 62557270.370 62557270.606 62557270.796 62557270.937 62557271.028 62557271.069 62557271.060 62557271.001 62557270.894 62557270.740 62557270.544 62557270.308 62557270.036 62557269.733 62557269.404 62557269.054 62557268.688 62557268.314 62557267.937 62557267.564 62557267.202 62557266.855 62557266.531 62557266.236 62557265.975 62557265.752 62557265.574 62557265.443
62557216.658 62557216.996 62557217.358 62557217.745 62557218.157 62557218.593 62557219.051 62557219.530 62557220.029 62557220.544 62557221.074 62557221.613 62557222.160 62557222.710 62557223.258 62557223.801 62557224.334 62557224.852 62557225.350 62557225.825 62557226.270 62557226.683 62557227.059 62557227.394 62557227.685 62557227.930 62557228.125 62557228.270 62557228.363 62557228.403 62557228.392 62557228.329 62557228.217 62557228.058 62557227.853 62557227.609 62557227.327 62557227.013 62557226.673 62557226.311 62557225.934 62557225.549 62557225.161 62557224.776 62557224.403 62557224.047 62557223.713 62557223.410 62557223.141 62557222.912 62557222.728 62557222.592
62557173.454 62557173.815 62557174.203 62557174.615 62557175.053 62557175.515 62557176.001 62557176.508 62557177.034 62557177.577 62557178.134 62557178.701 62557179.275 62557179.851 62557180.424 62557180.992 62557181.547 62557182.087 62557182.606 62557183.099 62557183.561 62557183.989 62557184.379 62557184.725 62557185.026 62557185.278 62557185.479 62557185.627 62557185.722 62557185.762 62557185.749 62557185.683 62557185.566 62557185.400 62557185.188 62557184.934 62557184.643 62557184.319 62557183.968 62557183.595 62557183.207 62557182.810 62557182.410 62557182.015 62557181.631 62557181.265 62557180.922 62557180.610 62557180.334 62557180.098 62557179.908 62557179.768
62557130.296 62557130.680 62557131.091 62557131.527 62557131.990 62557132.477 62557132.988 62557133.521 62557134.074 62557134.644 62557135.227 62557135.820 62557136.419 62557137.020 62557137.618 62557138.208 62557138.786 62557139.347 62557139.885 62557140.396 62557140.875 62557141.318 62557141.720 62557142.077 62557142.387 62557142.647 62557142.853 62557143.005 62557143.101 62557143.142 62557143.127 62557143.057 62557142.935 62557142.763 62557142.543 62557142.281 62557141.981 62557141.647 62557141.285 62557140.901 62557140.501 62557140.093 62557139.682 62557139.276 62557138.882 62557138.506 62557138.154 62557137.833 62557137.549 62557137.307 62557137.111 62557136.966
62557087.183 62557087.588 62557088.019 62557088.478 62557088.963 62557089.474 62557090.010 62557090.567 62557091.145 62557091.739 62557092.347 62557092.964 62557093.588 62557094.212 62557094.833 62557095.446 62557096.045 62557096.625 62557097.182 62557097.711 62557098.206 62557098.663 62557099.077 62557099.446 62557099.764 62557100.031 62557100.243 62557100.398 62557100.496 62557100.536 62557100.520 62557100.447 62557100.320 62557100.142 62557099.916 62557099.645 62557099.336 62557098.992 62557098.619 62557098.225 62557097.814 62557097.395 62557096.973 62557096.557 62557096.152 62557095.766 62557095.405 62557095.075 62557094.784 62557094.534 62557094.333 62557094.182
62557044.111 62557044.534 62557044.985 62557045.464 62557045.970 62557046.503 62557047.061 62557047.641 62557048.241 62557048.859 62557049.490 62557050.131 62557050.777 62557051.424 62557052.066 62557052.700 62557053.319 62557053.919 62557054.494 62557055.039 62557055.549 62557056.020 62557056.446 62557056.825 62557057.153 62557057.426 62557057.643 62557057.802 62557057.902 62557057.942 62557057.924 62557057.848 62557057.717 62557057.533 62557057.300 62557057.022 62557056.704 62557056.350 62557055.968 62557055.563 62557055.142 62557054.711 62557054.279 62557053.852 62557053.437 62557053.041 62557052.671 62557052.333 62557052.033 62557051.777 62557051.569 62557051.414
62557001.077 62557001.516 62557001.984 62557002.481 62557003.007 62557003.559 62557004.137 62557004.738 62557005.360 62557005.999 62557006.651 62557007.314 62557007.981 62557008.649 62557009.313 62557009.966 62557010.605 62557011.222 62557011.814 62557012.375 62557012.900 62557013.384 62557013.822 62557014.211 62557014.547 62557014.827 62557015.050 62557015.212 62557015.314 62557015.355 62557015.335 62557015.257 62557015.122 62557014.932 62557014.693 62557014.407 62557014.081 62557013.718 62557013.326 62557012.911 62557012.480 62557012.039 62557011.596 62557011.158 62557010.733 62557010.328 62557009.949 62557009.602 62557009.295 62557009.031 62557008.817 62557008.656
62556958.076 62556958.529 62556959.013 62556959.526 62556960.068 62556960.638 62556961.234 62556961.854 62556962.495 62556963.154 62556963.827 62556964.509 62556965.196 62556965.884 62556966.566 62556967.239 62556967.895 62556968.530 62556969.139 62556969.715 62556970.253 62556970.750 62556971.200 62556971.598 62556971.943 62556972.230 62556972.457 62556972.623 62556972.727 62556972.769 62556972.749 62556972.668 62556972.529 62556972.335 62556972.090 62556971.797 62556971.463 62556971.092 62556970.691 62556970.266 62556969.824 62556969.374 62556968.921 62556968.473 62556968.038 62556967.623 62556967.235 62556966.880 62556966.564 62556966.294 62556966.073 62556965.906
62556915.105 62556915.570 62556916.067 62556916.593 62556917.150 62556917.736 62556918.348 62556918.985 62556919.643 62556920.320 62556921.011 62556921.711 62556922.417 62556923.123 62556923.823 62556924.513 62556925.187 62556925.838 62556926.462 62556927.052 62556927.605 62556928.113 62556928.574 62556928.983 62556929.335 62556929.629 62556929.862 62556930.032 62556930.139 62556930.181 62556930.160 62556930.078 62556929.936 62556929.738 62556929.487 62556929.188 62556928.846 62556928.467 62556928.058 62556927.624 62556927.173 62556926.712 62556926.249 62556925.792 62556925.347 62556924.923 62556924.526 62556924.162 62556923.839 62556923.561 62556923.333 62556923.160
62556872.160 62556872.635 62556873.141 62556873.680 62556874.249 62556874.848 62556875.474 62556876.126 62556876.799 62556877.492 62556878.199 62556878.916 62556879.639 62556880.361 62556881.079 62556881.785 62556882.474 62556883.141 62556883.779 62556884.384 62556884.949 62556885.470 62556885.941 62556886.359 62556886.720 62556887.021 62556887.260 62556887.434 62556887.543 62556887.587 62556887.567 62556887.483 62556887.339 62556887.137 62556886.881 62556886.577 62556886.228 62556885.842 62556885.424 62556884.982 62556884.522 62556884.052 62556883.580 62556883.113 62556882.659 62556882.225 62556881.819 62556881.447 62556881.115 62556880.829 62556880.595 62556880.415
62556829.236 62556829.718 62556830.233 62556830.780 62556831.359 62556831.969 62556832.607 62556833.272 62556833.959 62556834.665 62556835.387 62556836.119 62556836.857 62556837.595 62556838.327 62556839.049 62556839.753 62556840.434 62556841.087 62556841.705 62556842.282 62556842.815 62556843.297 62556843.724 62556844.094 62556844.402 62556844.646 62556844.825 62556844.938 62556844.984 62556844.964 62556844.880 62556844.734 62556844.529 62556844.270 62556843.960 62556843.606 62556843.213 62556842.788 62556842.337 62556841.869 62556841.390 62556840.909 62556840.433 62556839.970 62556839.527 62556839.112 62556838.731 62556838.391 62556838.098 62556837.855 62556837.669
