Code/MATLAB/Matlab_old/02 Fill Missing Data/data_grav_rasters/EGM96_potential_ell.asc
ncols         159
nrows         172
xllcorner     32.4820794100
yllcorner     29.1707288100
cellsize      0.0259688
nodata_value  1000000000
[rows 115 to 137 of 172, columns 104 to 155 of 159]
62556795.796 62556796.073 62556796.453 62556796.937 62556797.523 62556798.209 62556798.993 62556799.868 62556800.831 62556801.873 62556802.988 62556804.166 62556805.397 62556806.673 62556807.981 62556809.311 62556810.651 62556811.990 62556813.316 62556814.617 62556815.883 62556817.102 62556818.264 62556819.360 62556820.381 62556821.318 62556822.164 62556822.914 62556823.561 62556824.103 62556824.536 62556824.858 62556825.069 62556825.169 62556825.160 62556825.043 62556824.823 62556824.503 62556824.089 62556823.586 62556823.001 62556822.341 62556821.612 62556820.823 62556819.981 62556819.094 62556818.170 62556817.216 62556816.239 62556815.248 62556814.247 62556813.244
62556753.159 62556753.444 62556753.831 62556754.321 62556754.912 62556755.603 62556756.389 62556757.266 62556758.229 62556759.270 62556760.381 62556761.554 62556762.780 62556764.047 62556765.345 62556766.663 62556767.990 62556769.313 62556770.622 62556771.904 62556773.149 62556774.347 62556775.486 62556776.557 62556777.552 62556778.462 62556779.281 62556780.002 62556780.622 62556781.135 62556781.539 62556781.833 62556782.016 62556782.088 62556782.052 62556781.910 62556781.665 62556781.322 62556780.887 62556780.364 62556779.761 62556779.085 62556778.343 62556777.542 62556776.691 62556775.796 62556774.867 62556773.911 62556772.934 62556771.944 62556770.948 62556769.951
62556710.570 62556710.863 62556711.257 62556711.752 62556712.348 62556713.041 62556713.829 62556714.707 62556715.668 62556716.706 62556717.812 62556718.979 62556720.195 62556721.452 62556722.738 62556724.042 62556725.352 62556726.658 62556727.947 62556729.208 62556730.430 62556731.603 62556732.717 62556733.761 62556734.728 62556735.610 62556736.400 62556737.092 62556737.681 62556738.165 62556738.539 62556738.804 62556738.958 62556739.002 62556738.939 62556738.771 62556738.502 62556738.137 62556737.680 62556737.138 62556736.518 62556735.827 62556735.072 62556734.260 62556733.400 62556732.500 62556731.567 62556730.609 62556729.633 62556728.647 62556727.656 62556726.667
62556668.025 62556668.325 62556668.726 62556669.227 62556669.827 62556670.523 62556671.312 62556672.188 62556673.147 62556674.180 62556675.280 62556676.438 62556677.644 62556678.888 62556680.159 62556681.447 62556682.739 62556684.024 62556685.291 62556686.529 62556687.726 62556688.873 62556689.958 62556690.974 62556691.912 62556692.763 62556693.522 62556694.183 62556694.742 62556695.194 62556695.538 62556695.773 62556695.898 62556695.914 62556695.824 62556695.630 62556695.337 62556694.949 62556694.472 62556693.911 62556693.274 62556692.569 62556691.801 62556690.980 62556690.113 62556689.207 62556688.272 62556687.314 62556686.340 62556685.358 62556684.374 62556683.393
62556625.521 62556625.830 62556626.238 62556626.745 62556627.348 62556628.046 62556628.835 62556629.710 62556630.664 62556631.692 62556632.783 62556633.931 62556635.124 62556636.354 62556637.609 62556638.877 62556640.149 62556641.412 62556642.655 62556643.867 62556645.037 62556646.155 62556647.211 62556648.197 62556649.103 62556649.923 62556650.650 62556651.278 62556651.804 62556652.225 62556652.538 62556652.742 62556652.837 62556652.825 62556652.707 62556652.488 62556652.171 62556651.761 62556651.263 62556650.685 62556650.032 62556649.313 62556648.534 62556647.704 62556646.830 62556645.921 62556644.984 62556644.026 62556643.056 62556642.079 62556641.102 62556640.132
62556583.056 62556583.375 62556583.790 62556584.302 62556584.910 62556585.609 62556586.398 62556587.270 62556588.219 62556589.239 62556590.321 62556591.457 62556592.636 62556593.850 62556595.086 62556596.334 62556597.583 62556598.822 62556600.038 62556601.223 62556602.364 62556603.451 62556604.476 62556605.429 62556606.303 62556607.089 62556607.782 62556608.378 62556608.871 62556609.259 62556609.539 62556609.712 62556609.777 62556609.737 62556609.592 62556609.347 62556609.006 62556608.574 62556608.057 62556607.461 62556606.794 62556606.062 62556605.273 62556604.435 62556603.556 62556602.643 62556601.706 62556600.750 62556599.783 62556598.813 62556597.845 62556596.885
62556540.626 62556540.955 62556541.379 62556541.897 62556542.509 62556543.210 62556543.997 62556544.866 62556545.810 62556546.821 62556547.893 62556549.015 62556550.179 62556551.374 62556552.590 62556553.816 62556555.040 62556556.253 62556557.441 62556558.596 62556559.706 62556560.762 62556561.754 62556562.673 62556563.512 62556564.264 62556564.923 62556565.483 62556565.942 62556566.297 62556566.545 62556566.686 62556566.721 62556566.651 62556566.480 62556566.210 62556565.845 62556565.392 62556564.856 62556564.243 62556563.561 62556562.817 62556562.019 62556561.174 62556560.290 62556559.376 62556558.439 62556557.486 62556556.525 62556555.561 62556554.603 62556553.654
62556498.229 62556498.569 62556499.002 62556499.527 62556500.142 62556500.845 62556501.631 62556502.496 62556503.433 62556504.436 62556505.496 62556506.604 62556507.750 62556508.926 62556510.121 62556511.322 62556512.521 62556513.705 62556514.864 62556515.988 62556517.065 62556518.087 62556519.044 62556519.928 62556520.732 62556521.448 62556522.071 62556522.596 62556523.020 62556523.341 62556523.556 62556523.665 62556523.670 62556523.571 62556523.373 62556523.077 62556522.690 62556522.216 62556521.662 62556521.033 62556520.337 62556519.582 62556518.775 62556517.924 62556517.037 62556516.122 62556515.186 62556514.237 62556513.281 62556512.326 62556511.377 62556510.441
62556455.861 62556456.214 62556456.656 62556457.189 62556457.808 62556458.513 62556459.298 62556460.159 62556461.089 62556462.082 62556463.129 62556464.221 62556465.350 62556466.505 62556467.676 62556468.853 62556470.024 62556471.179 62556472.307 62556473.397 62556474.441 62556475.428 62556476.349 62556477.197 62556477.963 62556478.642 62556479.229 62556479.718 62556480.107 62556480.392 62556480.574 62556480.651 62556480.625 62556480.498 62556480.273 62556479.953 62556479.543 62556479.049 62556478.476 62556477.832 62556477.124 62556476.358 62556475.544 62556474.688 62556473.798 62556472.882 62556471.948 62556471.004 62556470.055 62556469.109 62556468.171 62556467.247
62556413.518 62556413.885 62556414.338 62556414.879 62556415.503 62556416.210 62556416.994 62556417.851 62556418.774 62556419.757 62556420.790 62556421.867 62556422.977 62556424.110 62556425.257 62556426.407 62556427.549 62556428.673 62556429.769 62556430.825 62556431.833 62556432.784 62556433.668 62556434.478 62556435.207 62556435.849 62556436.398 62556436.850 62556437.202 62556437.453 62556437.601 62556437.646 62556437.590 62556437.434 62556437.182 62556436.838 62556436.406 62556435.892 62556435.302 62556434.644 62556433.923 62556433.148 62556432.327 62556431.466 62556430.574 62556429.660 62556428.729 62556427.789 62556426.848 62556425.912 62556424.985 62556424.074
62556371.197 62556371.579 62556372.045 62556372.594 62556373.225 62556373.934 62556374.718 62556375.571 62556376.487 62556377.459 62556378.479 62556379.538 62556380.629 62556381.740 62556382.861 62556383.983 62556385.096 62556386.188 62556387.250 62556388.271 62556389.243 62556390.156 62556391.002 62556391.774 62556392.464 62556393.067 62556393.578 62556393.993 62556394.309 62556394.524 62556394.638 62556394.651 62556394.565 62556394.381 62556394.102 62556393.734 62556393.280 62556392.748 62556392.141 62556391.469 62556390.737 62556389.953 62556389.126 62556388.262 62556387.369 62556386.456 62556385.529 62556384.595 62556383.662 62556382.736 62556381.821 62556380.924
62556328.893 62556329.292 62556329.772 62556330.332 62556330.970 62556331.682 62556332.466 62556333.315 62556334.224 62556335.185 62556336.192 62556337.234 62556338.304 62556339.392 62556340.488 62556341.582 62556342.663 62556343.723 62556344.750 62556345.735 62556346.670 62556347.544 62556348.352 62556349.084 62556349.735 62556350.299 62556350.771 62556351.148 62556351.428 62556351.608 62556351.688 62556351.669 62556351.552 62556351.339 62556351.035 62556350.643 62556350.169 62556349.618 62556348.996 62556348.310 62556347.568 62556346.776 62556345.943 62556345.076 62556344.184 62556343.272 62556342.350 62556341.423 62556340.499 62556339.583 62556338.681 62556337.797
62556286.604 62556287.022 62556287.517 62556288.088 62556288.734 62556289.451 62556290.236 62556291.082 62556291.984 62556292.935 62556293.927 62556294.953 62556296.002 62556297.066 62556298.136 62556299.200 62556300.251 62556301.276 62556302.268 62556303.217 62556304.113 62556304.949 62556305.717 62556306.409 62556307.020 62556307.545 62556307.978 62556308.317 62556308.560 62556308.704 62556308.750 62556308.699 62556308.552 62556308.312 62556307.983 62556307.568 62556307.073 62556306.504 62556305.867 62556305.169 62556304.417 62556303.618 62556302.781 62556301.912 62556301.020 62556300.112 62556299.194 62556298.275 62556297.360 62556296.455 62556295.565 62556294.696
62556244.326 62556244.764 62556245.276 62556245.861 62556246.516 62556247.238 62556248.024 62556248.868 62556249.764 62556250.705 62556251.684 62556252.692 62556253.720 62556254.761 62556255.804 62556256.839 62556257.857 62556258.849 62556259.805 62556260.716 62556261.574 62556262.370 62556263.098 62556263.750 62556264.321 62556264.805 62556265.199 62556265.500 62556265.706 62556265.815 62556265.828 62556265.745 62556265.568 62556265.301 62556264.946 62556264.509 62556263.994 62556263.408 62556262.757 62556262.047 62556261.286 62556260.481 62556259.640 62556258.770 62556257.879 62556256.975 62556256.063 62556255.151 62556254.246 62556253.352 62556252.475 62556251.620
62556202.054 62556202.515 62556203.045 62556203.645 62556204.311 62556205.040 62556205.829 62556206.671 62556207.561 62556208.493 62556209.458 62556210.449 62556211.458 62556212.474 62556213.490 62556214.496 62556215.482 62556216.439 62556217.359 62556218.233 62556219.051 62556219.808 62556220.495 62556221.106 62556221.637 62556222.081 62556222.436 62556222.699 62556222.868 62556222.941 62556222.921 62556222.806 62556222.600 62556222.306 62556221.927 62556221.468 62556220.935 62556220.332 62556219.667 62556218.947 62556218.177 62556217.367 62556216.523 62556215.653 62556214.764 62556213.863 62556212.958 62556212.055 62556211.159 62556210.277 62556209.413 62556208.573
62556159.785 62556160.271 62556160.822 62556161.438 62556162.117 62556162.854 62556163.647 62556164.488 62556165.374 62556166.297 62556167.249 62556168.224 62556169.212 62556170.205 62556171.194 62556172.170 62556173.124 62556174.047 62556174.930 62556175.766 62556176.545 62556177.262 62556177.908 62556178.479 62556178.969 62556179.373 62556179.689 62556179.914 62556180.046 62556180.085 62556180.031 62556179.885 62556179.651 62556179.330 62556178.928 62556178.448 62556177.896 62556177.278 62556176.600 62556175.869 62556175.093 62556174.278 62556173.431 62556172.562 62556171.675 62556170.779 62556169.881 62556168.986 62556168.101 62556167.230 62556166.380 62556165.554
62556117.516 62556118.028 62556118.603 62556119.238 62556119.930 62556120.677 62556121.475 62556122.318 62556123.200 62556124.114 62556125.055 62556126.013 62556126.982 62556127.951 62556128.914 62556129.860 62556130.782 62556131.671 62556132.518 62556133.315 62556134.056 62556134.732 62556135.338 62556135.868 62556136.318 62556136.682 62556136.959 62556137.146 62556137.242 62556137.246 62556137.159 62556136.983 62556136.721 62556136.374 62556135.949 62556135.448 62556134.879 62556134.246 62556133.556 62556132.816 62556132.033 62556131.214 62556130.367 62556129.498 62556128.614 62556127.724 62556126.833 62556125.947 62556125.072 62556124.214 62556123.377 62556122.565
62556075.244 62556075.785 62556076.385 62556077.040 62556077.748 62556078.507 62556079.311 62556080.156 62556081.035 62556081.943 62556082.873 62556083.816 62556084.765 62556085.712 62556086.648 62556087.566 62556088.456 62556089.310 62556090.121 62556090.881 62556091.582 62556092.219 62556092.785 62556093.274 62556093.683 62556094.008 62556094.246 62556094.396 62556094.455 62556094.425 62556094.307 62556094.101 62556093.811 62556093.440 62556092.992 62556092.472 62556091.886 62556091.239 62556090.538 62556089.789 62556089.000 62556088.178 62556087.330 62556086.463 62556085.583 62556084.699 62556083.815 62556082.939 62556082.075 62556081.229 62556080.405 62556079.607
62556032.965 62556033.538 62556034.164 62556034.842 62556035.569 62556036.340 62556037.153 62556038.001 62556038.880 62556039.782 62556040.701 62556041.630 62556042.561 62556043.486 62556044.397 62556045.286 62556046.144 62556046.965 62556047.740 62556048.462 62556049.125 62556049.722 62556050.248 62556050.697 62556051.066 62556051.352 62556051.552 62556051.664 62556051.688 62556051.625 62556051.475 62556051.240 62556050.923 62556050.528 62556050.058 62556049.520 62556048.917 62556048.257 62556047.546 62556046.790 62556045.996 62556045.172 62556044.323 62556043.458 62556042.584 62556041.705 62556040.830 62556039.963 62556039.110 62556038.277 62556037.466 62556036.682
62555990.677 62555991.284 62555991.940 62555992.642 62555993.389 62555994.175 62555994.998 62555995.851 62555996.730 62555997.628 62555998.539 62555999.454 62556000.368 62556001.271 62556002.158 62556003.019 62556003.846 62556004.634 62556005.374 62556006.059 62556006.683 62556007.241 62556007.727 62556008.137 62556008.467 62556008.714 62556008.876 62556008.952 62556008.942 62556008.845 62556008.664 62556008.401 62556008.058 62556007.639 62556007.149 62556006.593 62556005.975 62556005.303 62556004.582 62556003.820 62556003.022 62556002.196 62556001.348 62556000.486 62555999.616 62555998.745 62555997.878 62555997.021 62555996.180 62555995.358 62555994.561 62555993.790
62555948.378 62555949.022 62555949.709 62555950.438 62555951.206 62555952.010 62555952.844 62555953.705 62555954.585 62555955.480 62555956.383 62555957.287 62555958.184 62555959.068 62555959.930 62555960.764 62555961.562 62555962.317 62555963.022 62555963.671 62555964.258 62555964.777 62555965.224 62555965.595 62555965.886 62555966.095 62555966.220 62555966.260 62555966.216 62555966.087 62555965.876 62555965.585 62555965.217 62555964.776 62555964.266 62555963.693 62555963.061 62555962.378 62555961.648 62555960.880 62555960.079 62555959.252 62555958.406 62555957.547 62555956.683 62555955.819 62555954.961 62555954.115 62555953.285 62555952.476 62555951.691 62555950.934
62555906.066 62555906.748 62555907.470 62555908.228 62555909.020 62555909.842 62555910.691 62555911.560 62555912.444 62555913.337 62555914.234 62555915.127 62555916.009 62555916.874 62555917.713 62555918.521 62555919.290 62555920.013 62555920.685 62555921.298 62555921.848 62555922.329 62555922.738 62555923.070 62555923.324 62555923.495 62555923.584 62555923.589 62555923.512 62555923.352 62555923.112 62555922.794 62555922.402 62555921.939 62555921.410 62555920.821 62555920.176 62555919.482 62555918.745 62555917.972 62555917.168 62555916.341 62555915.498 62555914.644 62555913.786 62555912.930 62555912.081 62555911.245 62555910.427 62555909.630 62555908.858 62555908.115
62555863.740 62555864.463 62555865.220 62555866.010 62555866.828 62555867.671 62555868.535 62555869.415 62555870.304 62555871.198 62555872.090 62555872.974 62555873.842 62555874.689 62555875.507 62555876.290 62555877.031 62555877.723 62555878.362 62555878.940 62555879.454 62555879.899 62555880.270 62555880.565 62555880.781 62555880.916 62555880.969 62555880.940 62555880.830 62555880.640 62555880.372 62555880.028 62555879.613 62555879.129 62555878.583 62555877.979 62555877.322 62555876.619 62555875.875 62555875.097 62555874.292 62555873.466 62555872.625 62555871.777 62555870.925 62555870.078 62555869.239 62555868.414 62555867.607 62555866.823 62555866.064 62555865.334
