Code/MATLAB/Matlab_old/02 Fill Missing Data/data_grav_rasters/EIGEN-6C4_geoid.asc
ncols         159
nrows         172
xllcorner     32.4820794100
yllcorner     29.1707288100
cellsize      0.0259688
nodata_value  999
[rows 128 to 159 of 172, columns 71 to 141 of 159]
18.360 18.419 18.484 18.554 18.627 18.700 18.771 18.838 18.899 18.953 18.999 19.033 19.052 19.053 19.033 18.991 18.929 18.850 18.761 18.666 18.571 18.479 18.392 18.311 18.239 18.177 18.126 18.087 18.059 18.044 18.043 18.059 18.098 18.161 18.249 18.358 18.483 18.618 18.763 18.916 19.079 19.246 19.410 19.561 19.694 19.806 19.896 19.959 19.994 20.002 19.991 19.971 19.948 19.922 19.892 19.853 19.802 19.740 19.670 19.596 19.523 19.452 19.385 19.320 19.261 19.206 19.159 19.121 19.091 19.067 19.047
18.356 18.413 18.477 18.545 18.616 18.687 18.754 18.816 18.871 18.918 18.957 18.984 18.998 18.995 18.973 18.932 18.874 18.801 18.718 18.632 18.545 18.460 18.378 18.301 18.230 18.169 18.119 18.082 18.058 18.050 18.058 18.086 18.135 18.206 18.300 18.411 18.536 18.671 18.815 18.969 19.131 19.299 19.462 19.612 19.743 19.854 19.942 20.005 20.040 20.050 20.041 20.021 19.996 19.967 19.931 19.885 19.828 19.760 19.685 19.606 19.526 19.447 19.371 19.299 19.231 19.171 19.120 19.079 19.048 19.023 19.003
18.357 18.412 18.472 18.537 18.604 18.671 18.735 18.793 18.843 18.884 18.916 18.937 18.945 18.939 18.916 18.876 18.820 18.752 18.677 18.598 18.519 18.440 18.362 18.288 18.220 18.160 18.112 18.078 18.059 18.058 18.074 18.110 18.167 18.245 18.344 18.460 18.588 18.726 18.873 19.029 19.193 19.360 19.520 19.667 19.795 19.903 19.989 20.051 20.087 20.099 20.092 20.073 20.047 20.014 19.972 19.919 19.855 19.781 19.700 19.616 19.531 19.447 19.363 19.283 19.208 19.141 19.085 19.041 19.007 18.981 18.961
18.366 18.417 18.472 18.531 18.593 18.655 18.715 18.768 18.814 18.851 18.878 18.894 18.898 18.888 18.864 18.824 18.772 18.709 18.641 18.569 18.495 18.422 18.348 18.277 18.211 18.154 18.109 18.079 18.066 18.070 18.092 18.133 18.195 18.279 18.384 18.507 18.642 18.788 18.942 19.104 19.270 19.435 19.592 19.733 19.856 19.959 20.041 20.100 20.135 20.147 20.143 20.126 20.099 20.063 20.016 19.956 19.884 19.802 19.715 19.625 19.535 19.445 19.356 19.270 19.189 19.116 19.054 19.005 18.968 18.941 18.921
18.384 18.431 18.480 18.531 18.585 18.641 18.695 18.744 18.787 18.821 18.844 18.856 18.856 18.844 18.817 18.779 18.730 18.673 18.611 18.545 18.477 18.408 18.338 18.270 18.208 18.155 18.115 18.091 18.082 18.089 18.113 18.156 18.220 18.308 18.419 18.550 18.696 18.854 19.018 19.187 19.356 19.520 19.673 19.809 19.927 20.024 20.100 20.154 20.186 20.197 20.194 20.179 20.152 20.114 20.061 19.994 19.914 19.824 19.729 19.632 19.535 19.439 19.345 19.254 19.169 19.092 19.026 18.973 18.934 18.905 18.885
18.409 18.452 18.495 18.538 18.584 18.632 18.679 18.724 18.763 18.794 18.814 18.822 18.819 18.803 18.775 18.738 18.692 18.641 18.586 18.528 18.466 18.402 18.336 18.272 18.214 18.166 18.131 18.111 18.105 18.113 18.136 18.176 18.239 18.328 18.445 18.585 18.743 18.913 19.088 19.265 19.438 19.603 19.755 19.889 20.003 20.096 20.166 20.214 20.241 20.250 20.246 20.231 20.204 20.163 20.106 20.033 19.945 19.846 19.742 19.635 19.530 19.428 19.329 19.235 19.148 19.069 19.002 18.947 18.905 18.875 18.855
18.437 18.477 18.515 18.552 18.590 18.630 18.671 18.710 18.745 18.771 18.787 18.792 18.784 18.764 18.736 18.700 18.659 18.615 18.568 18.517 18.463 18.404 18.343 18.283 18.229 18.186 18.155 18.138 18.132 18.138 18.156 18.191 18.250 18.338 18.458 18.607 18.776 18.957 19.141 19.325 19.503 19.670 19.824 19.959 20.074 20.165 20.232 20.276 20.298 20.304 20.298 20.281 20.252 20.208 20.147 20.068 19.973 19.866 19.753 19.638 19.525 19.415 19.311 19.214 19.125 19.047 18.980 18.926 18.884 18.853 18.832
18.463 18.502 18.536 18.569 18.601 18.635 18.669 18.702 18.731 18.753 18.764 18.763 18.751 18.729 18.699 18.666 18.631 18.595 18.557 18.515 18.467 18.414 18.358 18.302 18.253 18.213 18.184 18.167 18.158 18.158 18.169 18.196 18.249 18.336 18.459 18.613 18.791 18.979 19.171 19.359 19.541 19.712 19.870 20.010 20.128 20.222 20.290 20.332 20.353 20.357 20.348 20.327 20.293 20.244 20.178 20.094 19.994 19.882 19.762 19.640 19.519 19.403 19.293 19.193 19.103 19.025 18.959 18.906 18.865 18.834 18.811
18.482 18.520 18.553 18.583 18.611 18.640 18.668 18.696 18.719 18.735 18.741 18.735 18.720 18.696 18.669 18.640 18.612 18.584 18.555 18.520 18.479 18.432 18.380 18.329 18.282 18.244 18.215 18.194 18.178 18.170 18.171 18.191 18.239 18.324 18.448 18.608 18.790 18.982 19.176 19.366 19.550 19.725 19.887 20.033 20.158 20.257 20.330 20.376 20.399 20.403 20.391 20.365 20.325 20.269 20.197 20.109 20.005 19.890 19.767 19.640 19.513 19.391 19.276 19.171 19.079 19.001 18.936 18.883 18.842 18.811 18.789
18.493 18.529 18.561 18.589 18.615 18.639 18.663 18.685 18.703 18.713 18.714 18.706 18.690 18.669 18.647 18.625 18.605 18.586 18.564 18.535 18.499 18.456 18.408 18.360 18.316 18.279 18.246 18.218 18.193 18.174 18.165 18.177 18.222 18.307 18.435 18.597 18.781 18.973 19.165 19.353 19.536 19.711 19.877 20.029 20.161 20.268 20.349 20.403 20.432 20.438 20.425 20.394 20.346 20.282 20.203 20.109 20.003 19.886 19.763 19.634 19.504 19.377 19.257 19.148 19.053 18.972 18.906 18.854 18.812 18.781 18.758
18.498 18.530 18.559 18.585 18.608 18.629 18.649 18.665 18.677 18.683 18.681 18.673 18.661 18.647 18.633 18.622 18.612 18.600 18.583 18.558 18.525 18.485 18.441 18.397 18.355 18.316 18.279 18.242 18.204 18.171 18.152 18.159 18.204 18.294 18.427 18.592 18.775 18.962 19.147 19.328 19.505 19.678 19.846 20.002 20.141 20.257 20.347 20.410 20.447 20.458 20.445 20.411 20.356 20.283 20.196 20.097 19.987 19.870 19.746 19.618 19.487 19.357 19.234 19.121 19.021 18.938 18.870 18.816 18.774 18.742 18.719
18.497 18.524 18.549 18.572 18.591 18.608 18.622 18.633 18.640 18.643 18.641 18.636 18.631 18.627 18.626 18.627 18.627 18.622 18.609 18.587 18.556 18.518 18.477 18.437 18.397 18.356 18.312 18.263 18.211 18.164 18.136 18.141 18.192 18.291 18.431 18.599 18.778 18.957 19.131 19.300 19.467 19.634 19.799 19.958 20.103 20.227 20.326 20.398 20.442 20.459 20.449 20.412 20.352 20.273 20.178 20.073 19.960 19.841 19.717 19.589 19.457 19.327 19.202 19.086 18.985 18.899 18.829 18.773 18.730 18.698 18.674
18.491 18.512 18.531 18.548 18.562 18.574 18.584 18.590 18.593 18.594 18.594 18.595 18.599 18.608 18.621 18.635 18.645 18.646 18.637 18.616 18.587 18.552 18.515 18.479 18.440 18.396 18.342 18.279 18.211 18.151 18.117 18.126 18.188 18.299 18.449 18.618 18.791 18.960 19.120 19.274 19.428 19.584 19.744 19.902 20.050 20.180 20.286 20.364 20.414 20.436 20.430 20.395 20.333 20.250 20.150 20.040 19.923 19.802 19.676 19.547 19.415 19.285 19.160 19.045 18.944 18.858 18.787 18.730 18.685 18.651 18.627
18.479 18.492 18.504 18.515 18.523 18.530 18.535 18.538 18.539 18.540 18.543 18.550 18.565 18.587 18.613 18.638 18.657 18.664 18.658 18.640 18.614 18.583 18.551 18.517 18.478 18.427 18.363 18.284 18.201 18.131 18.097 18.116 18.194 18.319 18.476 18.645 18.811 18.967 19.112 19.250 19.388 19.531 19.682 19.836 19.983 20.115 20.224 20.305 20.360 20.386 20.384 20.352 20.293 20.210 20.110 19.998 19.878 19.754 19.625 19.494 19.362 19.232 19.109 18.997 18.899 18.815 18.745 18.687 18.642 18.607 18.581
18.458 18.464 18.468 18.471 18.473 18.476 18.478 18.480 18.481 18.484 18.491 18.505 18.528 18.560 18.597 18.631 18.657 18.670 18.668 18.654 18.632 18.607 18.579 18.546 18.503 18.444 18.366 18.273 18.178 18.105 18.079 18.115 18.210 18.349 18.510 18.674 18.831 18.972 19.101 19.222 19.344 19.474 19.614 19.759 19.902 20.030 20.137 20.220 20.276 20.305 20.306 20.279 20.226 20.148 20.052 19.943 19.824 19.698 19.568 19.435 19.302 19.173 19.053 18.945 18.851 18.771 18.703 18.646 18.600 18.563 18.536
18.427 18.425 18.421 18.417 18.414 18.413 18.414 18.416 18.420 18.426 18.438 18.459 18.489 18.529 18.572 18.613 18.644 18.662 18.665 18.657 18.641 18.621 18.596 18.561 18.511 18.441 18.349 18.244 18.144 18.077 18.067 18.124 18.237 18.384 18.545 18.701 18.844 18.970 19.081 19.185 19.292 19.409 19.538 19.673 19.806 19.927 20.028 20.107 20.162 20.192 20.197 20.176 20.130 20.061 19.973 19.870 19.756 19.633 19.504 19.371 19.238 19.111 18.994 18.891 18.801 18.725 18.660 18.604 18.556 18.518 18.490
18.388 18.379 18.367 18.355 18.347 18.344 18.345 18.349 18.357 18.369 18.386 18.413 18.449 18.494 18.542 18.586 18.621 18.643 18.652 18.650 18.641 18.624 18.598 18.558 18.498 18.415 18.311 18.199 18.103 18.053 18.068 18.147 18.274 18.423 18.577 18.722 18.850 18.959 19.052 19.139 19.231 19.336 19.454 19.578 19.700 19.809 19.901 19.972 20.023 20.052 20.060 20.044 20.006 19.947 19.869 19.777 19.672 19.557 19.433 19.304 19.174 19.050 18.936 18.837 18.751 18.678 18.614 18.559 18.511 18.472 18.442
18.344 18.328 18.308 18.290 18.278 18.272 18.274 18.281 18.293 18.311 18.335 18.367 18.409 18.458 18.509 18.556 18.594 18.620 18.634 18.638 18.633 18.618 18.588 18.539 18.467 18.371 18.258 18.146 18.064 18.040 18.084 18.183 18.316 18.461 18.604 18.735 18.846 18.937 19.012 19.084 19.164 19.259 19.366 19.478 19.587 19.683 19.763 19.824 19.869 19.895 19.903 19.891 19.860 19.810 19.743 19.662 19.570 19.466 19.353 19.232 19.110 18.991 18.882 18.786 18.703 18.632 18.569 18.513 18.465 18.425 18.393
18.299 18.276 18.251 18.229 18.213 18.206 18.207 18.217 18.232 18.255 18.285 18.324 18.371 18.425 18.478 18.527 18.568 18.597 18.616 18.624 18.621 18.604 18.568 18.508 18.422 18.313 18.195 18.092 18.035 18.044 18.115 18.228 18.360 18.495 18.625 18.739 18.833 18.905 18.965 19.024 19.095 19.180 19.277 19.377 19.471 19.553 19.620 19.671 19.708 19.730 19.737 19.727 19.700 19.657 19.600 19.531 19.451 19.361 19.262 19.155 19.043 18.933 18.831 18.739 18.659 18.589 18.527 18.471 18.422 18.380 18.347
18.255 18.228 18.200 18.175 18.158 18.150 18.152 18.162 18.179 18.205 18.239 18.284 18.337 18.394 18.451 18.502 18.544 18.577 18.598 18.609 18.606 18.584 18.539 18.467 18.367 18.248 18.130 18.045 18.020 18.062 18.155 18.274 18.399 18.522 18.637 18.735 18.810 18.866 18.913 18.964 19.028 19.106 19.191 19.277 19.355 19.422 19.476 19.517 19.547 19.565 19.570 19.560 19.535 19.496 19.446 19.387 19.320 19.246 19.162 19.071 18.974 18.875 18.781 18.695 18.619 18.551 18.490 18.435 18.385 18.342 18.306
18.215 18.187 18.159 18.135 18.119 18.112 18.113 18.122 18.139 18.165 18.202 18.251 18.307 18.368 18.427 18.480 18.523 18.557 18.581 18.592 18.587 18.559 18.504 18.419 18.306 18.181 18.070 18.007 18.015 18.086 18.194 18.313 18.430 18.541 18.640 18.721 18.780 18.822 18.862 18.910 18.969 19.038 19.110 19.180 19.241 19.292 19.334 19.367 19.391 19.406 19.409 19.398 19.373 19.336 19.290 19.239 19.184 19.124 19.057 18.982 18.900 18.815 18.731 18.652 18.581 18.517 18.458 18.404 18.353 18.308 18.270
18.181 18.154 18.129 18.110 18.098 18.093 18.093 18.101 18.116 18.141 18.178 18.226 18.284 18.345 18.404 18.456 18.499 18.534 18.559 18.570 18.562 18.528 18.463 18.366 18.243 18.114 18.014 17.976 18.012 18.105 18.223 18.340 18.450 18.551 18.637 18.701 18.746 18.782 18.819 18.866 18.922 18.981 19.039 19.090 19.133 19.168 19.198 19.223 19.244 19.257 19.259 19.247 19.221 19.185 19.142 19.097 19.051 19.004 18.952 18.892 18.824 18.751 18.677 18.606 18.541 18.481 18.426 18.373 18.323 18.276 18.233
18.157 18.132 18.112 18.099 18.092 18.090 18.091 18.097 18.110 18.132 18.166 18.212 18.267 18.325 18.379 18.428 18.469 18.503 18.528 18.540 18.530 18.491 18.418 18.312 18.180 18.050 17.961 17.944 18.003 18.112 18.236 18.354 18.460 18.553 18.628 18.681 18.719 18.753 18.793 18.840 18.891 18.940 18.981 19.013 19.037 19.056 19.074 19.092 19.110 19.122 19.124 19.113 19.088 19.052 19.011 18.970 18.932 18.894 18.853 18.805 18.749 18.686 18.620 18.555 18.495 18.440 18.388 18.337 18.287 18.239 18.192
18.146 18.122 18.106 18.098 18.096 18.098 18.102 18.108 18.119 18.138 18.168 18.208 18.256 18.306 18.352 18.394 18.430 18.462 18.487 18.499 18.489 18.448 18.369 18.254 18.117 17.988 17.908 17.907 17.982 18.103 18.234 18.355 18.461 18.551 18.620 18.669 18.707 18.746 18.789 18.835 18.879 18.916 18.941 18.956 18.961 18.965 18.971 18.982 18.995 19.006 19.008 18.999 18.977 18.944 18.906 18.869 18.835 18.804 18.770 18.729 18.680 18.623 18.562 18.501 18.443 18.390 18.341 18.292 18.242 18.192 18.143
18.147 18.123 18.109 18.105 18.107 18.112 18.118 18.125 18.136 18.152 18.177 18.210 18.249 18.288 18.324 18.356 18.385 18.412 18.436 18.449 18.439 18.395 18.312 18.192 18.052 17.924 17.853 17.865 17.952 18.082 18.220 18.347 18.456 18.547 18.618 18.672 18.717 18.762 18.807 18.850 18.885 18.909 18.921 18.920 18.912 18.902 18.898 18.900 18.907 18.914 18.917 18.910 18.891 18.863 18.831 18.797 18.767 18.738 18.706 18.668 18.622 18.566 18.506 18.445 18.388 18.335 18.285 18.236 18.187 18.137 18.086
18.158 18.133 18.119 18.116 18.119 18.126 18.134 18.143 18.153 18.168 18.188 18.215 18.244 18.272 18.296 18.317 18.336 18.357 18.376 18.386 18.373 18.327 18.241 18.118 17.978 17.857 17.796 17.820 17.918 18.057 18.202 18.335 18.450 18.546 18.625 18.689 18.745 18.796 18.842 18.879 18.904 18.917 18.916 18.905 18.888 18.870 18.856 18.849 18.849 18.851 18.851 18.846 18.833 18.811 18.784 18.755 18.726 18.697 18.664 18.625 18.576 18.519 18.457 18.393 18.332 18.276 18.224 18.174 18.124 18.075 18.025
18.177 18.150 18.134 18.130 18.133 18.140 18.149 18.158 18.167 18.180 18.197 18.218 18.239 18.257 18.269 18.278 18.285 18.295 18.304 18.305 18.285 18.233 18.142 18.020 17.886 17.780 17.737 17.777 17.887 18.033 18.185 18.325 18.445 18.548 18.636 18.711 18.777 18.834 18.879 18.910 18.927 18.930 18.922 18.906 18.885 18.863 18.844 18.829 18.820 18.816 18.814 18.810 18.801 18.787 18.766 18.741 18.712 18.679 18.642 18.598 18.544 18.483 18.415 18.346 18.280 18.218 18.162 18.109 18.059 18.010 17.963
18.200 18.170 18.152 18.145 18.147 18.153 18.161 18.168 18.175 18.186 18.200 18.216 18.231 18.241 18.243 18.238 18.231 18.223 18.215 18.199 18.163 18.100 18.004 17.885 17.767 17.687 17.673 17.738 17.863 18.018 18.176 18.319 18.443 18.550 18.644 18.728 18.801 18.860 18.904 18.931 18.942 18.940 18.929 18.914 18.895 18.875 18.855 18.836 18.821 18.810 18.805 18.802 18.798 18.790 18.774 18.750 18.719 18.682 18.637 18.585 18.524 18.456 18.382 18.306 18.233 18.164 18.102 18.046 17.995 17.946 17.901
18.224 18.192 18.171 18.162 18.162 18.166 18.170 18.173 18.177 18.184 18.195 18.208 18.218 18.221 18.213 18.194 18.168 18.137 18.103 18.060 18.001 17.920 17.816 17.705 17.614 17.572 17.601 17.700 17.847 18.014 18.176 18.320 18.444 18.551 18.646 18.732 18.807 18.868 18.911 18.934 18.943 18.940 18.932 18.923 18.912 18.899 18.883 18.864 18.847 18.833 18.827 18.825 18.825 18.820 18.807 18.782 18.747 18.701 18.646 18.584 18.514 18.437 18.355 18.272 18.191 18.115 18.046 17.986 17.931 17.883 17.839
18.251 18.215 18.192 18.180 18.177 18.177 18.176 18.174 18.173 18.175 18.183 18.192 18.198 18.195 18.176 18.141 18.092 18.033 17.967 17.890 17.800 17.695 17.582 17.483 17.427 17.436 17.519 17.662 17.838 18.020 18.187 18.330 18.449 18.551 18.642 18.724 18.797 18.856 18.897 18.920 18.929 18.931 18.931 18.933 18.934 18.933 18.925 18.913 18.898 18.886 18.880 18.880 18.882 18.879 18.865 18.836 18.793 18.736 18.670 18.595 18.513 18.425 18.334 18.241 18.151 18.068 17.992 17.926 17.869 17.818 17.774
18.279 18.239 18.212 18.197 18.190 18.185 18.178 18.170 18.163 18.160 18.163 18.169 18.171 18.160 18.129 18.076 18.002 17.912 17.810 17.696 17.570 17.436 17.314 17.234 17.221 17.288 17.431 17.622 17.832 18.033 18.208 18.350 18.463 18.555 18.636 18.710 18.777 18.832 18.871 18.895 18.908 18.919 18.931 18.948 18.965 18.977 18.983 18.980 18.973 18.966 18.964 18.966 18.968 18.964 18.946 18.910 18.856 18.787 18.706 18.616 18.520 18.419 18.316 18.212 18.113 18.021 17.939 17.867 17.805 17.752 17.706
18.307 18.261 18.229 18.210 18.197 18.186 18.173 18.159 18.146 18.138 18.138 18.140 18.136 18.116 18.071 17.997 17.898 17.778 17.642 17.490 17.327 17.166 17.045 16.990 17.021 17.144 17.344 17.582 17.824 18.046 18.233 18.379 18.488 18.571 18.640 18.702 18.759 18.807 18.844 18.870 18.891 18.913 18.941 18.974 19.007 19.037 19.057 19.067 19.071 19.072 19.075 19.079 19.079 19.070 19.044 18.999 18.933 18.850 18.754 18.648 18.536 18.420 18.301 18.186 18.076 17.975 17.886 17.809 17.742 17.686 17.637
