Code/MATLAB/Matlab_old/02 Fill Missing Data/data_grav_rasters/EIGEN-6C4_potential_ell.asc
ncols         159
nrows         172
xllcorner     32.4820794100
yllcorner     29.1707288100
cellsize      0.0259688
nodata_value  1000000000
[rows 69 to 91 of 172, columns 52 to 103 of 159]
62558780.815 62558780.763 62558780.718 62558780.700 62558780.733 62558780.827 62558780.969 62558781.137 62558781.307 62558781.476 62558781.665 62558781.909 62558782.243 62558782.677 62558783.196 62558783.759 62558784.329 62558784.884 62558785.434 62558786.006 62558786.628 62558787.310 62558788.037 62558788.778 62558789.508 62558790.228 62558790.967 62558791.775 62558792.694 62558793.743 62558794.902 62558796.124 62558797.359 62558798.574 62558799.762 62558800.945 62558802.144 62558803.372 62558804.618 62558805.855 62558807.056 62558808.208 62558809.323 62558810.428 62558811.546 62558812.680 62558813.796 62558814.823 62558815.668 62558816.238 62558816.453 62558816.274
62558737.587 62558737.514 62558737.448 62558737.413 62558737.431 62558737.509 62558737.633 62558737.778 62558737.919 62558738.055 62558738.209 62558738.418 62558738.717 62558739.116 62558739.596 62558740.118 62558740.646 62558741.161 62558741.677 62558742.224 62558742.830 62558743.504 62558744.227 62558744.970 62558745.707 62558746.441 62558747.204 62558748.045 62558749.003 62558750.087 62558751.268 62558752.494 62558753.711 62558754.889 62558756.030 62558757.159 62558758.306 62558759.486 62558760.688 62558761.888 62558763.061 62558764.199 62558765.315 62558766.431 62558767.563 62558768.696 62558769.778 62558770.726 62558771.444 62558771.848 62558771.882 62558771.532
62558694.404 62558694.305 62558694.214 62558694.155 62558694.150 62558694.203 62558694.299 62558694.411 62558694.517 62558694.616 62558694.732 62558694.903 62558695.162 62558695.517 62558695.951 62558696.428 62558696.914 62558697.399 62558697.895 62558698.434 62558699.038 62558699.712 62558700.435 62558701.178 62558701.921 62558702.674 62558703.470 62558704.354 62558705.356 62558706.471 62558707.660 62558708.867 62558710.042 62558711.165 62558712.250 62558713.333 62558714.445 62558715.597 62558716.776 62558717.953 62558719.103 62558720.225 62558721.334 62558722.454 62558723.591 62558724.715 62558725.759 62558726.631 62558727.234 62558727.496 62558727.383 62558726.904
62558651.251 62558651.123 62558651.005 62558650.918 62558650.884 62558650.904 62558650.963 62558651.035 62558651.100 62558651.159 62558651.237 62558651.369 62558651.585 62558651.893 62558652.276 62558652.704 62558653.151 62558653.611 62558654.099 62558654.639 62558655.250 62558655.927 62558656.650 62558657.391 62558658.142 62558658.916 62558659.752 62558660.684 62558661.730 62558662.868 62558664.051 62558665.220 62558666.336 62558667.398 62558668.434 62558669.485 62558670.583 62558671.726 62558672.890 62558674.041 62558675.157 62558676.244 62558677.330 62558678.441 62558679.577 62558680.696 62558681.715 62558682.529 62558683.044 62558683.199 62558682.978 62558682.409
62558608.111 62558607.958 62558607.813 62558607.700 62558607.633 62558607.614 62558607.627 62558607.650 62558607.667 62558607.683 62558607.721 62558607.815 62558607.989 62558608.250 62558608.584 62558608.965 62558609.376 62558609.817 62558610.302 62558610.850 62558611.469 62558612.150 62558612.868 62558613.606 62558614.363 62558615.161 62558616.037 62558617.019 62558618.104 62558619.258 62558620.422 62558621.543 62558622.599 62558623.605 62558624.605 62558625.643 62558626.739 62558627.877 62558629.017 62558630.121 62558631.176 62558632.204 62558633.250 62558634.348 62558635.493 62558636.628 62558637.648 62558638.436 62558638.894 62558638.970 62558638.665 62558638.024
62558564.977 62558564.804 62558564.639 62558564.499 62558564.397 62558564.332 62558564.290 62558564.254 62558564.216 62558564.182 62558564.178 62558564.234 62558564.369 62558564.589 62558564.880 62558565.223 62558565.607 62558566.036 62558566.524 62558567.082 62558567.710 62558568.392 62558569.104 62558569.835 62558570.595 62558571.415 62558572.328 62558573.352 62558574.469 62558575.628 62558576.767 62558577.840 62558578.841 62558579.804 62558580.782 62558581.817 62558582.912 62558584.033 62558585.126 62558586.154 62558587.119 62558588.070 62558589.073 62558590.170 62558591.350 62558592.532 62558593.587 62558594.377 62558594.797 62558594.803 62558594.413 62558593.688
62558521.847 62558521.659 62558521.476 62558521.310 62558521.169 62558521.052 62558520.947 62558520.844 62558520.740 62558520.651 62558520.601 62558520.619 62558520.721 62558520.908 62558521.168 62558521.487 62558521.858 62558522.286 62558522.785 62558523.357 62558523.995 62558524.677 62558525.381 62558526.104 62558526.863 62558527.696 62558528.637 62558529.690 62558530.825 62558531.979 62558533.088 62558534.116 62558535.071 62558536.001 62558536.965 62558537.995 62558539.078 62558540.160 62558541.181 62558542.110 62558542.974 62558543.849 62558544.824 62558545.947 62558547.193 62558548.450 62558549.559 62558550.357 62558550.735 62558550.658 62558550.162 62558549.327
62558478.709 62558478.509 62558478.306 62558478.111 62558477.927 62558477.754 62558477.583 62558477.408 62558477.236 62558477.087 62558476.990 62558476.972 62558477.047 62558477.214 62558477.460 62558477.771 62558478.143 62558478.584 62558479.101 62558479.692 62558480.342 62558481.025 62558481.721 62558482.433 62558483.187 62558484.025 62558484.977 62558486.042 62558487.177 62558488.313 62558489.386 62558490.369 62558491.283 62558492.185 62558493.132 62558494.147 62558495.200 62558496.225 62558497.160 62558497.988 62558498.763 62558499.587 62558500.563 62558501.739 62558503.065 62558504.401 62558505.551 62558506.337 62558506.645 62558506.458 62558505.833 62558504.871
62558435.537 62558435.321 62558435.093 62558434.864 62558434.637 62558434.409 62558434.176 62558433.935 62558433.700 62558433.496 62558433.356 62558433.309 62558433.367 62558433.526 62558433.773 62558434.092 62558434.480 62558434.942 62558435.482 62558436.093 62558436.754 62558437.439 62558438.128 62558438.829 62558439.573 62558440.405 62558441.352 62558442.408 62558443.524 62558444.628 62558445.659 62558446.596 62558447.468 62558448.338 62558449.258 62558450.243 62558451.251 62558452.210 62558453.065 62558453.815 62558454.534 62558455.342 62558456.347 62558457.584 62558458.978 62558460.355 62558461.500 62558462.224 62558462.425 62558462.104 62558461.347 62558460.272
62558392.292 62558392.050 62558391.791 62558391.525 62558391.258 62558390.987 62558390.706 62558390.418 62558390.136 62558389.892 62558389.722 62558389.657 62558389.710 62558389.875 62558390.135 62558390.473 62558390.883 62558391.366 62558391.924 62558392.549 62558393.217 62558393.900 62558394.583 62558395.273 62558396.005 62558396.822 62558397.751 62558398.782 62558399.864 62558400.925 62558401.907 62558402.795 62558403.623 62558404.453 62558405.335 62558406.275 62558407.229 62558408.128 62558408.924 62558409.632 62558410.336 62558411.161 62558412.205 62558413.482 62558414.892 62558416.241 62558417.307 62558417.910 62558417.969 62558417.515 62558416.654 62558415.518
62558348.933 62558348.659 62558348.364 62558348.063 62558347.765 62558347.469 62558347.166 62558346.856 62558346.555 62558346.293 62558346.112 62558346.045 62558346.105 62558346.287 62558346.568 62558346.929 62558347.357 62558347.852 62558348.415 62558349.038 62558349.701 62558350.377 62558351.052 62558351.733 62558352.454 62558353.254 62558354.158 62558355.154 62558356.193 62558357.205 62558358.137 62558358.978 62558359.761 62558360.546 62558361.379 62558362.266 62558363.165 62558364.015 62558364.780 62558365.482 62558366.204 62558367.060 62558368.127 62558369.395 62558370.745 62558371.981 62558372.891 62558373.323 62558373.231 62558372.672 62558371.767 62558370.643
62558305.437 62558305.128 62558304.799 62558304.472 62558304.160 62558303.861 62558303.563 62558303.261 62558302.966 62558302.712 62558302.540 62558302.487 62558302.568 62558302.774 62558303.079 62558303.458 62558303.894 62558304.384 62558304.933 62558305.535 62558306.178 62558306.839 62558307.505 62558308.181 62558308.894 62558309.680 62558310.559 62558311.519 62558312.512 62558313.477 62558314.364 62558315.163 62558315.905 62558316.645 62558317.427 62558318.258 62558319.106 62558319.921 62558320.676 62558321.394 62558322.148 62558323.028 62558324.083 62558325.281 62558326.497 62558327.546 62558328.248 62558328.492 62558328.268 62558327.655 62558326.774 62558325.731
62558261.805 62558261.468 62558261.114 62558260.775 62558260.467 62558260.186 62558259.915 62558259.643 62558259.378 62558259.150 62558259.004 62558258.978 62558259.088 62558259.324 62558259.653 62558260.044 62558260.476 62558260.946 62558261.461 62558262.026 62558262.636 62558263.276 62558263.932 62558264.608 62558265.320 62558266.096 62558266.952 62558267.876 62558268.827 62558269.749 62558270.599 62558271.366 62558272.075 62558272.777 62558273.511 62558274.291 62558275.093 62558275.882 62558276.637 62558277.377 62558278.158 62558279.040 62558280.045 62558281.126 62558282.160 62558282.990 62558283.477 62558283.554 62558283.243 62558282.631 62558281.825 62558280.899
62558218.057 62558217.706 62558217.344 62558217.010 62558216.720 62558216.470 62558216.239 62558216.009 62558215.785 62558215.595 62558215.486 62558215.496 62558215.642 62558215.910 62558216.263 62558216.662 62558217.082 62558217.522 62558217.994 62558218.513 62558219.085 62558219.701 62558220.350 62558221.027 62558221.741 62558222.508 62558223.341 62558224.228 62558225.137 62558226.021 62558226.841 62558227.584 62558228.272 62558228.946 62558229.643 62558230.379 62558231.143 62558231.910 62558232.665 62558233.422 62558234.215 62558235.078 62558236.010 62558236.955 62558237.805 62558238.434 62558238.746 62558238.710 62558238.365 62558237.796 62558237.082 62558236.261
62558174.221 62558173.875 62558173.524 62558173.209 62558172.948 62558172.735 62558172.545 62558172.359 62558172.178 62558172.032 62558171.965 62558172.017 62558172.204 62558172.506 62558172.883 62558173.289 62558173.698 62558174.108 62558174.538 62558175.014 62558175.550 62558176.145 62558176.786 62558177.463 62558178.174 62558178.928 62558179.730 62558180.576 62558181.439 62558182.282 62558183.074 62558183.801 62558184.476 62558185.134 62558185.806 62558186.510 62558187.244 62558187.993 62558188.745 62558189.508 62558190.299 62558191.132 62558191.990 62558192.817 62558193.521 62558194.008 62558194.214 62558194.131 62558193.800 62558193.288 62558192.644 62558191.874
62558130.327 62558130.003 62558129.678 62558129.392 62558129.164 62558128.986 62558128.834 62558128.689 62558128.552 62558128.452 62558128.433 62558128.533 62558128.763 62558129.102 62558129.503 62558129.919 62558130.321 62558130.710 62558131.109 62558131.552 62558132.060 62558132.636 62558133.267 62558133.936 62558134.633 62558135.359 62558136.121 62558136.914 62558137.724 62558138.523 62558139.285 62558139.996 62558140.665 62558141.314 62558141.973 62558142.658 62558143.371 62558144.105 62558144.852 62558145.613 62558146.394 62558147.195 62558147.995 62558148.740 62558149.357 62558149.775 62558149.949 62558149.877 62558149.588 62558149.122 62558148.502 62558147.711
62558086.399 62558086.110 62558085.822 62558085.572 62558085.378 62558085.233 62558085.116 62558085.010 62558084.919 62558084.871 62558084.907 62558085.059 62558085.334 62558085.708 62558086.132 62558086.558 62558086.958 62558087.335 62558087.717 62558088.140 62558088.629 62558089.186 62558089.800 62558090.447 62558091.115 62558091.801 62558092.510 62558093.244 62558093.996 62558094.747 62558095.477 62558096.172 62558096.834 62558097.480 62558098.132 62558098.806 62558099.507 62558100.230 62558100.969 62558101.722 62558102.487 62558103.259 62558104.015 62558104.713 62558105.293 62558105.700 62558105.895 62558105.866 62558105.623 62558105.178 62558104.531 62558103.660
62558042.472 62558042.225 62558041.980 62558041.769 62558041.609 62558041.496 62558041.414 62558041.351 62558041.313 62558041.325 62558041.422 62558041.629 62558041.946 62558042.347 62558042.785 62558043.215 62558043.613 62558043.986 62558044.361 62558044.773 62558045.248 62558045.786 62558046.373 62558046.988 62558047.614 62558048.250 62558048.902 62558049.578 62558050.276 62558050.984 62558051.683 62558052.360 62558053.013 62558053.654 62558054.299 62558054.964 62558055.654 62558056.367 62558057.094 62558057.830 62558058.570 62558059.307 62558060.023 62558060.686 62558061.250 62558061.670 62558061.902 62558061.922 62558061.713 62558061.263 62558060.557 62558059.582
62557998.592 62557998.389 62557998.189 62557998.020 62557997.895 62557997.816 62557997.772 62557997.759 62557997.781 62557997.860 62557998.020 62557998.277 62557998.626 62557999.038 62557999.473 62557999.894 62558000.284 62558000.651 62558001.023 62558001.431 62558001.894 62558002.411 62558002.967 62558003.541 62558004.122 62558004.709 62558005.314 62558005.945 62558006.604 62558007.279 62558007.952 62558008.611 62558009.249 62558009.877 62558010.509 62558011.159 62558011.834 62558012.530 62558013.235 62558013.942 62558014.641 62558015.327 62558015.988 62558016.604 62558017.143 62558017.563 62558017.820 62558017.870 62558017.675 62558017.204 62558016.437 62558015.368
62557954.811 62557954.653 62557954.499 62557954.371 62557954.283 62557954.240 62557954.239 62557954.279 62557954.364 62557954.508 62557954.725 62557955.020 62557955.381 62557955.784 62557956.196 62557956.590 62557956.959 62557957.315 62557957.683 62557958.087 62557958.539 62557959.035 62557959.561 62557960.098 62557960.641 62557961.195 62557961.770 62557962.377 62557963.016 62557963.672 62557964.328 62557964.966 62557965.582 62557966.186 62557966.792 62557967.417 62557968.066 62557968.733 62557969.404 62557970.066 62557970.706 62557971.321 62557971.905 62557972.451 62557972.936 62557973.326 62557973.574 62557973.626 62557973.428 62557972.934 62557972.121 62557970.995
62557911.170 62557911.057 62557910.948 62557910.860 62557910.810 62557910.804 62557910.845 62557910.935 62557911.077 62557911.275 62557911.533 62557911.845 62557912.198 62557912.569 62557912.936 62557913.287 62557913.624 62557913.962 62557914.322 62557914.721 62557915.165 62557915.646 62557916.150 62557916.663 62557917.185 62557917.724 62557918.292 62557918.896 62557919.531 62557920.179 62557920.819 62557921.434 62557922.020 62557922.588 62557923.157 62557923.743 62557924.354 62557924.980 62557925.606 62557926.212 62557926.783 62557927.315 62557927.809 62557928.264 62557928.671 62557929.002 62557929.211 62557929.238 62557929.020 62557928.505 62557927.667 62557926.518
62557867.682 62557867.611 62557867.543 62557867.495 62557867.480 62557867.508 62557867.586 62557867.717 62557867.900 62557868.133 62557868.410 62557868.718 62557869.041 62557869.364 62557869.676 62557869.976 62557870.274 62557870.589 62557870.938 62557871.333 62557871.773 62557872.246 62557872.740 62557873.247 62557873.767 62557874.310 62557874.887 62557875.498 62557876.135 62557876.776 62557877.397 62557877.982 62557878.531 62557879.056 62557879.580 62557880.120 62557880.685 62557881.265 62557881.841 62557882.390 62557882.895 62557883.351 62557883.761 62557884.130 62557884.455 62557884.713 62557884.862 62557884.841 62557884.586 62557884.043 62557883.186 62557882.028
62557824.324 62557824.290 62557824.260 62557824.247 62557824.263 62557824.320 62557824.426 62557824.584 62557824.791 62557825.037 62557825.311 62557825.596 62557825.878 62557826.148 62557826.405 62557826.655 62557826.917 62557827.210 62557827.548 62557827.937 62557828.375 62557828.848 62557829.345 62557829.860 62557830.394 62557830.954 62557831.544 62557832.162 62557832.793 62557833.416 62557834.009 62557834.558 62557835.067 62557835.549 62557836.028 62557836.524 62557837.043 62557837.577 62557838.107 62557838.610 62557839.068 62557839.474 62557839.829 62557840.138 62557840.398 62557840.588 62557840.668 62557840.579 62557840.262 62557839.668 62557838.775 62557837.597
