Code/MATLAB/Matlab_old/02 Fill Missing Data/data_grav_rasters/EIGEN-6C4_gravity_earth.asc
ncols         159
nrows         172
xllcorner     32.4820794100
yllcorner     29.1707288100
cellsize      0.0259688
nodata_value  9999999
[rows 75 to 99 of 172, columns 57 to 113 of 159]
979458.157 979457.160 979455.566 979453.119 979450.032 979446.905 979444.403 979442.880 979442.203 979441.888 979441.460 979440.804 979440.258 979440.366 979441.458 979443.332 979445.293 979446.581 979446.924 979446.868 979447.604 979450.331 979455.488 979462.336 979456.362 979458.780 979457.865 979451.095 979451.199 979455.380 979455.286 979456.532 979452.925 979446.193 979437.337 979427.558 979418.300 979399.566 979400.375 979391.263 979410.470 979407.335 979386.636 979361.300 979304.419 979259.630 979255.302 979260.881 979296.884 979302.980 979315.585 979340.923 979342.740 979362.892 979388.680 979391.737 979417.768
979459.193 979457.183 979454.445 979450.929 979447.016 979443.368 979440.597 979438.938 979438.160 979437.761 979437.342 979436.895 979436.807 979437.554 979439.277 979441.560 979443.585 979444.640 979444.669 979444.490 979445.469 979448.772 979454.597 979452.529 979452.064 979455.965 979452.748 979446.610 979443.163 979449.432 979449.982 979450.803 979449.253 979443.482 979431.715 979416.353 979399.344 979377.930 979376.685 979383.148 979392.957 979402.110 979379.000 979327.517 979270.923 979259.760 979249.014 979260.028 979273.002 979295.539 979335.908 979339.037 979342.007 979353.627 979369.423 979391.761 979401.665
979459.743 979456.736 979452.880 979448.285 979443.484 979439.236 979436.159 979434.435 979433.761 979433.596 979433.547 979433.630 979434.222 979435.713 979438.103 979440.823 979442.981 979443.916 979443.725 979443.408 979444.438 979447.941 979445.271 979449.321 979452.789 979450.103 979443.162 979439.335 979437.968 979441.972 979442.251 979444.208 979444.388 979434.551 979418.020 979404.415 979391.580 979380.567 979375.256 979380.471 979385.681 979387.893 979353.717 979306.596 979261.318 979258.059 979254.955 979261.149 979258.581 979272.886 979314.488 979340.308 979343.606 979368.804 979372.298 979398.019 979391.249
979459.040 979455.322 979450.677 979445.287 979439.796 979435.065 979431.776 979430.116 979429.741 979430.052 979430.599 979431.348 979432.622 979434.746 979437.644 979440.690 979442.978 979443.887 979443.597 979443.182 979443.659 979439.424 979444.327 979449.015 979446.905 979443.216 979442.292 979441.675 979435.854 979431.947 979429.598 979434.056 979433.777 979422.814 979410.417 979393.424 979380.923 979371.338 979369.429 979377.844 979380.642 979370.207 979327.979 979275.356 979241.234 979236.917 979234.165 979227.768 979250.721 979282.363 979303.345 979338.616 979362.945 979384.769 979392.441 979395.235 979386.931
979456.662 979452.742 979447.869 979442.199 979436.421 979431.494 979428.199 979426.772 979426.851 979427.755 979428.924 979430.220 979431.901 979434.274 979437.286 979440.367 979442.669 979443.611 979443.376 979442.940 979433.857 979437.024 979437.809 979445.599 979447.810 979448.995 979447.143 979440.927 979434.916 979429.039 979424.843 979422.656 979421.511 979410.257 979397.311 979383.784 979370.294 979365.048 979363.867 979369.121 979370.007 979338.272 979296.802 979257.557 979225.864 979219.511 979218.872 979226.958 979264.984 979309.505 979305.466 979314.833 979334.038 979344.601 979342.044 979393.937 979385.469
979452.795 979449.231 979444.721 979439.311 979433.688 979428.894 979425.825 979424.789 979425.410 979426.900 979428.547 979430.082 979431.704 979433.770 979436.368 979439.098 979441.247 979442.275 979442.293 979431.913 979432.114 979432.673 979435.090 979433.533 979432.829 979440.942 979438.453 979434.052 979424.546 979415.985 979419.743 979415.992 979409.547 979398.227 979385.787 979369.722 979365.064 979370.103 979370.193 979362.140 979327.078 979308.239 979279.499 979237.551 979223.344 979212.295 979207.934 979222.014 979277.945 979328.935 979325.165 979321.141 979317.582 979303.440 979308.272 979391.539 979382.740
979448.103 979445.283 979441.523 979436.727 979431.554 979427.125 979424.448 979423.905 979425.091 979427.093 979429.015 979430.444 979431.548 979432.802 979434.527 979436.593 979438.479 979439.681 979431.522 979428.746 979427.071 979428.045 979427.871 979424.967 979426.173 979429.015 979431.008 979424.215 979412.938 979404.904 979408.036 979406.646 979398.839 979393.977 979382.124 979369.014 979359.035 979357.817 979356.113 979335.689 979288.623 979260.436 979258.120 979234.111 979227.393 979218.035 979204.562 979244.674 979296.823 979316.545 979335.061 979337.279 979312.657 979301.230 979311.844 979385.492 979376.777
979443.272 979441.282 979438.330 979434.206 979429.557 979425.573 979423.363 979423.358 979425.108 979427.550 979429.607 979430.723 979431.061 979431.254 979431.911 979433.212 979434.850 979432.371 979426.959 979423.985 979421.975 979422.271 979420.146 979425.944 979421.753 979418.750 979417.853 979411.650 979408.120 979399.843 979398.401 979398.783 979393.996 979385.603 979374.230 979357.273 979349.002 979349.691 979347.536 979307.073 979269.697 979250.965 979254.187 979246.827 979234.517 979219.860 979233.416 979268.236 979301.086 979315.464 979324.290 979330.666 979334.264 979323.713 979322.445 979376.516 979368.797
979438.564 979437.202 979434.842 979431.232 979427.034 979423.498 979421.792 979422.359 979424.678 979427.547 979429.721 979430.534 979430.159 979429.390 979429.109 979429.785 979427.589 979428.028 979425.012 979418.910 979416.331 979413.724 979414.149 979415.830 979416.802 979416.867 979410.381 979403.240 979400.454 979393.215 979388.441 979387.019 979384.754 979375.794 979366.511 979350.863 979336.107 979331.413 979325.313 979290.818 979270.377 979274.570 979266.446 979250.410 979236.351 979227.744 979239.473 979271.700 979288.452 979308.139 979313.510 979321.529 979320.125 979327.007 979358.489 979367.573 979361.658
979433.725 979432.662 979430.603 979427.330 979423.539 979420.504 979419.384 979420.582 979423.492 979426.805 979429.169 979429.854 979429.056 979427.690 979426.836 979424.295 979420.407 979418.529 979423.561 979419.155 979414.767 979414.647 979413.420 979409.307 979407.901 979406.786 979403.062 979404.360 979399.268 979391.354 979387.409 979379.847 979376.079 979367.994 979353.750 979350.649 979337.909 979303.836 979297.743 979289.753 979290.975 979284.443 979266.259 979255.867 979247.918 979235.530 979249.789 979257.899 979279.732 979296.128 979305.236 979305.749 979304.324 979328.611 979356.827 979361.297 979357.161
979428.341 979427.323 979425.406 979422.463 979419.207 979416.858 979416.481 979418.374 979421.859 979425.581 979428.176 979428.923 979428.051 979426.531 979421.773 979417.543 979411.256 979409.867 979420.928 979418.924 979418.606 979417.793 979413.666 979409.519 979405.790 979403.909 979406.375 979404.746 979399.438 979394.143 979387.676 979378.671 979372.218 979364.105 979349.969 979341.399 979317.502 979291.543 979297.757 979299.290 979300.320 979288.686 979279.353 979267.498 979248.676 979233.732 979240.985 979262.117 979284.161 979288.555 979297.997 979293.388 979296.846 979315.979 979364.849 979357.907 979354.360
979422.387 979421.356 979419.653 979417.249 979414.821 979413.434 979413.957 979416.539 979420.452 979424.394 979427.107 979427.969 979427.254 979420.707 979415.840 979409.229 979405.281 979405.516 979413.911 979417.358 979415.967 979414.856 979412.900 979410.041 979408.180 979406.818 979404.034 979399.514 979395.515 979389.855 979383.197 979376.090 979368.640 979356.989 979329.934 979322.463 979309.524 979304.376 979315.637 979318.376 979312.008 979303.907 979282.988 979264.189 979242.817 979231.922 979272.229 979281.161 979278.457 979290.454 979303.645 979302.454 979311.400 979357.022 979363.124 979355.070 979350.138
979416.514 979415.590 979414.330 979412.774 979411.484 979411.270 979412.723 979415.817 979419.824 979423.603 979426.126 979426.619 979417.257 979412.670 979406.647 979400.087 979397.764 979398.195 979407.027 979409.066 979410.832 979408.636 979408.006 979406.813 979405.674 979403.228 979397.290 979391.472 979386.895 979379.422 979374.573 979370.632 979362.801 979345.303 979318.900 979326.830 979322.491 979333.336 979336.026 979324.340 979313.109 979303.511 979288.500 979269.965 979248.352 979283.867 979293.737 979291.101 979286.825 979310.180 979318.259 979314.883 979333.321 979372.880 979360.483 979349.612 979341.458
979411.812 979411.168 979410.565 979410.066 979410.045 979410.990 979413.175 979416.409 979420.026 979423.140 979423.381 979416.666 979408.889 979405.607 979402.216 979398.127 979395.616 979396.130 979398.344 979400.110 979405.762 979401.783 979400.409 979399.452 979398.503 979397.578 979396.088 979391.565 979383.529 979376.232 979369.589 979363.087 979353.375 979331.236 979317.797 979334.856 979341.906 979342.539 979331.212 979329.565 979325.455 979313.851 979292.701 979267.644 979276.195 979301.075 979307.610 979294.601 979297.487 979303.958 979302.789 979303.353 979293.787 979351.458 979354.389 979339.661 979327.516
979409.156 979408.883 979408.990 979409.510 979410.600 979412.414 979414.926 979417.824 979420.560 979418.387 979413.518 979410.774 979402.147 979403.895 979402.784 979399.699 979398.576 979393.534 979390.589 979394.419 979399.121 979396.944 979395.522 979393.467 979391.771 979388.241 979389.821 979387.745 979385.340 979381.046 979369.642 979359.794 979347.282 979329.264 979334.272 979344.530 979347.178 979337.047 979325.574 979331.643 979321.252 979302.321 979293.227 979306.787 979309.927 979309.886 979310.267 979301.548 979293.875 979268.754 979294.871 979300.430 979310.382 979356.851 979344.168 979325.695 979310.244
979408.602 979408.666 979409.338 979410.599 979412.402 979414.616 979416.986 979417.813 979414.155 979411.135 979406.465 979400.011 979398.922 979399.879 979402.716 979400.071 979394.121 979387.591 979383.970 979387.196 979391.314 979391.966 979391.774 979391.879 979390.362 979386.586 979382.748 979378.865 979373.768 979375.498 979370.044 979361.324 979350.079 979338.323 979344.308 979348.238 979341.931 979335.294 979330.737 979319.314 979308.280 979305.819 979316.500 979317.434 979315.889 979307.478 979301.506 979289.625 979260.220 979244.848 979280.438 979310.089 979344.401 979352.125 979331.018 979309.969 979293.004
979409.301 979409.594 979410.585 979412.203 979414.244 979416.352 979414.035 979411.188 979406.444 979402.286 979398.937 979395.065 979389.112 979392.163 979396.431 979393.532 979387.858 979382.978 979379.265 979382.414 979386.439 979388.508 979388.219 979388.881 979386.559 979384.652 979377.735 979371.069 979366.963 979366.302 979360.420 979354.576 979353.148 979351.513 979352.455 979347.369 979341.567 979336.798 979328.537 979319.121 979304.875 979318.887 979321.360 979319.814 979312.945 979306.812 979290.654 979267.892 979248.872 979259.912 979293.186 979308.355 979323.367 979337.393 979317.012 979295.065 979278.663
979410.021 979410.459 979411.561 979410.526 979410.388 979411.795 979410.220 979405.398 979400.128 979396.834 979393.735 979387.936 979386.163 979390.090 979389.856 979386.234 979382.577 979378.823 979378.146 979380.220 979381.946 979383.713 979385.089 979383.198 979380.573 979377.974 979372.490 979367.737 979365.055 979360.707 979353.828 979351.791 979350.904 979350.620 979346.843 979341.846 979341.264 979337.993 979330.802 979328.127 979326.465 979330.068 979328.230 979321.723 979313.159 979297.829 979282.053 979259.572 979237.643 979257.373 979291.075 979298.855 979314.016 979327.699 979304.034 979282.725 979268.478
979409.078 979407.332 979404.615 979406.165 979407.446 979405.829 979403.697 979399.828 979397.141 979392.401 979388.593 979385.367 979384.213 979385.404 979383.006 979378.154 979375.895 979376.108 979377.720 979376.701 979376.442 979378.281 979379.342 979380.242 979378.256 979375.350 979372.139 979367.235 979359.086 979350.064 979340.604 979336.993 979333.941 979336.027 979338.912 979328.475 979326.326 979333.782 979333.779 979334.024 979332.712 979329.688 979323.345 979312.934 979304.173 979296.398 979284.660 979282.607 979263.106 979304.918 979298.175 979291.225 979295.569 979314.159 979293.330 979273.672 979262.364
979402.668 979401.910 979401.664 979400.448 979397.467 979399.458 979398.717 979392.784 979389.018 979388.332 979386.185 979382.747 979381.178 979379.470 979377.199 979374.875 979374.265 979374.357 979373.385 979372.123 979371.668 979372.362 979372.975 979373.492 979370.730 979369.560 979365.601 979355.389 979353.425 979351.858 979346.122 979338.781 979330.523 979326.253 979327.163 979320.515 979312.174 979321.850 979323.991 979328.288 979329.295 979323.853 979313.868 979301.052 979285.667 979282.812 979302.263 979328.739 979315.470 979323.677 979303.349 979290.793 979294.443 979307.765 979285.637 979268.120 979259.912
979397.587 979396.405 979395.615 979395.329 979393.294 979392.648 979388.923 979384.126 979383.530 979383.528 979381.312 979379.865 979377.550 979376.056 979373.642 979372.050 979371.369 979370.530 979369.488 979369.647 979369.869 979368.299 979367.406 979367.153 979363.583 979361.470 979361.165 979354.446 979350.557 979347.208 979344.528 979339.388 979332.425 979322.037 979319.540 979317.232 979311.767 979315.676 979312.817 979321.969 979321.935 979312.199 979298.411 979281.050 979263.251 979282.667 979314.689 979326.996 979331.037 979326.772 979314.059 979308.714 979306.010 979301.958 979281.381 979266.217 979261.063
979393.890 979393.809 979393.396 979391.604 979389.250 979387.074 979383.851 979381.526 979378.714 979375.059 979371.619 979372.654 979370.592 979368.535 979366.205 979365.314 979366.955 979367.242 979365.502 979365.790 979365.667 979363.726 979361.983 979360.620 979358.168 979354.106 979357.011 979351.844 979343.593 979341.452 979337.946 979333.831 979329.734 979321.547 979311.204 979307.510 979306.782 979304.649 979307.341 979311.763 979307.494 979293.855 979274.226 979262.948 979284.281 979296.849 979299.881 979329.132 979309.748 979291.833 979286.738 979289.676 979289.151 979299.336 979280.537 979267.906 979265.845
979389.621 979390.697 979389.301 979387.551 979385.168 979382.426 979378.989 979375.518 979372.709 979369.124 979365.866 979364.672 979363.057 979360.130 979357.565 979357.691 979358.607 979359.330 979360.401 979361.365 979359.208 979358.461 979356.157 979356.119 979353.925 979345.162 979347.627 979348.550 979343.204 979337.329 979331.046 979324.061 979321.596 979317.441 979312.665 979304.962 979303.498 979304.301 979294.124 979288.208 979292.510 979275.009 979273.563 979291.225 979288.148 979266.251 979299.977 979299.532 979279.542 979265.707 979266.584 979270.783 979282.353 979299.156 979282.313 979272.445 979273.596
979387.821 979388.032 979386.048 979383.473 979379.993 979377.746 979374.192 979369.995 979367.043 979363.161 979360.811 979358.123 979356.044 979354.005 979352.662 979352.161 979352.511 979353.881 979355.405 979357.130 979355.617 979352.759 979349.457 979346.503 979346.952 979339.826 979342.128 979343.015 979338.552 979334.345 979327.560 979319.569 979310.576 979302.328 979309.145 979306.310 979298.203 979295.983 979266.962 979269.983 979285.173 979280.249 979279.557 979275.246 979265.780 979282.643 979299.129 979278.902 979259.461 979251.060 979260.615 979268.814 979305.613 979299.805 979285.139 979278.252 979282.600
979383.260 979383.954 979381.568 979376.351 979372.337 979371.171 979368.198 979364.471 979361.225 979358.658 979356.307 979353.330 979350.846 979349.066 979347.558 979348.674 979348.740 979349.070 979350.185 979351.902 979351.166 979344.895 979332.558 979336.941 979344.004 979336.954 979336.398 979336.001 979331.462 979324.838 979317.590 979307.273 979304.211 979294.565 979287.344 979284.550 979292.833 979279.751 979270.093 979271.183 979273.790 979281.646 979289.878 979286.051 979295.468 979296.384 979280.456 979267.118 979253.707 979244.378 979249.920 979279.191 979316.375 979299.456 979287.279 979283.467 979290.695
