Code/MATLAB/Matlab_old/02 Fill Missing Data/data_grav_rasters/EIGEN-6C4_potential_ell.asc
ncols         159
nrows         172
xllcorner     32.4820794100
yllcorner     29.1707288100
cellsize      0.0259688
nodata_value  1000000000
[rows 46 to 68 of 172, columns 104 to 155 of 159]
62559835.305 62559835.826 62559836.239 62559836.497 62559836.566 62559836.440 62559836.150 62559835.753 62559835.320 62559834.923 62559834.627 62559834.488 62559834.562 62559834.896 62559835.515 62559836.410 62559837.522 62559838.744 62559839.940 62559840.982 62559841.776 62559842.289 62559842.548 62559842.620 62559842.586 62559842.513 62559842.448 62559842.414 62559842.422 62559842.481 62559842.596 62559842.766 62559842.978 62559843.203 62559843.406 62559843.559 62559843.653 62559843.706 62559843.754 62559843.839 62559843.991 62559844.218 62559844.513 62559844.857 62559845.239 62559845.658 62559846.123 62559846.645 62559847.225 62559847.855 62559848.515 62559849.183
62559791.440 62559792.020 62559792.466 62559792.731 62559792.784 62559792.629 62559792.307 62559791.878 62559791.416 62559790.989 62559790.656 62559790.476 62559790.508 62559790.804 62559791.398 62559792.282 62559793.392 62559794.610 62559795.789 62559796.790 62559797.520 62559797.955 62559798.136 62559798.148 62559798.082 62559798.010 62559797.969 62559797.965 62559797.991 62559798.038 62559798.107 62559798.202 62559798.323 62559798.458 62559798.587 62559798.690 62559798.759 62559798.804 62559798.850 62559798.928 62559799.061 62559799.255 62559799.505 62559799.798 62559800.128 62559800.494 62559800.907 62559801.377 62559801.902 62559802.474 62559803.071 62559803.673
62559747.563 62559748.165 62559748.612 62559748.861 62559748.890 62559748.711 62559748.369 62559747.928 62559747.454 62559747.009 62559746.648 62559746.430 62559746.421 62559746.682 62559747.256 62559748.136 62559749.248 62559750.463 62559751.615 62559752.556 62559753.194 62559753.518 62559753.592 62559753.523 62559753.419 62559753.354 62559753.351 62559753.395 62559753.455 62559753.503 62559753.532 62559753.554 62559753.583 62559753.630 62559753.693 62559753.760 62559753.823 62559753.882 62559753.949 62559754.039 62559754.167 62559754.337 62559754.545 62559754.788 62559755.064 62559755.379 62559755.743 62559756.165 62559756.641 62559757.158 62559757.694 62559758.224
62559703.664 62559704.276 62559704.716 62559704.947 62559704.956 62559704.763 62559704.416 62559703.976 62559703.504 62559703.050 62559702.664 62559702.407 62559702.351 62559702.570 62559703.115 62559703.979 62559705.082 62559706.275 62559707.379 62559708.236 62559708.760 62559708.954 62559708.908 62559708.753 62559708.610 62559708.553 62559708.594 62559708.691 62559708.789 62559708.841 62559708.836 62559708.791 62559708.739 62559708.711 62559708.722 62559708.770 62559708.845 62559708.936 62559709.041 62559709.161 62559709.301 62559709.461 62559709.642 62559709.845 62559710.073 62559710.339 62559710.653 62559711.024 62559711.447 62559711.906 62559712.375 62559712.830
62559659.775 62559660.408 62559660.853 62559661.077 62559661.072 62559660.868 62559660.518 62559660.079 62559659.605 62559659.136 62559658.717 62559658.407 62559658.285 62559658.438 62559658.924 62559659.737 62559660.792 62559661.926 62559662.952 62559663.705 62559664.107 62559664.178 62559664.029 62559663.809 62559663.649 62559663.617 62559663.708 62559663.859 62559663.992 62559664.049 62559664.015 62559663.918 62559663.807 62559663.729 62559663.712 62559663.759 62559663.858 62559663.989 62559664.137 62559664.292 62559664.452 62559664.616 62559664.782 62559664.956 62559665.146 62559665.365 62559665.627 62559665.939 62559666.298 62559666.686 62559667.081 62559667.460
62559615.919 62559616.591 62559617.054 62559617.274 62559617.253 62559617.026 62559616.654 62559616.196 62559615.697 62559615.194 62559614.721 62559614.336 62559614.124 62559614.176 62559614.560 62559615.273 62559616.228 62559617.259 62559618.174 62559618.813 62559619.105 62559619.088 62559618.885 62559618.653 62559618.522 62559618.547 62559618.704 62559618.912 62559619.078 62559619.142 62559619.092 62559618.968 62559618.832 62559618.740 62559618.726 62559618.793 62559618.923 62559619.088 62559619.267 62559619.446 62559619.618 62559619.781 62559619.936 62559620.086 62559620.241 62559620.415 62559620.620 62559620.865 62559621.148 62559621.457 62559621.772 62559622.073
62559572.062 62559572.775 62559573.254 62559573.461 62559573.402 62559573.124 62559572.697 62559572.185 62559571.634 62559571.072 62559570.528 62559570.055 62559569.736 62559569.665 62559569.916 62559570.490 62559571.303 62559572.195 62559572.980 62559573.508 62559573.721 62559573.667 62559573.476 62559573.301 62559573.256 62559573.377 62559573.620 62559573.889 62559574.087 62559574.159 62559574.108 62559573.986 62559573.863 62559573.800 62559573.825 62559573.933 62559574.097 62559574.285 62559574.472 62559574.647 62559574.805 62559574.948 62559575.078 62559575.197 62559575.314 62559575.438 62559575.583 62559575.757 62559575.960 62559576.185 62559576.418 62559576.643
62559528.110 62559528.846 62559529.320 62559529.488 62559529.362 62559529.000 62559528.484 62559527.890 62559527.266 62559526.636 62559526.023 62559525.471 62559525.057 62559524.875 62559524.996 62559525.428 62559526.093 62559526.840 62559527.497 62559527.933 62559528.103 62559528.065 62559527.946 62559527.884 62559527.971 62559528.216 62559528.553 62559528.878 62559529.099 62559529.175 62559529.129 62559529.028 62559528.951 62559528.950 62559529.043 62559529.209 62559529.408 62559529.604 62559529.774 62559529.913 62559530.025 62559530.119 62559530.200 62559530.271 62559530.336 62559530.404 62559530.485 62559530.588 62559530.715 62559530.861 62559531.017 62559531.172
62559483.964 62559484.690 62559485.129 62559485.232 62559485.013 62559484.544 62559483.922 62559483.235 62559482.538 62559481.854 62559481.199 62559480.607 62559480.145 62559479.902 62559479.943 62559480.277 62559480.830 62559481.465 62559482.027 62559482.402 62559482.564 62559482.577 62559482.563 62559482.640 62559482.873 62559483.241 62559483.659 62559484.018 62559484.238 62559484.299 62559484.247 62559484.168 62559484.142 62559484.215 62559484.385 62559484.612 62559484.843 62559485.034 62559485.167 62559485.245 62559485.284 62559485.302 62559485.308 62559485.308 62559485.305 62559485.307 62559485.322 62559485.358 62559485.417 62559485.496 62559485.585 62559485.677
62559439.586 62559440.270 62559440.648 62559440.667 62559440.346 62559439.767 62559439.043 62559438.275 62559437.525 62559436.818 62559436.162 62559435.585 62559435.144 62559434.915 62559434.957 62559435.273 62559435.791 62559436.381 62559436.902 62559437.259 62559437.441 62559437.520 62559437.611 62559437.815 62559438.169 62559438.630 62559439.094 62559439.451 62559439.635 62559439.649 62559439.564 62559439.480 62559439.483 62559439.609 62559439.838 62559440.109 62559440.356 62559440.529 62559440.612 62559440.617 62559440.569 62559440.494 62559440.408 62559440.320 62559440.235 62559440.160 62559440.105 62559440.077 62559440.078 62559440.101 62559440.136 62559440.175
62559395.034 62559395.655 62559395.956 62559395.884 62559395.464 62559394.787 62559393.979 62559393.152 62559392.375 62559391.674 62559391.057 62559390.543 62559390.183 62559390.041 62559390.167 62559390.555 62559391.127 62559391.753 62559392.302 62559392.688 62559392.914 62559393.057 62559393.231 62559393.524 62559393.954 62559394.460 62559394.927 62559395.246 62559395.361 62559395.299 62559395.148 62559395.023 62559395.013 62559395.145 62559395.387 62559395.663 62559395.897 62559396.033 62559396.056 62559395.984 62559395.847 62559395.676 62559395.493 62559395.308 62559395.131 62559394.973 62559394.845 62559394.755 62559394.703 62559394.680 62559394.672 62559394.666
62559350.438 62559350.982 62559351.198 62559351.032 62559350.515 62559349.750 62559348.873 62559348.002 62559347.213 62559346.533 62559345.969 62559345.539 62559345.287 62559345.275 62559345.540 62559346.065 62559346.765 62559347.503 62559348.143 62559348.606 62559348.899 62559349.104 62559349.335 62559349.676 62559350.136 62559350.643 62559351.081 62559351.341 62559351.378 62559351.229 62559350.996 62559350.801 62559350.735 62559350.821 62559351.019 62559351.249 62559351.428 62559351.500 62559351.451 62559351.299 62559351.078 62559350.818 62559350.542 62559350.263 62559349.994 62559349.751 62559349.548 62559349.396 62559349.294 62559349.229 62559349.183 62559349.139
62559305.925 62559306.384 62559306.500 62559306.227 62559305.606 62559304.750 62559303.803 62559302.889 62559302.085 62559301.418 62559300.895 62559300.534 62559300.380 62559300.491 62559300.903 62559301.589 62559302.452 62559303.346 62559304.126 62559304.707 62559305.094 62559305.368 62559305.644 62559306.006 62559306.466 62559306.952 62559307.351 62559307.558 62559307.534 62559307.320 62559307.019 62559306.754 62559306.611 62559306.614 62559306.722 62559306.857 62559306.939 62559306.917 62559306.779 62559306.542 62559306.239 62559305.898 62559305.539 62559305.176 62559304.824 62559304.502 62559304.228 62559304.016 62559303.863 62559303.756 62559303.672 62559303.594
62559261.560 62559261.921 62559261.913 62559261.506 62559260.757 62559259.791 62559258.761 62559257.794 62559256.962 62559256.290 62559255.781 62559255.454 62559255.356 62559255.550 62559256.070 62559256.891 62559257.908 62559258.966 62559259.908 62559260.637 62559261.145 62559261.507 62559261.835 62559262.216 62559262.667 62559263.129 62559263.499 62559263.681 62559263.636 62559263.403 62559263.078 62559262.772 62559262.565 62559262.479 62559262.477 62559262.488 62559262.444 62559262.304 62559262.059 62559261.729 62559261.344 62559260.928 62559260.497 62559260.064 62559259.644 62559259.257 62559258.924 62559258.657 62559258.455 62559258.302 62559258.176 62559258.058
62559217.320 62559217.562 62559217.402 62559216.830 62559215.925 62559214.831 62559213.706 62559212.678 62559211.812 62559211.123 62559210.607 62559210.279 62559210.189 62559210.405 62559210.970 62559211.865 62559212.990 62559214.185 62559215.285 62559216.175 62559216.830 62559217.307 62559217.709 62559218.122 62559218.573 62559219.020 62559219.378 62559219.564 62559219.542 62559219.343 62559219.048 62559218.750 62559218.517 62559218.365 62559218.262 62559218.149 62559217.972 62559217.703 62559217.344 62559216.916 62559216.448 62559215.961 62559215.469 62559214.980 62559214.510 62559214.076 62559213.698 62559213.385 62559213.136 62559212.934 62559212.758 62559212.592
62559173.121 62559173.226 62559172.892 62559172.137 62559171.064 62559169.837 62559168.622 62559167.544 62559166.656 62559165.957 62559165.431 62559165.083 62559164.962 62559165.144 62559165.685 62559166.583 62559167.751 62559169.038 62559170.272 62559171.324 62559172.144 62559172.764 62559173.267 62559173.732 62559174.197 62559174.638 62559174.993 62559175.199 62559175.227 62559175.100 62559174.879 62559174.637 62559174.420 62559174.239 62559174.064 62559173.848 62559173.555 62559173.169 62559172.703 62559172.183 62559171.637 62559171.085 62559170.539 62559170.007 62559169.500 62559169.033 62559168.621 62559168.271 62559167.976 62559167.721 62559167.487 62559167.263
62559128.871 62559128.831 62559128.321 62559127.388 62559126.162 62559124.824 62559123.547 62559122.447 62559121.564 62559120.877 62559120.352 62559119.981 62559119.810 62559119.919 62559120.383 62559121.222 62559122.374 62559123.704 62559125.043 62559126.250 62559127.245 62559128.031 62559128.659 62559129.199 62559129.688 62559130.127 62559130.479 62559130.705 62559130.786 62559130.741 62559130.613 62559130.450 62559130.280 62559130.101 62559129.885 62559129.600 62559129.220 62559128.746 62559128.197 62559127.603 62559126.992 62559126.384 62559125.790 62559125.219 62559124.680 62559124.184 62559123.741 62559123.353 62559123.011 62559122.698 62559122.400 62559122.109
62559084.505 62559084.326 62559083.660 62559082.580 62559081.240 62559079.834 62559078.535 62559077.450 62559076.600 62559075.946 62559075.434 62559075.042 62559074.811 62559074.829 62559075.186 62559075.931 62559077.031 62559078.371 62559079.795 62559081.148 62559082.325 62559083.290 62559084.064 62559084.694 62559085.220 62559085.658 62559086.001 62559086.235 62559086.357 62559086.383 62559086.341 62559086.256 62559086.137 62559085.974 62559085.740 62559085.412 62559084.979 62559084.451 62559083.851 62559083.211 62559082.556 62559081.904 62559081.267 62559080.654 62559080.075 62559079.541 62559079.058 62559078.623 62559078.226 62559077.851 62559077.486 62559077.128
62559039.997 62559039.691 62559038.899 62559037.718 62559036.316 62559034.890 62559033.609 62559032.563 62559031.759 62559031.139 62559030.636 62559030.219 62559029.926 62559029.850 62559030.100 62559030.748 62559031.790 62559033.137 62559034.639 62559036.136 62559037.497 62559038.648 62559039.576 62559040.306 62559040.876 62559041.317 62559041.649 62559041.883 62559042.033 62559042.111 62559042.135 62559042.111 62559042.032 62559041.880 62559041.633 62559041.279 62559040.817 62559040.264 62559039.646 62559038.988 62559038.311 62559037.629 62559036.952 62559036.291 62559035.660 62559035.070 62559034.529 62559034.032 62559033.570 62559033.128 62559032.698 62559032.279
62558995.343 62558994.919 62558994.030 62558992.789 62558991.370 62558989.965 62558988.725 62558987.725 62558986.957 62558986.354 62558985.840 62558985.385 62558985.028 62558984.872 62558985.038 62558985.620 62558986.633 62558988.007 62558989.600 62558991.243 62558992.782 62558994.111 62558995.187 62558996.015 62558996.630 62558997.079 62558997.403 62558997.638 62558997.807 62558997.927 62558998.000 62558998.018 62558997.961 62558997.808 62558997.545 62558997.168 62558996.689 62558996.131 62558995.517 62558994.865 62558994.185 62558993.485 62558992.773 62558992.061 62558991.367 62558990.709 62558990.094 62558989.524 62558988.989 62558988.480 62558987.990 62558987.521
62558950.553 62558950.009 62558949.040 62558947.768 62558946.364 62558945.001 62558943.812 62558942.852 62558942.099 62558941.483 62558940.934 62558940.428 62558940.016 62558939.807 62558939.934 62558940.501 62558941.536 62558942.976 62558944.680 62558946.468 62558948.167 62558949.648 62558950.843 62558951.747 62558952.395 62558952.847 62558953.166 62558953.404 62558953.595 62558953.752 62558953.866 62558953.915 62558953.870 62558953.708 62558953.423 62558953.023 62558952.533 62558951.978 62558951.379 62558950.746 62558950.077 62558949.372 62558948.634 62558947.878 62558947.126 62558946.399 62558945.712 62558945.068 62558944.463 62558943.890 62558943.348 62558942.840
62558905.647 62558904.977 62558903.936 62558902.650 62558901.278 62558899.972 62558898.837 62558897.907 62558897.152 62558896.505 62558895.908 62558895.354 62558894.906 62558894.685 62558894.829 62558895.444 62558896.556 62558898.099 62558899.926 62558901.845 62558903.668 62558905.252 62558906.517 62558907.453 62558908.104 62558908.542 62558908.847 62558909.084 62558909.293 62558909.483 62558909.633 62558909.710 62558909.676 62558909.508 62558909.204 62558908.786 62558908.287 62558907.738 62558907.158 62558906.549 62558905.900 62558905.202 62558904.456 62558903.676 62558902.886 62558902.113 62558901.374 62558900.674 62558900.013 62558899.387 62558898.798 62558898.255
62558860.672 62558859.875 62558858.771 62558857.485 62558856.159 62558854.919 62558853.841 62558852.942 62558852.184 62558851.508 62558850.873 62558850.290 62558849.840 62558849.653 62558849.867 62558850.581 62558851.812 62558853.479 62558855.423 62558857.440 62558859.333 62558860.954 62558862.225 62558863.139 62558863.751 62558864.146 62558864.417 62558864.637 62558864.850 62558865.058 62558865.235 62558865.336 62558865.316 62558865.151 62558864.844 62558864.421 62558863.922 62558863.384 62558862.824 62558862.239 62558861.616 62558860.938 62558860.204 62558859.427 62558858.633 62558857.850 62558857.093 62558856.370 62558855.676 62558855.011 62558854.381 62558853.796
