Code/MATLAB/Matlab_old/02 Fill Missing Data/data_grav_rasters/EIGEN-6C4_gravity_earth.asc
ncols         159
nrows         172
xllcorner     32.4820794100
yllcorner     29.1707288100
cellsize      0.0259688
nodata_value  9999999
[rows 75 to 99 of 172, columns 0 to 56 of 159]
979481.906 979480.266 979479.339 979479.233 979479.610 979479.837 979479.318 979477.826 979475.628 979473.355 979471.661 979470.897 979470.960 979471.414 979471.779 979471.813 979471.614 979471.491 979471.704 979472.248 979472.838 979473.092 979472.794 979472.062 979471.289 979470.900 979471.067 979471.580 979471.965 979471.784 979470.937 979469.763 979468.865 979468.760 979469.562 979470.897 979472.116 979472.675 979472.464 979471.872 979471.558 979472.045 979473.406 979475.197 979476.699 979477.298 979476.780 979475.381 979473.580 979471.783 979470.115 979468.433 979466.535 979464.393 979462.231 979460.393 979459.081
979478.603 979477.222 979476.572 979476.651 979477.090 979477.324 979476.895 979475.717 979474.132 979472.733 979472.042 979472.224 979473.012 979473.875 979474.329 979474.203 979473.699 979473.226 979473.116 979473.407 979473.831 979474.007 979473.707 979473.017 979472.290 979471.907 979472.013 979472.399 979472.619 979472.279 979471.302 979470.019 979468.998 979468.716 979469.281 979470.368 979471.425 979472.016 979472.097 979472.042 979472.407 979473.564 979475.435 979477.493 979479.018 979479.462 979478.711 979477.091 979475.132 979473.264 979471.618 979470.050 979468.342 979466.415 979464.399 979462.510 979460.837
979475.150 979473.940 979473.438 979473.572 979473.985 979474.208 979473.916 979473.121 979472.181 979471.597 979471.734 979472.593 979473.800 979474.812 979475.215 979474.948 979474.311 979473.770 979473.664 979474.008 979474.507 979474.760 979474.525 979473.875 979473.136 979472.668 979472.610 979472.782 979472.796 979472.320 979471.308 979470.067 979469.092 979468.779 979469.191 979470.039 979470.879 979471.411 979471.689 979472.088 979473.060 979474.806 979477.091 979479.303 979480.745 979480.982 979480.041 979478.350 979476.471 979474.797 979473.385 979472.026 979470.459 979468.577 979466.477 979464.325 979462.152
979471.628 979470.450 979469.939 979470.015 979470.372 979470.643 979470.594 979470.271 979469.970 979470.062 979470.758 979471.951 979473.255 979474.206 979474.521 979474.255 979473.767 979473.499 979473.716 979474.353 979475.063 979475.440 979475.264 979474.624 979473.843 979473.259 979472.999 979472.909 979472.663 979472.005 979470.941 979469.770 979468.913 979468.668 979469.036 979469.736 979470.412 979470.891 979471.317 979472.067 979473.491 979475.632 979478.116 979480.283 979481.509 979481.510 979480.472 979478.909 979477.358 979476.087 979475.001 979473.773 979472.103 979469.925 979467.408 979464.773 979462.063
979468.262 979466.994 979466.348 979466.282 979466.575 979466.943 979467.199 979467.353 979467.596 979468.155 979469.123 979470.364 979471.563 979472.399 979472.737 979472.717 979472.675 979472.946 979473.651 979474.621 979475.480 979475.870 979475.652 979474.975 979474.167 979473.525 979473.124 979472.795 979472.255 979471.333 979470.114 979468.925 979468.149 979468.004 979468.419 979469.099 979469.739 979470.252 979470.841 979471.865 979473.576 979475.882 979478.310 979480.208 979481.070 979480.799 979479.736 979478.448 979477.376 979476.592 979475.782 979474.477 979472.376 979469.535 979466.307 979463.074 979459.948
979465.351 979463.961 979463.133 979462.894 979463.109 979463.558 979464.063 979464.572 979465.161 979465.943 979466.951 979468.085 979469.150 979469.980 979470.550 979471.011 979471.597 979472.467 979473.580 979474.680 979475.428 979475.588 979475.168 979474.409 979473.640 979473.072 979472.672 979472.201 979471.390 979470.145 979468.655 979467.317 979466.519 979466.431 979466.920 979467.662 979468.370 979468.998 979469.771 979471.011 979472.873 979475.157 979477.335 979478.802 979479.204 979478.637 979477.588 979476.636 979476.084 979475.759 979475.103 979473.518 979470.739 979467.015 979462.963 979459.190 979455.906
979463.039 979461.597 979460.637 979460.252 979460.375 979460.830 979461.433 979462.083 979462.780 979463.576 979464.503 979465.528 979466.571 979467.572 979468.547 979469.580 979470.748 979472.025 979473.233 979474.100 979474.397 979474.076 979473.326 979472.485 979471.852 979471.513 979471.279 979470.802 979469.798 979468.245 979466.440 979464.868 979463.948 979463.824 979464.317 979465.072 979465.810 979466.511 979467.404 979468.771 979470.683 979472.850 979474.713 979475.728 979475.689 979474.868 979473.870 979473.260 979473.192 979473.252 979472.665 979470.727 979467.242 979462.675 979457.925 979453.825 979450.680
979461.093 979459.718 979458.740 979458.287 979458.327 979458.711 979459.262 979459.866 979460.507 979461.234 979462.105 979463.141 979464.322 979465.616 979467.003 979468.458 979469.911 979471.200 979472.096 979472.389 979472.009 979471.111 979470.043 979469.197 979468.804 979468.800 979468.833 979468.451 979467.354 979465.586 979463.537 979461.756 979460.677 979460.414 979460.747 979461.311 979461.854 979462.400 979463.209 979464.545 979466.416 979468.463 979470.090 979470.792 979470.468 979469.515 979468.619 979468.325 979468.664 979469.041 979468.518 979466.330 979462.354 979457.239 979452.107 979447.966 979445.174
979458.913 979457.699 979456.821 979456.400 979456.407 979456.709 979457.160 979457.680 979458.284 979459.044 979460.030 979461.260 979462.693 979464.248 979465.829 979467.324 979468.588 979469.440 979469.701 979469.282 979468.274 979466.972 979465.792 979465.099 979465.016 979465.336 979465.597 979465.300 979464.172 979462.321 979460.188 979458.333 979457.144 979456.669 979456.647 979456.725 979456.721 979456.759 979457.178 979458.273 979460.023 979462.005 979463.571 979464.201 979463.826 979462.899 979462.142 979462.092 979462.713 979463.320 979462.902 979460.674 979456.566 979451.330 979446.203 979442.269 979439.896
979455.849 979454.827 979454.124 979453.820 979453.872 979454.168 979454.615 979455.199 979455.980 979457.037 979458.396 979459.993 979461.687 979463.302 979464.684 979465.712 979466.296 979466.363 979465.881 979464.901 979463.608 979462.313 979461.366 979461.006 979461.221 979461.711 979461.996 979461.636 979460.449 979458.613 979456.579 979454.832 979453.641 979452.942 979452.420 979451.760 979450.898 979450.111 979449.874 979450.556 979452.135 979454.135 979455.828 979456.625 979456.412 979455.622 979454.973 979455.010 979455.705 979456.390 979456.073 979453.995 979450.100 979445.144 979440.348 979436.766 979434.737
979451.673 979450.834 979450.321 979450.169 979450.324 979450.720 979451.339 979452.238 979453.498 979455.153 979457.113 979459.159 979461.003 979462.380 979463.133 979463.242 979462.799 979461.948 979460.847 979459.658 979458.557 979457.733 979457.339 979457.409 979457.799 979458.188 979458.190 979457.527 979456.172 979454.379 979452.561 979451.066 979449.984 979449.105 979448.060 979446.593 979444.781 979443.080 979442.118 979442.354 979443.785 979445.885 979447.839 979448.951 979449.007 979448.363 979447.704 979447.593 979448.082 979448.611 979448.298 979446.442 979442.974 979438.559 979434.285 979431.095 979429.278
979446.857 979446.215 979445.867 979445.819 979446.054 979446.585 979447.491 979448.882 979450.821 979453.230 979455.848 979458.269 979460.064 979460.919 979460.752 979459.726 979458.181 979456.512 979455.049 979454.000 979453.440 979453.340 979453.591 979454.009 979454.352 979454.351 979453.795 979452.624 979450.989 979449.206 979447.618 979446.409 979445.482 979444.494 979443.044 979440.943 979438.401 979436.019 979434.543 979434.494 979435.880 979438.143 979440.396 979441.847 979442.166 979441.604 979440.790 979440.310 979440.329 979440.463 979439.999 979438.330 979435.351 979431.576 979427.889 979425.070 979423.369
979442.418 979442.041 979441.800 979441.723 979441.888 979442.440 979443.563 979445.399 979447.940 979450.964 979454.028 979456.572 979458.083 979458.271 979457.174 979455.149 979452.750 979450.551 979448.976 979448.206 979448.176 979448.645 979449.284 979449.760 979449.801 979449.237 979448.039 979446.345 979444.431 979442.633 979441.206 979440.193 979439.367 979438.322 979436.672 979434.298 979431.498 979428.931 979427.366 979427.324 979428.804 979431.243 979433.740 979435.457 979435.982 979435.462 979434.445 979433.524 979432.971 979432.597 979431.887 979430.344 979427.833 979424.695 979421.588 979419.119 979417.513
979439.318 979439.289 979439.064 979438.754 979438.600 979438.919 979439.996 979441.967 979444.727 979447.908 979450.944 979453.217 979454.244 979453.828 979452.127 979449.608 979446.894 979444.574 979443.036 979442.387 979442.462 979442.924 979443.382 979443.496 979443.048 979441.970 979440.348 979438.396 979436.402 979434.647 979433.294 979432.309 979431.446 979430.341 979428.693 979426.453 979423.930 979421.732 979420.530 979420.768 979422.421 979424.965 979427.573 979429.451 979430.159 979429.755 979428.687 979427.502 979426.538 979425.768 979424.866 979423.459 979421.395 979418.864 979416.310 979414.189 979412.722
979437.775 979438.090 979437.740 979436.981 979436.265 979436.088 979436.798 979438.479 979440.905 979443.606 979446.003 979447.576 979448.004 979447.248 979445.540 979443.299 979440.995 979439.017 979437.575 979436.679 979436.178 979435.840 979435.434 979434.789 979433.819 979432.522 979430.963 979429.264 979427.571 979426.026 979424.707 979423.586 979422.519 979421.302 979419.779 979417.962 979416.103 979414.646 979414.073 979414.687 979416.448 979418.932 979421.474 979423.416 979424.356 979424.277 979423.490 979422.435 979421.440 979420.581 979419.690 979418.513 979416.908 979414.953 979412.926 979411.161 979409.888
979436.945 979437.424 979436.764 979435.415 979434.053 979433.301 979433.496 979434.592 979436.222 979437.873 979439.091 979439.617 979439.436 979438.716 979437.694 979436.566 979435.421 979434.236 979432.927 979431.423 979429.717 979427.894 979426.099 979424.481 979423.132 979422.048 979421.136 979420.259 979419.294 979418.179 979416.924 979415.578 979414.195 979412.804 979411.426 979410.120 979409.026 979408.367 979408.385 979409.237 979410.890 979413.081 979415.378 979417.319 979418.578 979419.063 979418.920 979418.420 979417.813 979417.208 979416.554 979415.711 979414.571 979413.149 979411.606 979410.189 979409.133
979435.267 979435.552 979434.400 979432.485 979430.666 979429.597 979429.479 979430.040 979430.739 979431.072 979430.821 979430.134 979429.412 979429.067 979429.286 979429.913 979430.494 979430.463 979429.380 979427.119 979423.926 979420.341 979417.010 979414.473 979412.996 979412.510 979412.667 979412.985 979413.014 979412.485 979411.362 979409.814 979408.117 979406.540 979405.266 979404.374 979403.876 979403.775 979404.100 979404.896 979406.177 979407.868 979409.788 979411.681 979413.295 979414.461 979415.143 979415.418 979415.417 979415.243 979414.925 979414.426 979413.691 979412.716 979411.589 979410.490 979409.653
979431.332 979431.002 979429.262 979427.008 979425.197 979424.388 979424.510 979424.967 979425.002 979424.140 979422.465 979420.606 979419.434 979419.622 979421.291 979423.895 979426.405 979427.696 979426.988 979424.132 979419.657 979414.573 979410.010 979406.169 979405.497 979405.762 979407.037 979408.521 979409.495 979409.536 979408.598 979406.964 979405.083 979403.396 979402.183 979401.519 979401.310 979401.400 979401.684 979402.159 979402.908 979404.028 979405.539 979407.341 979409.223 979410.941 979412.300 979413.212 979413.703 979413.864 979413.784 979413.512 979413.051 979412.400 979411.605 979410.801 979410.194
979424.783 979423.541 979421.272 979419.051 979417.838 979417.976 979419.021 979419.989 979419.883 979418.255 979415.485 979412.664 979411.107 979411.736 979414.626 979418.909 979423.082 979425.587 979425.387 979422.340 979417.207 979411.342 979405.697 979402.879 979401.789 979402.652 979404.673 979406.871 979408.404 979408.804 979408.051 979406.488 979404.637 979402.988 979401.838 979401.233 979401.030 979401.015 979401.047 979401.135 979401.422 979402.100 979403.289 979404.950 979406.879 979408.774 979410.356 979411.454 979412.053 979412.253 979412.193 979411.978 979411.649 979411.211 979410.690 979410.182 979409.860
979416.671 979414.499 979411.919 979410.116 979409.959 979411.511 979413.937 979415.881 979416.133 979414.257 979410.864 979407.396 979405.496 979406.276 979409.799 979415.015 979420.169 979423.479 979423.809 979421.044 979416.062 979410.347 979405.432 979401.471 979401.288 979402.689 979404.821 979407.038 979408.563 979409.005 979408.384 979407.037 979405.430 979403.980 979402.922 979402.282 979401.933 979401.709 979401.520 979401.408 979401.528 979402.059 979403.091 979404.557 979406.234 979407.822 979409.057 979409.806 979410.092 979410.053 979409.850 979409.599 979409.338 979409.066 979408.486 979405.290 979402.781
979409.008 979406.205 979403.624 979402.468 979403.461 979406.398 979410.141 979413.087 979413.901 979412.168 979408.625 979404.881 979402.719 979403.321 979406.758 979411.965 979417.188 979420.691 979421.408 979419.279 979415.167 979408.196 979404.484 979403.327 979403.350 979404.457 979406.086 979407.686 979408.707 979408.914 979408.368 979407.322 979406.088 979404.924 979403.975 979403.271 979402.771 979402.428 979402.241 979402.271 979402.610 979403.313 979404.343 979405.550 979406.706 979407.587 979408.060 979408.127 979407.909 979407.576 979406.370 979405.462 979403.020 979399.238 979399.607 979398.411 979398.468
979403.687 979400.814 979398.528 979398.001 979399.794 979403.527 979407.942 979411.399 979412.595 979411.164 979407.865 979404.256 979402.027 979402.273 979405.057 979409.429 979413.867 979416.920 979417.756 979416.396 979413.582 979408.738 979407.176 979404.913 979405.347 979406.456 979407.248 979407.918 979408.216 979408.082 979407.585 979406.844 979405.973 979405.064 979404.191 979403.430 979402.868 979402.558 979401.810 979402.655 979403.598 979405.041 979406.114 979406.987 979407.478 979407.397 979406.879 979405.783 979403.261 979400.535 979398.964 979398.911 979398.891 979393.092 979392.228 979392.749 979394.260
979401.426 979398.842 979397.423 979397.289 979399.230 979402.828 979406.926 979410.087 979411.222 979410.069 979407.312 979404.270 979402.316 979402.291 979404.201 979407.279 979410.115 979412.479 979412.224 979411.230 979410.007 979409.046 979407.245 979404.618 979405.542 979407.481 979407.824 979407.663 979407.356 979406.965 979406.484 979405.738 979405.148 979403.909 979402.641 979402.044 979400.504 979400.842 979401.844 979402.566 979402.749 979403.878 979406.283 979406.206 979405.805 979404.520 979403.109 979400.893 979398.262 979396.600 979393.797 979394.615 979396.319 979389.719 979390.316 979389.572 979389.340
979402.079 979400.357 979399.118 979399.254 979400.820 979403.410 979406.280 979408.396 979409.027 979408.067 979405.774 979403.993 979402.725 979402.034 979402.278 979403.430 979405.414 979406.543 979404.797 979407.405 979407.960 979407.591 979407.125 979406.664 979406.651 979406.328 979408.065 979407.461 979406.731 979404.513 979403.639 979402.113 979403.872 979403.037 979400.583 979399.899 979398.994 979398.434 979400.476 979401.841 979400.759 979401.130 979403.197 979402.540 979401.081 979397.948 979394.452 979393.236 979392.663 979389.271 979388.216 979393.114 979397.085 979384.742 979384.208 979386.698 979385.546
979403.853 979402.929 979402.232 979401.985 979402.061 979402.809 979402.737 979402.596 979405.170 979405.188 979403.337 979403.143 979401.700 979399.568 979399.643 979401.238 979401.762 979402.540 979402.243 979403.525 979404.289 979405.019 979407.321 979407.195 979406.217 979406.741 979407.653 979406.094 979403.595 979401.265 979400.990 979402.424 979403.226 979402.513 979400.794 979399.261 979396.867 979397.534 979399.095 979399.653 979399.242 979400.296 979399.703 979397.161 979395.046 979391.831 979390.861 979389.461 979386.610 979383.656 979383.421 979383.795 979392.421 979388.475 979381.399 979383.442 979382.720
