Code/MATLAB/Matlab_old/02 Fill Missing Data/data_grav_rasters/EIGEN-6C4_potential_ell.asc
ncols         159
nrows         172
xllcorner     32.4820794100
yllcorner     29.1707288100
cellsize      0.0259688
nodata_value  1000000000
[rows 23 to 45 of 172, columns 52 to 103 of 159]
62560807.757 62560807.734 62560807.711 62560807.705 62560807.731 62560807.794 62560807.888 62560808.001 62560808.126 62560808.268 62560808.443 62560808.672 62560808.973 62560809.351 62560809.800 62560810.306 62560810.860 62560811.462 62560812.119 62560812.840 62560813.627 62560814.470 62560815.352 62560816.254 62560817.171 62560818.113 62560819.105 62560820.173 62560821.334 62560822.588 62560823.923 62560825.322 62560826.776 62560828.296 62560829.906 62560831.639 62560833.517 62560835.539 62560837.682 62560839.899 62560842.135 62560844.338 62560846.465 62560848.492 62560850.413 62560852.239 62560853.992 62560855.704 62560857.407 62560859.124 62560860.859 62560862.599
62560763.016 62560762.951 62560762.891 62560762.848 62560762.838 62560762.866 62560762.929 62560763.021 62560763.137 62560763.283 62560763.475 62560763.729 62560764.058 62560764.463 62560764.935 62560765.461 62560766.033 62560766.652 62560767.328 62560768.069 62560768.876 62560769.737 62560770.630 62560771.538 62560772.457 62560773.403 62560774.406 62560775.496 62560776.693 62560777.993 62560779.377 62560780.820 62560782.312 62560783.864 62560785.513 62560787.298 62560789.249 62560791.362 62560793.600 62560795.895 62560798.169 62560800.358 62560802.420 62560804.346 62560806.152 62560807.870 62560809.535 62560811.178 62560812.818 62560814.466 62560816.118 62560817.762
62560718.262 62560718.163 62560718.070 62560717.998 62560717.957 62560717.957 62560717.997 62560718.075 62560718.193 62560718.355 62560718.573 62560718.859 62560719.220 62560719.650 62560720.140 62560720.676 62560721.253 62560721.876 62560722.556 62560723.304 62560724.119 62560724.988 62560725.889 62560726.804 62560727.733 62560728.694 62560729.720 62560730.844 62560732.081 62560733.424 62560734.846 62560736.318 62560737.831 62560739.406 62560741.088 62560742.930 62560744.965 62560747.184 62560749.530 62560751.908 62560754.220 62560756.387 62560758.370 62560760.180 62560761.860 62560763.468 62560765.053 62560766.644 62560768.250 62560769.857 62560771.451 62560773.012
62560673.500 62560673.378 62560673.266 62560673.176 62560673.117 62560673.098 62560673.126 62560673.200 62560673.326 62560673.508 62560673.754 62560674.070 62560674.457 62560674.905 62560675.403 62560675.938 62560676.510 62560677.127 62560677.802 62560678.547 62560679.362 62560680.233 62560681.138 62560682.062 62560683.006 62560683.989 62560685.046 62560686.206 62560687.482 62560688.858 62560690.304 62560691.792 62560693.317 62560694.911 62560696.633 62560698.545 62560700.681 62560703.020 62560705.485 62560707.954 62560710.306 62560712.450 62560714.354 62560716.047 62560717.601 62560719.099 62560720.606 62560722.151 62560723.726 62560725.300 62560726.839 62560728.314
62560628.737 62560628.610 62560628.496 62560628.403 62560628.339 62560628.314 62560628.337 62560628.413 62560628.547 62560628.744 62560629.010 62560629.346 62560629.746 62560630.201 62560630.696 62560631.225 62560631.787 62560632.394 62560633.061 62560633.799 62560634.609 62560635.478 62560636.384 62560637.315 62560638.273 62560639.280 62560640.367 62560641.560 62560642.865 62560644.265 62560645.727 62560647.226 62560648.766 62560650.390 62560652.166 62560654.161 62560656.408 62560658.870 62560661.450 62560664.006 62560666.396 62560668.522 62560670.360 62560671.954 62560673.401 62560674.801 62560676.233 62560677.722 62560679.252 62560680.775 62560682.240 62560683.612
62560583.993 62560583.876 62560583.773 62560583.689 62560583.631 62560583.609 62560583.631 62560583.708 62560583.845 62560584.049 62560584.322 62560584.661 62560585.061 62560585.510 62560585.997 62560586.515 62560587.068 62560587.667 62560588.327 62560589.058 62560589.860 62560590.721 62560591.624 62560592.558 62560593.527 62560594.554 62560595.666 62560596.886 62560598.216 62560599.636 62560601.116 62560602.635 62560604.206 62560605.877 62560607.722 62560609.807 62560612.155 62560614.720 62560617.389 62560620.006 62560622.422 62560624.538 62560626.335 62560627.871 62560629.251 62560630.587 62560631.955 62560633.382 62560634.841 62560636.279 62560637.639 62560638.883
62560539.288 62560539.188 62560539.104 62560539.036 62560538.989 62560538.971 62560538.994 62560539.069 62560539.204 62560539.404 62560539.671 62560540.001 62560540.389 62560540.823 62560541.295 62560541.802 62560542.347 62560542.940 62560543.594 62560544.317 62560545.109 62560545.958 62560546.852 62560547.785 62560548.763 62560549.807 62560550.943 62560552.189 62560553.546 62560554.992 62560556.502 62560558.060 62560559.682 62560561.418 62560563.340 62560565.504 62560567.926 62560570.550 62560573.258 62560575.895 62560578.316 62560580.431 62560582.226 62560583.760 62560585.137 62560586.458 62560587.793 62560589.158 62560590.524 62560591.841 62560593.062 62560594.159
62560494.636 62560494.554 62560494.489 62560494.437 62560494.400 62560494.388 62560494.411 62560494.483 62560494.612 62560494.803 62560495.057 62560495.371 62560495.738 62560496.151 62560496.604 62560497.096 62560497.631 62560498.216 62560498.861 62560499.573 62560500.349 62560501.183 62560502.068 62560503.000 62560503.990 62560505.057 62560506.223 62560507.504 62560508.896 62560510.381 62560511.937 62560513.551 62560515.240 62560517.051 62560519.043 62560521.264 62560523.716 62560526.342 62560529.031 62560531.641 62560534.046 62560536.170 62560538.005 62560539.602 62560541.045 62560542.413 62560543.752 62560545.066 62560546.327 62560547.499 62560548.556 62560549.493
62560450.043 62560449.977 62560449.927 62560449.887 62560449.859 62560449.852 62560449.878 62560449.948 62560450.073 62560450.255 62560450.494 62560450.787 62560451.129 62560451.515 62560451.943 62560452.413 62560452.930 62560453.500 62560454.130 62560454.825 62560455.583 62560456.403 62560457.282 62560458.223 62560459.235 62560460.337 62560461.548 62560462.875 62560464.316 62560465.851 62560467.462 62560469.141 62560470.900 62560472.779 62560474.825 62560477.070 62560479.509 62560482.088 62560484.709 62560487.257 62560489.632 62560491.776 62560493.686 62560495.398 62560496.965 62560498.429 62560499.804 62560501.080 62560502.232 62560503.245 62560504.127 62560504.902
62560405.510 62560405.455 62560405.417 62560405.389 62560405.371 62560405.372 62560405.403 62560405.476 62560405.599 62560405.773 62560405.997 62560406.266 62560406.576 62560406.927 62560407.320 62560407.759 62560408.249 62560408.796 62560409.405 62560410.081 62560410.824 62560411.637 62560412.522 62560413.484 62560414.535 62560415.689 62560416.958 62560418.344 62560419.840 62560421.429 62560423.094 62560424.829 62560426.646 62560428.575 62560430.649 62560432.890 62560435.285 62560437.788 62560440.317 62560442.788 62560445.128 62560447.302 62560449.304 62560451.153 62560452.867 62560454.446 62560455.870 62560457.112 62560458.154 62560459.007 62560459.715 62560460.333
62560361.033 62560360.991 62560360.966 62560360.952 62560360.948 62560360.960 62560361.001 62560361.079 62560361.199 62560361.363 62560361.565 62560361.802 62560362.073 62560362.381 62560362.730 62560363.130 62560363.587 62560364.108 62560364.697 62560365.358 62560366.096 62560366.915 62560367.820 62560368.820 62560369.924 62560371.142 62560372.476 62560373.924 62560375.475 62560377.109 62560378.814 62560380.586 62560382.436 62560384.389 62560386.470 62560388.689 62560391.032 62560393.454 62560395.896 62560398.294 62560400.604 62560402.803 62560404.888 62560406.859 62560408.700 62560410.374 62560411.831 62560413.031 62560413.963 62560414.663 62560415.207 62560415.683
62560316.609 62560316.584 62560316.578 62560316.585 62560316.600 62560316.629 62560316.679 62560316.758 62560316.869 62560317.010 62560317.179 62560317.374 62560317.596 62560317.853 62560318.156 62560318.516 62560318.943 62560319.443 62560320.022 62560320.683 62560321.430 62560322.270 62560323.210 62560324.259 62560325.422 62560326.704 62560328.102 62560329.606 62560331.199 62560332.864 62560334.590 62560336.375 62560338.234 62560340.190 62560342.261 62560344.455 62560346.751 62560349.111 62560351.485 62560353.826 62560356.106 62560358.314 62560360.446 62560362.488 62560364.401 62560366.121 62560367.577 62560368.719 62560369.545 62560370.110 62560370.513 62560370.867
62560272.233 62560272.232 62560272.253 62560272.286 62560272.324 62560272.370 62560272.425 62560272.495 62560272.583 62560272.688 62560272.809 62560272.950 62560273.117 62560273.323 62560273.584 62560273.914 62560274.324 62560274.819 62560275.404 62560276.082 62560276.855 62560277.729 62560278.713 62560279.811 62560281.030 62560282.368 62560283.817 62560285.362 62560286.983 62560288.664 62560290.394 62560292.177 62560294.029 62560295.974 62560298.032 62560300.203 62560302.469 62560304.788 62560307.116 62560309.411 62560311.655 62560313.841 62560315.966 62560318.012 62560319.927 62560321.637 62560323.057 62560324.134 62560324.869 62560325.327 62560325.622 62560325.880
62560227.895 62560227.923 62560227.973 62560228.035 62560228.097 62560228.155 62560228.208 62560228.259 62560228.310 62560228.365 62560228.428 62560228.509 62560228.623 62560228.788 62560229.021 62560229.338 62560229.749 62560230.258 62560230.867 62560231.576 62560232.386 62560233.302 62560234.330 62560235.474 62560236.736 62560238.114 62560239.596 62560241.166 62560242.804 62560244.492 62560246.222 62560248.000 62560249.843 62560251.776 62560253.820 62560255.976 62560258.221 62560260.513 62560262.804 62560265.054 62560267.243 62560269.370 62560271.436 62560273.423 62560275.283 62560276.940 62560278.308 62560279.331 62560280.004 62560280.396 62560280.621 62560280.808
62560183.581 62560183.633 62560183.710 62560183.797 62560183.877 62560183.942 62560183.987 62560184.011 62560184.018 62560184.018 62560184.024 62560184.052 62560184.125 62560184.264 62560184.489 62560184.814 62560185.244 62560185.781 62560186.425 62560187.172 62560188.024 62560188.982 62560190.050 62560191.230 62560192.522 62560193.923 62560195.422 62560197.005 62560198.654 62560200.351 62560202.088 62560203.869 62560205.711 62560207.639 62560209.673 62560211.813 62560214.037 62560216.300 62560218.549 62560220.741 62560222.855 62560224.891 62560226.857 62560228.745 62560230.520 62560232.110 62560233.434 62560234.429 62560235.083 62560235.451 62560235.640 62560235.777
62560139.269 62560139.337 62560139.431 62560139.533 62560139.624 62560139.691 62560139.724 62560139.721 62560139.690 62560139.644 62560139.603 62560139.595 62560139.646 62560139.782 62560140.019 62560140.366 62560140.827 62560141.399 62560142.078 62560142.863 62560143.754 62560144.750 62560145.853 62560147.062 62560148.374 62560149.787 62560151.293 62560152.883 62560154.541 62560156.253 62560158.008 62560159.805 62560161.659 62560163.589 62560165.613 62560167.733 62560169.925 62560172.144 62560174.336 62560176.453 62560178.473 62560180.400 62560182.249 62560184.027 62560185.712 62560187.244 62560188.546 62560189.546 62560190.219 62560190.599 62560190.779 62560190.878
62560094.943 62560095.015 62560095.112 62560095.217 62560095.311 62560095.376 62560095.400 62560095.381 62560095.325 62560095.250 62560095.185 62560095.162 62560095.213 62560095.364 62560095.627 62560096.008 62560096.502 62560097.106 62560097.815 62560098.631 62560099.554 62560100.585 62560101.720 62560102.956 62560104.285 62560105.706 62560107.215 62560108.808 62560110.476 62560112.206 62560113.986 62560115.810 62560117.683 62560119.618 62560121.629 62560123.717 62560125.861 62560128.019 62560130.137 62560132.167 62560134.087 62560135.903 62560137.639 62560139.314 62560140.920 62560142.410 62560143.706 62560144.733 62560145.447 62560145.861 62560146.048 62560146.115
62560050.599 62560050.662 62560050.749 62560050.846 62560050.936 62560050.999 62560051.022 62560050.999 62560050.937 62560050.856 62560050.789 62560050.771 62560050.840 62560051.018 62560051.316 62560051.733 62560052.259 62560052.890 62560053.623 62560054.462 62560055.413 62560056.476 62560057.644 62560058.908 62560060.257 62560061.686 62560063.195 62560064.787 62560066.461 62560068.206 62560070.011 62560071.861 62560073.752 62560075.688 62560077.677 62560079.721 62560081.804 62560083.887 62560085.922 62560087.863 62560089.689 62560091.407 62560093.044 62560094.631 62560096.168 62560097.620 62560098.913 62560099.966 62560100.721 62560101.173 62560101.377 62560101.427
62560006.247 62560006.292 62560006.361 62560006.442 62560006.523 62560006.586 62560006.616 62560006.603 62560006.552 62560006.483 62560006.429 62560006.431 62560006.527 62560006.740 62560007.076 62560007.529 62560008.086 62560008.741 62560009.493 62560010.353 62560011.330 62560012.424 62560013.626 62560014.920 62560016.290 62560017.726 62560019.233 62560020.819 62560022.490 62560024.241 62560026.060 62560027.926 62560029.825 62560031.751 62560033.707 62560035.697 62560037.708 62560039.711 62560041.664 62560043.524 62560045.270 62560046.907 62560048.465 62560049.974 62560051.446 62560052.850 62560054.122 62560055.181 62560055.963 62560056.451 62560056.685 62560056.748
62559961.904 62559961.930 62559961.975 62559962.038 62559962.109 62559962.173 62559962.216 62559962.223 62559962.195 62559962.148 62559962.117 62559962.146 62559962.272 62559962.522 62559962.897 62559963.388 62559963.979 62559964.659 62559965.434 62559966.316 62559967.317 62559968.440 62559969.674 62559970.994 62559972.380 62559973.820 62559975.319 62559976.891 62559978.549 62559980.295 62559982.113 62559983.980 62559985.870 62559987.772 62559989.684 62559991.609 62559993.544 62559995.468 62559997.344 62559999.136 62560000.818 62560002.394 62560003.888 62560005.329 62560006.731 62560008.074 62560009.302 62560010.343 62560011.136 62560011.662 62560011.951 62560012.072
62559917.591 62559917.598 62559917.622 62559917.666 62559917.727 62559917.796 62559917.855 62559917.887 62559917.887 62559917.868 62559917.864 62559917.920 62559918.079 62559918.365 62559918.782 62559919.315 62559919.944 62559920.657 62559921.459 62559922.364 62559923.388 62559924.534 62559925.789 62559927.125 62559928.517 62559929.953 62559931.437 62559932.989 62559934.627 62559936.356 62559938.160 62559940.010 62559941.876 62559943.738 62559945.593 62559947.447 62559949.303 62559951.149 62559952.956 62559954.690 62559956.325 62559957.855 62559959.300 62559960.683 62559962.020 62559963.297 62559964.471 62559965.483 62559966.284 62559966.859 62559967.233 62559967.462
62559873.318 62559873.311 62559873.318 62559873.347 62559873.403 62559873.477 62559873.553 62559873.611 62559873.640 62559873.651 62559873.677 62559873.764 62559873.957 62559874.282 62559874.742 62559875.320 62559875.991 62559876.742 62559877.574 62559878.503 62559879.545 62559880.704 62559881.967 62559883.304 62559884.689 62559886.110 62559887.573 62559889.101 62559890.714 62559892.419 62559894.198 62559896.018 62559897.843 62559899.651 62559901.438 62559903.213 62559904.988 62559906.759 62559908.502 62559910.187 62559911.785 62559913.286 62559914.698 62559916.042 62559917.332 62559918.558 62559919.691 62559920.686 62559921.509 62559922.151 62559922.636 62559923.009
62559829.092 62559829.076 62559829.072 62559829.092 62559829.143 62559829.224 62559829.317 62559829.400 62559829.459 62559829.503 62559829.563 62559829.685 62559829.916 62559830.282 62559830.787 62559831.409 62559832.123 62559832.910 62559833.771 62559834.720 62559835.773 62559836.935 62559838.192 62559839.517 62559840.884 62559842.282 62559843.719 62559845.220 62559846.806 62559848.480 62559850.224 62559852.000 62559853.770 62559855.511 62559857.222 62559858.917 62559860.613 62559862.312 62559863.999 62559865.641 62559867.212 62559868.695 62559870.095 62559871.426 62559872.699 62559873.909 62559875.034 62559876.041 62559876.909 62559877.636 62559878.244 62559878.767
