Code/MATLAB/Matlab_old/02 Fill Missing Data/data_grav_rasters/EIGEN-6C4_geoid.asc
ncols         159
nrows         172
xllcorner     32.4820794100
yllcorner     29.1707288100
cellsize      0.0259688
nodata_value  999
[rows 64 to 95 of 172, columns 0 to 70 of 159]
16.897 16.886 16.877 16.868 16.859 16.850 16.841 16.831 16.819 16.807 16.794 16.782 16.771 16.761 16.754 16.748 16.745 16.745 16.748 16.754 16.761 16.770 16.778 16.786 16.793 16.801 16.808 16.815 16.821 16.826 16.829 16.832 16.837 16.843 16.853 16.866 16.879 16.890 16.899 16.905 16.909 16.910 16.910 16.908 16.904 16.895 16.883 16.868 16.852 16.839 16.828 16.821 16.817 16.814 16.813 16.814 16.817 16.825 16.837 16.855 16.877 16.905 16.938 16.978 17.025 17.080 17.143 17.214 17.291 17.375 17.462
16.984 16.965 16.949 16.933 16.919 16.904 16.888 16.872 16.855 16.839 16.823 16.810 16.798 16.789 16.782 16.776 16.774 16.774 16.778 16.784 16.793 16.803 16.812 16.821 16.829 16.836 16.844 16.852 16.859 16.865 16.870 16.875 16.881 16.889 16.899 16.912 16.925 16.936 16.943 16.948 16.951 16.953 16.953 16.953 16.949 16.941 16.928 16.913 16.898 16.885 16.876 16.870 16.866 16.864 16.862 16.862 16.865 16.874 16.887 16.905 16.927 16.953 16.984 17.020 17.064 17.117 17.178 17.247 17.322 17.401 17.483
17.076 17.050 17.027 17.005 16.983 16.961 16.939 16.916 16.893 16.872 16.853 16.837 16.826 16.817 16.810 16.806 16.804 16.806 16.811 16.819 16.829 16.840 16.851 16.860 16.868 16.875 16.883 16.892 16.900 16.908 16.915 16.921 16.928 16.938 16.949 16.962 16.974 16.984 16.990 16.994 16.996 16.998 17.000 17.000 16.997 16.989 16.976 16.960 16.945 16.932 16.924 16.918 16.915 16.912 16.910 16.910 16.913 16.922 16.937 16.955 16.977 17.002 17.029 17.063 17.104 17.155 17.215 17.282 17.353 17.426 17.502
17.171 17.140 17.110 17.081 17.053 17.025 16.996 16.966 16.937 16.910 16.887 16.870 16.857 16.848 16.842 16.839 16.839 16.841 16.848 16.858 16.870 16.883 16.894 16.903 16.911 16.918 16.926 16.935 16.944 16.954 16.962 16.971 16.980 16.991 17.003 17.016 17.027 17.035 17.040 17.043 17.046 17.048 17.051 17.051 17.048 17.039 17.025 17.009 16.993 16.981 16.972 16.967 16.963 16.960 16.958 16.957 16.961 16.971 16.986 17.005 17.026 17.049 17.074 17.105 17.144 17.193 17.251 17.315 17.382 17.450 17.518
17.265 17.230 17.195 17.162 17.129 17.095 17.060 17.025 16.990 16.958 16.931 16.910 16.896 16.886 16.881 16.878 16.879 16.884 16.892 16.904 16.918 16.931 16.942 16.951 16.958 16.965 16.972 16.982 16.992 17.002 17.013 17.023 17.034 17.046 17.060 17.072 17.083 17.090 17.094 17.096 17.098 17.100 17.103 17.104 17.101 17.092 17.077 17.060 17.044 17.031 17.023 17.017 17.013 17.009 17.006 17.005 17.009 17.019 17.035 17.053 17.073 17.093 17.115 17.143 17.180 17.227 17.283 17.344 17.407 17.469 17.530
17.354 17.317 17.280 17.243 17.207 17.170 17.132 17.093 17.055 17.018 16.987 16.963 16.946 16.935 16.929 16.927 16.928 16.934 16.944 16.958 16.972 16.986 16.997 17.005 17.011 17.016 17.023 17.032 17.043 17.054 17.066 17.077 17.090 17.103 17.117 17.130 17.140 17.146 17.149 17.150 17.151 17.153 17.156 17.157 17.155 17.146 17.132 17.115 17.099 17.086 17.078 17.071 17.066 17.061 17.056 17.055 17.058 17.068 17.082 17.099 17.117 17.134 17.153 17.178 17.212 17.256 17.309 17.367 17.425 17.482 17.538
17.433 17.396 17.358 17.321 17.285 17.248 17.209 17.169 17.128 17.089 17.055 17.027 17.008 16.995 16.988 16.986 16.988 16.995 17.006 17.020 17.034 17.047 17.057 17.064 17.069 17.073 17.079 17.088 17.098 17.110 17.121 17.133 17.146 17.159 17.173 17.186 17.196 17.202 17.204 17.204 17.204 17.206 17.208 17.210 17.208 17.201 17.189 17.174 17.159 17.147 17.137 17.130 17.123 17.116 17.109 17.105 17.107 17.115 17.128 17.142 17.157 17.171 17.187 17.208 17.238 17.279 17.328 17.381 17.435 17.488 17.541
17.500 17.464 17.427 17.391 17.357 17.322 17.285 17.246 17.205 17.166 17.130 17.102 17.080 17.066 17.058 17.056 17.058 17.065 17.076 17.089 17.103 17.115 17.123 17.128 17.131 17.135 17.140 17.148 17.158 17.168 17.179 17.189 17.201 17.214 17.228 17.241 17.251 17.257 17.258 17.257 17.257 17.258 17.261 17.264 17.264 17.259 17.249 17.236 17.223 17.211 17.201 17.192 17.182 17.172 17.163 17.157 17.156 17.162 17.172 17.183 17.194 17.204 17.216 17.233 17.260 17.296 17.340 17.389 17.439 17.488 17.539
17.554 17.519 17.484 17.452 17.420 17.389 17.356 17.320 17.281 17.243 17.209 17.181 17.160 17.146 17.138 17.135 17.137 17.143 17.152 17.164 17.176 17.186 17.192 17.196 17.198 17.201 17.205 17.212 17.220 17.229 17.238 17.246 17.256 17.267 17.281 17.293 17.303 17.309 17.311 17.311 17.310 17.312 17.315 17.319 17.321 17.319 17.312 17.302 17.290 17.278 17.266 17.255 17.243 17.230 17.217 17.209 17.205 17.207 17.213 17.221 17.227 17.233 17.241 17.255 17.277 17.308 17.347 17.391 17.437 17.484 17.533
17.595 17.562 17.530 17.501 17.473 17.446 17.417 17.385 17.350 17.316 17.285 17.260 17.241 17.229 17.222 17.219 17.220 17.225 17.232 17.242 17.251 17.259 17.263 17.265 17.266 17.268 17.272 17.278 17.285 17.291 17.297 17.303 17.310 17.319 17.331 17.343 17.354 17.361 17.363 17.364 17.365 17.368 17.373 17.378 17.382 17.382 17.377 17.368 17.357 17.344 17.331 17.317 17.302 17.286 17.272 17.260 17.253 17.251 17.253 17.255 17.257 17.259 17.263 17.272 17.290 17.317 17.351 17.390 17.432 17.477 17.526
17.624 17.593 17.564 17.539 17.515 17.492 17.467 17.439 17.410 17.381 17.355 17.335 17.320 17.311 17.306 17.303 17.303 17.306 17.311 17.318 17.325 17.330 17.333 17.334 17.334 17.335 17.338 17.343 17.348 17.352 17.355 17.358 17.362 17.369 17.379 17.391 17.402 17.409 17.414 17.417 17.420 17.425 17.432 17.439 17.445 17.447 17.443 17.434 17.422 17.408 17.393 17.377 17.360 17.343 17.326 17.312 17.301 17.295 17.290 17.287 17.283 17.279 17.279 17.285 17.299 17.321 17.351 17.386 17.425 17.469 17.519
17.643 17.615 17.589 17.567 17.547 17.527 17.506 17.483 17.459 17.436 17.416 17.402 17.393 17.387 17.384 17.382 17.381 17.382 17.385 17.390 17.394 17.398 17.399 17.399 17.399 17.399 17.401 17.405 17.408 17.410 17.410 17.410 17.412 17.417 17.426 17.436 17.447 17.455 17.462 17.467 17.473 17.481 17.491 17.500 17.507 17.509 17.505 17.496 17.483 17.469 17.452 17.435 17.417 17.398 17.379 17.362 17.348 17.336 17.325 17.314 17.304 17.295 17.290 17.292 17.302 17.321 17.348 17.380 17.418 17.462 17.513
17.654 17.628 17.605 17.585 17.568 17.552 17.534 17.516 17.497 17.481 17.468 17.460 17.455 17.453 17.452 17.451 17.450 17.450 17.451 17.454 17.458 17.460 17.461 17.460 17.459 17.458 17.459 17.461 17.462 17.462 17.460 17.459 17.459 17.462 17.469 17.478 17.488 17.497 17.505 17.513 17.522 17.534 17.546 17.557 17.565 17.567 17.563 17.553 17.540 17.524 17.508 17.490 17.470 17.450 17.429 17.409 17.391 17.373 17.356 17.338 17.320 17.305 17.295 17.293 17.301 17.318 17.343 17.375 17.413 17.458 17.511
17.658 17.633 17.613 17.595 17.581 17.567 17.553 17.540 17.527 17.516 17.509 17.507 17.506 17.507 17.508 17.507 17.507 17.507 17.508 17.511 17.515 17.517 17.517 17.515 17.513 17.511 17.511 17.510 17.510 17.508 17.504 17.501 17.500 17.502 17.508 17.516 17.525 17.534 17.544 17.554 17.566 17.580 17.594 17.607 17.615 17.617 17.612 17.602 17.589 17.574 17.557 17.539 17.518 17.496 17.473 17.450 17.427 17.403 17.380 17.355 17.331 17.310 17.296 17.291 17.297 17.314 17.339 17.372 17.411 17.458 17.513
17.655 17.632 17.613 17.598 17.586 17.575 17.565 17.556 17.548 17.543 17.541 17.542 17.545 17.548 17.550 17.551 17.552 17.554 17.557 17.560 17.564 17.566 17.566 17.563 17.560 17.557 17.555 17.552 17.550 17.546 17.541 17.537 17.535 17.536 17.540 17.548 17.556 17.565 17.575 17.587 17.601 17.617 17.632 17.645 17.653 17.655 17.650 17.641 17.628 17.614 17.598 17.579 17.557 17.532 17.506 17.479 17.452 17.424 17.395 17.366 17.337 17.312 17.295 17.289 17.294 17.311 17.337 17.372 17.414 17.463 17.520
17.647 17.626 17.608 17.595 17.584 17.576 17.570 17.565 17.562 17.561 17.563 17.567 17.572 17.577 17.581 17.585 17.588 17.592 17.596 17.601 17.605 17.606 17.605 17.602 17.598 17.594 17.590 17.586 17.581 17.575 17.569 17.563 17.560 17.560 17.564 17.570 17.578 17.588 17.598 17.611 17.626 17.643 17.658 17.671 17.678 17.678 17.674 17.665 17.655 17.642 17.626 17.606 17.582 17.554 17.524 17.493 17.463 17.433 17.402 17.370 17.340 17.313 17.295 17.288 17.294 17.313 17.341 17.378 17.422 17.472 17.530
17.636 17.616 17.600 17.587 17.579 17.573 17.570 17.569 17.569 17.572 17.577 17.583 17.590 17.597 17.604 17.609 17.615 17.621 17.627 17.632 17.635 17.636 17.634 17.630 17.625 17.620 17.616 17.610 17.603 17.595 17.586 17.579 17.574 17.574 17.577 17.582 17.590 17.599 17.610 17.623 17.638 17.655 17.670 17.681 17.686 17.686 17.682 17.675 17.666 17.654 17.639 17.618 17.591 17.559 17.526 17.492 17.461 17.430 17.400 17.369 17.339 17.313 17.296 17.290 17.299 17.320 17.351 17.389 17.434 17.484 17.540
17.622 17.603 17.589 17.578 17.571 17.568 17.567 17.568 17.572 17.577 17.584 17.592 17.601 17.610 17.619 17.627 17.635 17.643 17.649 17.653 17.654 17.653 17.649 17.644 17.639 17.634 17.629 17.622 17.614 17.603 17.593 17.584 17.577 17.575 17.577 17.581 17.588 17.596 17.606 17.619 17.635 17.650 17.664 17.674 17.678 17.678 17.674 17.668 17.661 17.650 17.635 17.613 17.584 17.549 17.513 17.479 17.447 17.419 17.391 17.363 17.336 17.313 17.298 17.296 17.307 17.331 17.365 17.405 17.449 17.497 17.549
17.604 17.588 17.575 17.566 17.561 17.559 17.561 17.564 17.569 17.577 17.585 17.595 17.606 17.617 17.628 17.638 17.647 17.654 17.659 17.661 17.659 17.656 17.650 17.645 17.640 17.636 17.630 17.623 17.613 17.601 17.589 17.578 17.570 17.566 17.565 17.568 17.572 17.578 17.587 17.599 17.614 17.629 17.641 17.650 17.653 17.653 17.649 17.645 17.639 17.631 17.616 17.593 17.563 17.527 17.490 17.456 17.427 17.401 17.377 17.354 17.331 17.312 17.301 17.302 17.317 17.344 17.380 17.421 17.464 17.509 17.557
17.580 17.567 17.556 17.549 17.546 17.547 17.549 17.555 17.562 17.572 17.583 17.595 17.608 17.620 17.632 17.642 17.650 17.655 17.657 17.656 17.652 17.646 17.640 17.634 17.630 17.626 17.620 17.613 17.602 17.589 17.575 17.562 17.553 17.547 17.544 17.543 17.543 17.547 17.553 17.563 17.576 17.590 17.603 17.611 17.615 17.614 17.612 17.609 17.604 17.597 17.583 17.561 17.531 17.495 17.460 17.428 17.401 17.379 17.360 17.341 17.323 17.308 17.301 17.306 17.325 17.356 17.395 17.436 17.478 17.520 17.564
17.550 17.539 17.531 17.526 17.525 17.527 17.532 17.540 17.550 17.562 17.576 17.591 17.605 17.618 17.628 17.636 17.641 17.643 17.642 17.638 17.632 17.626 17.620 17.615 17.611 17.607 17.601 17.592 17.581 17.567 17.552 17.539 17.528 17.520 17.513 17.508 17.505 17.504 17.507 17.515 17.527 17.540 17.553 17.562 17.566 17.566 17.564 17.562 17.559 17.552 17.540 17.519 17.491 17.458 17.425 17.395 17.372 17.354 17.339 17.324 17.310 17.300 17.298 17.308 17.332 17.366 17.407 17.449 17.490 17.530 17.571
17.511 17.503 17.498 17.496 17.497 17.501 17.509 17.519 17.533 17.548 17.565 17.582 17.597 17.609 17.617 17.621 17.622 17.620 17.615 17.610 17.604 17.598 17.593 17.589 17.585 17.580 17.573 17.563 17.550 17.535 17.521 17.507 17.495 17.485 17.476 17.467 17.459 17.454 17.454 17.459 17.470 17.483 17.496 17.506 17.512 17.513 17.512 17.510 17.506 17.500 17.489 17.470 17.445 17.416 17.386 17.361 17.341 17.326 17.314 17.304 17.294 17.290 17.293 17.309 17.337 17.375 17.418 17.462 17.502 17.541 17.580
17.467 17.462 17.459 17.459 17.463 17.469 17.479 17.492 17.509 17.528 17.548 17.566 17.581 17.591 17.596 17.595 17.592 17.586 17.579 17.573 17.568 17.563 17.560 17.556 17.551 17.545 17.535 17.524 17.509 17.494 17.480 17.466 17.454 17.443 17.431 17.419 17.408 17.400 17.397 17.401 17.411 17.425 17.439 17.451 17.457 17.459 17.458 17.456 17.452 17.446 17.436 17.420 17.398 17.372 17.347 17.326 17.310 17.298 17.290 17.283 17.280 17.281 17.291 17.312 17.344 17.385 17.430 17.474 17.514 17.552 17.591
17.422 17.419 17.419 17.421 17.425 17.433 17.445 17.460 17.480 17.501 17.522 17.541 17.555 17.562 17.564 17.560 17.553 17.545 17.537 17.531 17.526 17.522 17.519 17.514 17.508 17.499 17.488 17.474 17.459 17.444 17.430 17.417 17.404 17.392 17.379 17.366 17.353 17.344 17.340 17.344 17.354 17.369 17.385 17.397 17.405 17.408 17.408 17.405 17.401 17.394 17.385 17.371 17.353 17.332 17.312 17.294 17.282 17.274 17.269 17.268 17.270 17.278 17.295 17.321 17.356 17.398 17.443 17.486 17.526 17.563 17.601
17.378 17.379 17.380 17.383 17.387 17.395 17.407 17.424 17.444 17.466 17.487 17.504 17.516 17.522 17.521 17.516 17.508 17.499 17.491 17.484 17.478 17.474 17.469 17.462 17.454 17.444 17.431 17.417 17.402 17.387 17.373 17.360 17.348 17.335 17.322 17.309 17.297 17.289 17.287 17.291 17.302 17.318 17.334 17.348 17.357 17.362 17.362 17.360 17.356 17.350 17.342 17.330 17.316 17.300 17.284 17.271 17.262 17.258 17.258 17.262 17.271 17.285 17.307 17.337 17.374 17.415 17.457 17.498 17.535 17.571 17.609
17.337 17.341 17.344 17.346 17.350 17.356 17.368 17.383 17.402 17.422 17.440 17.455 17.465 17.470 17.470 17.466 17.459 17.452 17.444 17.436 17.428 17.420 17.411 17.402 17.392 17.380 17.368 17.355 17.342 17.328 17.315 17.302 17.290 17.278 17.265 17.254 17.244 17.239 17.238 17.244 17.256 17.272 17.289 17.304 17.315 17.321 17.323 17.323 17.320 17.316 17.310 17.302 17.291 17.280 17.269 17.260 17.255 17.254 17.258 17.267 17.282 17.302 17.328 17.360 17.396 17.434 17.471 17.507 17.542 17.576 17.613
17.296 17.302 17.305 17.307 17.309 17.315 17.324 17.338 17.354 17.370 17.384 17.395 17.403 17.409 17.411 17.412 17.411 17.407 17.400 17.390 17.378 17.365 17.352 17.339 17.327 17.317 17.307 17.297 17.287 17.276 17.264 17.252 17.240 17.228 17.216 17.207 17.200 17.198 17.199 17.207 17.219 17.234 17.250 17.266 17.279 17.288 17.293 17.296 17.296 17.295 17.291 17.286 17.280 17.273 17.266 17.261 17.259 17.262 17.270 17.284 17.302 17.326 17.354 17.386 17.419 17.452 17.483 17.514 17.544 17.576 17.612
17.251 17.258 17.261 17.261 17.263 17.268 17.277 17.289 17.301 17.312 17.322 17.329 17.336 17.343 17.351 17.359 17.365 17.367 17.362 17.351 17.335 17.316 17.297 17.282 17.270 17.262 17.256 17.252 17.246 17.238 17.229 17.217 17.205 17.193 17.183 17.176 17.171 17.171 17.174 17.181 17.192 17.206 17.222 17.238 17.253 17.264 17.274 17.280 17.283 17.285 17.285 17.283 17.280 17.277 17.274 17.272 17.274 17.280 17.291 17.307 17.328 17.353 17.381 17.410 17.438 17.466 17.492 17.517 17.544 17.574 17.609
17.198 17.204 17.206 17.206 17.209 17.216 17.226 17.238 17.248 17.255 17.260 17.264 17.270 17.281 17.295 17.312 17.326 17.334 17.332 17.321 17.302 17.279 17.257 17.240 17.229 17.224 17.224 17.224 17.223 17.219 17.211 17.201 17.189 17.178 17.169 17.163 17.161 17.161 17.165 17.171 17.181 17.193 17.207 17.223 17.239 17.253 17.264 17.273 17.280 17.284 17.286 17.287 17.287 17.286 17.287 17.288 17.293 17.301 17.314 17.331 17.353 17.378 17.404 17.429 17.454 17.476 17.498 17.519 17.543 17.571 17.605
17.137 17.141 17.142 17.144 17.150 17.161 17.175 17.189 17.199 17.205 17.206 17.208 17.214 17.228 17.248 17.272 17.294 17.308 17.311 17.301 17.282 17.258 17.236 17.219 17.210 17.209 17.212 17.217 17.219 17.218 17.212 17.203 17.193 17.183 17.175 17.170 17.168 17.168 17.171 17.177 17.185 17.195 17.208 17.223 17.239 17.253 17.266 17.276 17.283 17.288 17.292 17.294 17.296 17.298 17.301 17.306 17.312 17.323 17.337 17.355 17.376 17.399 17.422 17.444 17.464 17.483 17.501 17.521 17.543 17.570 17.602
17.073 17.075 17.076 17.081 17.092 17.109 17.128 17.147 17.159 17.165 17.166 17.166 17.173 17.188 17.212 17.242 17.269 17.289 17.296 17.290 17.274 17.253 17.233 17.219 17.213 17.214 17.220 17.226 17.230 17.230 17.226 17.219 17.210 17.202 17.195 17.191 17.189 17.189 17.192 17.196 17.203 17.213 17.225 17.238 17.252 17.265 17.277 17.286 17.292 17.297 17.301 17.305 17.308 17.312 17.317 17.323 17.332 17.344 17.359 17.377 17.396 17.416 17.436 17.454 17.471 17.488 17.505 17.523 17.545 17.571 17.602
17.014 17.016 17.018 17.027 17.043 17.066 17.091 17.114 17.130 17.138 17.139 17.140 17.147 17.164 17.190 17.221 17.251 17.274 17.285 17.284 17.274 17.259 17.245 17.236 17.233 17.236 17.241 17.247 17.251 17.252 17.249 17.244 17.237 17.230 17.225 17.221 17.219 17.219 17.222 17.227 17.234 17.243 17.254 17.266 17.277 17.287 17.295 17.302 17.307 17.311 17.315 17.319 17.323 17.328 17.334 17.342 17.353 17.366 17.381 17.398 17.415 17.432 17.448 17.462 17.476 17.491 17.508 17.526 17.548 17.574 17.605
