Code/MATLAB/Matlab_old/02 Fill Missing Data/data_grav_rasters/EIGEN-6C4_gravity_earth.asc
ncols         159
nrows         172
xllcorner     32.4820794100
yllcorner     29.1707288100
cellsize      0.0259688
nodata_value  9999999
[rows 125 to 149 of 172, columns 0 to 56 of 159]
979336.520 979330.678 979321.741 979317.409 979311.843 979309.345 979305.471 979303.564 979300.860 979300.282 979299.682 979295.790 979293.876 979292.195 979288.159 979283.655 979282.514 979268.112 979263.190 979261.222 979262.930 979262.908 979252.905 979238.231 979248.325 979259.104 979260.794 979261.890 979258.721 979256.072 979257.649 979256.924 979251.351 979232.821 979221.501 979224.816 979216.812 979203.516 979191.937 979158.245 979155.602 979143.976 979198.902 979233.803 979255.124 979262.882 979267.487 979269.445 979270.467 979269.778 979268.464 979263.816 979262.886 979263.757 979263.883 979264.245 979266.151
979334.030 979333.736 979326.771 979319.500 979309.528 979304.410 979303.276 979298.575 979294.336 979294.771 979291.575 979289.947 979287.434 979285.479 979281.892 979276.911 979267.670 979260.394 979251.881 979241.300 979247.813 979252.988 979237.968 979210.425 979223.825 979249.421 979253.732 979254.602 979256.027 979256.298 979254.454 979250.882 979240.412 979226.395 979224.160 979230.877 979222.181 979206.844 979196.343 979169.505 979154.349 979170.140 979222.476 979251.059 979256.202 979260.863 979264.019 979259.021 979258.176 979262.028 979262.584 979263.157 979263.043 979263.076 979258.262 979255.130 979255.237
979326.396 979326.174 979324.792 979321.155 979312.233 979302.779 979300.706 979292.163 979286.734 979286.673 979286.274 979282.806 979280.116 979275.635 979271.687 979266.787 979265.928 979260.133 979253.624 979243.439 979242.620 979239.874 979218.899 979200.949 979201.707 979229.892 979243.487 979247.071 979250.291 979251.966 979249.499 979246.662 979243.779 979238.488 979237.700 979233.432 979227.347 979227.959 979221.073 979206.559 979220.501 979238.853 979250.037 979252.565 979255.077 979255.901 979251.335 979240.428 979243.739 979252.759 979253.702 979260.831 979263.560 979261.638 979260.893 979259.907 979254.014
979322.910 979323.142 979321.700 979320.173 979314.516 979305.537 979300.263 979293.103 979288.268 979283.126 979279.977 979279.715 979273.822 979269.423 979263.001 979249.360 979247.088 979252.300 979249.104 979238.834 979226.636 979229.937 979230.112 979219.183 979198.594 979203.203 979233.061 979240.250 979244.375 979245.671 979245.101 979243.609 979240.672 979237.207 979231.131 979215.883 979215.899 979209.457 979193.004 979210.612 979227.395 979243.695 979246.376 979247.360 979248.986 979244.745 979235.620 979238.040 979247.762 979253.355 979252.439 979253.333 979255.563 979251.762 979252.216 979256.926 979251.735
979319.965 979319.294 979319.961 979316.690 979311.421 979305.534 979298.216 979290.974 979286.535 979283.554 979279.895 979275.847 979268.430 979262.794 979257.005 979245.788 979235.795 979241.523 979236.213 979223.784 979206.349 979209.618 979206.903 979201.594 979197.243 979205.539 979219.079 979219.968 979232.806 979237.899 979239.018 979239.778 979238.402 979233.800 979225.314 979221.510 979224.693 979206.777 979200.425 979219.777 979237.597 979243.816 979243.072 979243.679 979246.182 979248.541 979249.588 979252.716 979256.068 979257.288 979255.905 979254.548 979252.751 979251.866 979252.491 979244.803 979235.051
979315.475 979314.061 979315.049 979314.824 979308.575 979304.552 979295.550 979286.955 979279.531 979278.308 979276.431 979271.862 979264.700 979260.022 979254.967 979246.256 979236.805 979230.490 979228.415 979202.595 979190.851 979191.999 979194.401 979185.166 979178.567 979170.535 979186.315 979199.576 979212.311 979228.078 979231.307 979233.865 979235.422 979235.078 979234.234 979233.004 979228.730 979223.130 979223.253 979231.573 979237.462 979240.979 979241.809 979243.651 979246.099 979249.384 979252.375 979255.420 979257.480 979257.087 979255.551 979252.882 979251.398 979251.542 979251.745 979250.312 979249.286
979312.610 979310.459 979309.946 979309.732 979305.853 979300.838 979294.755 979286.108 979281.417 979277.260 979272.261 979268.402 979263.017 979259.951 979254.446 979248.205 979239.486 979231.293 979234.161 979200.972 979196.662 979193.144 979206.244 979202.428 979192.433 979182.698 979194.052 979211.940 979219.987 979224.338 979227.217 979229.269 979232.041 979233.416 979234.900 979233.153 979233.071 979233.614 979231.905 979232.652 979235.769 979237.921 979240.167 979242.761 979245.804 979248.923 979251.205 979252.278 979253.469 979253.459 979252.388 979250.273 979248.492 979248.368 979248.752 979248.324 979249.415
979308.394 979306.021 979304.729 979304.047 979301.574 979298.260 979293.607 979287.612 979281.101 979274.596 979268.174 979260.731 979254.612 979251.104 979247.720 979245.589 979243.975 979242.687 979233.970 979218.846 979203.880 979208.646 979205.993 979197.895 979191.399 979175.426 979172.827 979192.077 979214.093 979219.820 979221.508 979223.692 979224.908 979228.830 979233.644 979234.013 979233.467 979234.349 979235.148 979236.411 979236.598 979237.910 979239.584 979241.566 979243.537 979244.294 979241.670 979240.851 979247.194 979248.939 979247.551 979245.348 979244.492 979244.719 979245.271 979243.364 979240.887
979302.861 979301.044 979300.594 979300.017 979295.937 979292.607 979289.627 979287.954 979281.818 979274.872 979267.510 979261.138 979256.135 979250.212 979244.976 979236.263 979227.828 979219.649 979209.168 979199.852 979207.339 979207.371 979203.775 979199.761 979195.963 979180.359 979157.957 979185.984 979207.938 979213.222 979218.220 979222.336 979224.909 979227.581 979230.499 979232.291 979232.562 979232.759 979232.899 979233.393 979233.900 979234.925 979236.210 979237.033 979239.189 979241.035 979239.432 979240.903 979243.386 979242.365 979241.634 979241.200 979241.188 979242.634 979242.233 979239.876 979236.758
979297.893 979298.354 979295.168 979296.835 979293.541 979289.024 979287.337 979285.080 979282.937 979274.977 979270.058 979263.904 979258.331 979252.664 979244.998 979235.492 979223.424 979212.959 979198.915 979197.913 979205.784 979207.317 979203.467 979197.102 979186.539 979175.996 979163.936 979171.758 979201.001 979213.739 979216.852 979218.931 979221.033 979223.609 979226.591 979228.331 979228.703 979228.361 979228.517 979228.540 979228.862 979230.479 979230.204 979231.978 979233.572 979235.396 979237.205 979237.914 979237.308 979236.005 979236.174 979237.322 979239.160 979240.452 979239.668 979235.828 979231.768
979291.701 979294.706 979295.240 979295.239 979290.701 979286.705 979282.552 979279.855 979276.749 979273.474 979268.846 979263.665 979253.822 979250.089 979243.748 979238.491 979230.207 979221.761 979212.966 979211.174 979206.998 979198.085 979192.277 979184.884 979176.523 979166.527 979156.565 979180.518 979203.994 979211.729 979213.120 979215.173 979217.967 979220.963 979223.356 979224.292 979224.537 979223.826 979223.435 979223.297 979223.502 979223.881 979223.318 979226.563 979228.852 979229.817 979230.318 979228.644 979228.086 979232.667 979232.852 979235.790 979238.178 979237.520 979236.605 979234.022 979230.643
979285.243 979287.570 979291.331 979294.315 979291.693 979286.972 979282.243 979277.383 979273.063 979268.693 979265.045 979259.644 979253.023 979248.442 979243.599 979232.687 979226.101 979221.964 979210.688 979212.699 979201.045 979191.411 979180.488 979178.287 979175.187 979162.422 979161.305 979199.006 979207.262 979208.881 979209.500 979211.438 979214.547 979217.836 979220.299 979221.144 979220.346 979218.698 979217.165 979216.981 979217.958 979216.009 979218.554 979222.471 979222.780 979221.452 979221.324 979222.872 979225.674 979229.150 979227.590 979232.411 979234.466 979234.168 979231.876 979229.128 979226.801
979278.631 979282.102 979286.066 979290.925 979291.004 979287.745 979281.722 979275.546 979271.695 979266.042 979260.901 979255.702 979251.135 979245.878 979238.470 979226.375 979214.662 979199.752 979178.504 979191.198 979208.218 979205.354 979197.188 979186.575 979162.107 979159.065 979181.646 979197.572 979203.521 979205.378 979206.597 979209.391 979213.351 979216.198 979217.380 979218.102 979216.488 979212.619 979211.078 979210.359 979213.208 979212.980 979216.074 979217.518 979216.334 979212.393 979214.916 979221.157 979222.786 979224.041 979224.741 979226.269 979230.338 979227.254 979225.687 979222.354 979222.291
979274.971 979276.860 979281.382 979286.679 979289.023 979286.301 979281.006 979275.993 979271.171 979264.812 979257.684 979251.517 979249.354 979243.763 979235.531 979220.478 979200.521 979182.367 979186.079 979193.171 979195.297 979179.182 979145.309 979152.876 979139.441 979150.914 979172.260 979195.112 979198.535 979199.284 979202.975 979207.794 979212.816 979215.104 979214.290 979215.529 979212.990 979209.246 979207.023 979205.495 979208.174 979209.939 979211.625 979210.980 979206.573 979206.504 979214.081 979219.148 979218.338 979218.346 979217.763 979222.798 979225.169 979218.334 979215.010 979214.619 979213.308
979273.751 979273.370 979277.066 979282.764 979285.426 979284.840 979281.232 979277.164 979270.309 979269.696 979262.600 979254.367 979251.097 979243.536 979233.886 979215.124 979198.308 979186.775 979191.872 979204.341 979196.727 979155.900 979132.053 979128.971 979150.501 979173.967 979181.164 979190.356 979193.668 979196.269 979201.905 979207.635 979212.375 979214.334 979213.874 979214.097 979210.907 979206.641 979204.224 979203.927 979204.320 979206.792 979207.811 979204.180 979200.722 979206.837 979212.803 979214.235 979215.623 979214.388 979218.410 979222.379 979219.129 979210.849 979205.834 979205.961 979204.121
979276.122 979272.857 979273.892 979278.274 979281.228 979280.245 979276.558 979272.562 979267.320 979263.910 979260.427 979254.627 979247.272 979243.987 979238.863 979220.430 979201.815 979177.742 979210.197 979182.593 979153.890 979142.659 979131.235 979133.046 979163.382 979182.964 979186.604 979190.329 979193.770 979198.512 979203.359 979207.743 979211.187 979213.363 979213.818 979211.780 979207.183 979204.959 979201.915 979202.909 979203.449 979205.422 979206.515 979201.628 979199.280 979205.711 979208.697 979206.410 979209.514 979210.120 979220.447 979220.104 979215.390 979206.865 979197.094 979197.555 979200.044
979279.778 979275.034 979275.182 979276.796 979278.027 979276.185 979272.157 979268.135 979265.249 979263.435 979262.577 979258.360 979249.154 979246.457 979243.235 979226.743 979208.787 979208.083 979187.647 979170.492 979156.551 979163.431 979144.340 979139.178 979168.453 979185.593 979190.575 979193.177 979195.536 979198.938 979203.047 979205.539 979208.726 979211.425 979211.262 979207.280 979201.931 979203.304 979202.093 979203.050 979203.878 979205.115 979205.795 979200.574 979199.071 979205.202 979202.178 979195.347 979199.975 979217.108 979220.327 979217.875 979213.360 979205.506 979190.898 979189.574 979191.917
979283.384 979276.616 979274.914 979275.870 979276.023 979273.549 979268.685 979264.226 979262.225 979260.298 979257.788 979255.418 979251.327 979247.983 979243.073 979215.128 979176.447 979159.197 979165.180 979175.294 979181.401 979157.904 979141.163 979141.190 979146.672 979162.386 979187.313 979192.955 979194.682 979198.027 979200.132 979202.940 979206.515 979208.732 979208.450 979204.113 979199.375 979202.729 979201.869 979203.211 979202.873 979204.233 979204.237 979200.563 979196.153 979198.512 979201.024 979202.376 979214.172 979218.272 979216.442 979214.766 979211.777 979206.935 979195.474 979182.955 979180.722
979284.905 979278.230 979275.712 979275.388 979275.490 979273.404 979267.591 979263.307 979260.674 979257.702 979255.142 979252.332 979249.320 979245.084 979239.620 979214.560 979164.394 979153.167 979154.644 979160.180 979175.982 979162.351 979153.524 979146.318 979143.486 979173.142 979184.890 979190.787 979194.263 979195.300 979197.145 979201.013 979204.780 979206.369 979205.516 979200.001 979199.875 979202.911 979201.902 979201.427 979201.279 979203.041 979201.494 979197.456 979197.857 979203.853 979208.572 979213.537 979216.241 979213.855 979207.880 979209.931 979205.696 979205.631 979202.100 979194.152 979178.182
979284.164 979278.601 979276.110 979275.090 979274.201 979273.105 979270.726 979267.737 979261.193 979257.709 979256.488 979251.933 979247.373 979241.758 979236.900 979212.175 979162.427 979146.595 979139.655 979153.383 979158.395 979143.257 979142.830 979138.787 979146.696 979171.518 979182.274 979187.234 979190.075 979192.142 979195.166 979199.574 979203.597 979205.193 979204.202 979203.129 979203.559 979203.245 979201.858 979197.147 979198.088 979197.960 979194.464 979193.161 979200.389 979206.205 979210.886 979214.235 979212.991 979210.560 979204.525 979203.913 979198.455 979202.814 979199.084 979188.287 979168.727
979270.992 979276.231 979274.791 979274.076 979273.010 979271.465 979268.216 979264.123 979260.026 979255.767 979254.247 979249.432 979244.839 979239.779 979234.906 979216.729 979168.458 979159.669 979145.025 979145.991 979136.729 979137.599 979150.360 979154.106 979180.526 979179.646 979186.960 979189.192 979186.673 979190.272 979193.999 979199.039 979203.115 979204.917 979203.704 979202.533 979202.486 979203.134 979203.520 979198.221 979192.590 979190.188 979192.052 979199.129 979208.289 979211.127 979213.411 979213.316 979209.041 979203.434 979198.001 979196.302 979197.298 979198.330 979194.377 979180.485 979164.331
979271.343 979270.818 979271.220 979271.778 979271.480 979270.242 979264.130 979260.919 979257.309 979253.589 979250.897 979246.253 979236.802 979231.988 979232.182 979225.378 979185.216 979181.973 979163.467 979150.066 979130.525 979166.565 979189.607 979187.483 979188.220 979187.115 979187.573 979188.511 979184.606 979189.379 979192.608 979196.233 979201.672 979203.989 979203.247 979201.574 979201.401 979203.857 979204.176 979196.881 979190.231 979196.246 979202.658 979207.745 979210.697 979209.835 979212.217 979213.052 979209.249 979196.977 979191.566 979195.966 979194.519 979192.190 979188.023 979181.837 979172.766
979262.551 979263.487 979265.855 979268.091 979269.111 979268.747 979267.295 979262.672 979257.937 979254.151 979248.747 979244.707 979239.993 979237.100 979236.364 979229.377 979184.701 979179.236 979166.111 979140.540 979133.354 979185.470 979191.913 979185.258 979182.607 979176.402 979181.213 979180.874 979182.086 979184.606 979184.032 979178.664 979194.576 979199.148 979198.704 979200.015 979201.655 979204.682 979204.570 979198.424 979198.834 979204.315 979208.066 979211.239 979208.752 979205.394 979211.880 979210.871 979209.743 979202.678 979194.980 979194.607 979189.476 979188.332 979183.393 979175.608 979169.921
979254.091 979256.232 979259.827 979263.265 979265.394 979265.927 979265.348 979263.251 979259.120 979254.162 979248.555 979242.900 979238.394 979238.130 979235.100 979221.710 979179.324 979154.723 979146.118 979142.664 979196.770 979200.093 979191.481 979182.565 979170.825 979159.814 979159.762 979170.561 979177.434 979183.121 979183.964 979182.358 979190.582 979196.034 979198.499 979196.636 979200.927 979204.511 979202.441 979200.557 979202.173 979206.147 979212.230 979213.309 979205.670 979201.589 979209.526 979209.424 979207.664 979205.711 979197.687 979191.038 979188.910 979185.547 979178.665 979171.248 979164.670
979248.893 979250.842 979254.269 979257.694 979260.019 979260.902 979260.709 979260.173 979259.031 979253.415 979248.075 979244.311 979239.518 979235.392 979231.271 979221.573 979192.793 979152.384 979148.117 979193.272 979215.798 979196.206 979177.920 979166.235 979157.558 979149.165 979145.889 979151.222 979166.071 979179.681 979170.171 979130.887 979144.157 979174.172 979191.751 979192.031 979200.059 979199.561 979194.905 979198.051 979208.833 979212.016 979212.420 979213.880 979201.010 979200.915 979208.186 979205.640 979203.547 979202.755 979194.242 979189.229 979188.280 979181.058 979176.003 979168.042 979161.152
