Code/MATLAB/Matlab_old/02 Fill Missing Data/data_grav_rasters/EIGEN-6C4_geoid.asc
ncols         159
nrows         172
xllcorner     32.4820794100
yllcorner     29.1707288100
cellsize      0.0259688
nodata_value  999
[rows 32 to 63 of 172, columns 0 to 70 of 159]
16.154 16.157 16.161 16.166 16.171 16.177 16.182 16.187 16.191 16.195 16.199 16.204 16.209 16.213 16.217 16.218 16.218 16.219 16.220 16.224 16.230 16.237 16.246 16.254 16.261 16.269 16.279 16.291 16.305 16.321 16.337 16.351 16.363 16.373 16.379 16.384 16.385 16.383 16.377 16.367 16.352 16.334 16.315 16.296 16.277 16.259 16.239 16.220 16.200 16.182 16.167 16.155 16.147 16.142 16.138 16.135 16.133 16.133 16.136 16.144 16.156 16.174 16.197 16.225 16.256 16.292 16.332 16.377 16.427 16.483 16.545
16.173 16.177 16.183 16.189 16.196 16.203 16.211 16.217 16.223 16.228 16.233 16.239 16.245 16.250 16.255 16.257 16.258 16.258 16.259 16.261 16.266 16.273 16.281 16.289 16.296 16.303 16.311 16.320 16.331 16.344 16.356 16.367 16.375 16.381 16.385 16.387 16.386 16.382 16.374 16.362 16.345 16.326 16.306 16.287 16.268 16.250 16.233 16.215 16.197 16.181 16.167 16.156 16.149 16.145 16.142 16.141 16.141 16.142 16.146 16.154 16.166 16.183 16.204 16.228 16.256 16.287 16.323 16.364 16.410 16.463 16.524
16.189 16.194 16.200 16.207 16.215 16.225 16.234 16.243 16.250 16.257 16.263 16.270 16.277 16.284 16.290 16.294 16.296 16.296 16.296 16.298 16.301 16.307 16.314 16.321 16.328 16.334 16.340 16.348 16.356 16.366 16.374 16.382 16.387 16.390 16.391 16.390 16.387 16.381 16.371 16.357 16.339 16.318 16.297 16.276 16.258 16.242 16.226 16.211 16.195 16.181 16.169 16.160 16.155 16.152 16.152 16.152 16.154 16.157 16.162 16.170 16.181 16.196 16.213 16.233 16.256 16.282 16.313 16.350 16.393 16.444 16.504
16.200 16.206 16.212 16.220 16.229 16.240 16.252 16.264 16.274 16.282 16.290 16.297 16.305 16.314 16.321 16.327 16.331 16.332 16.332 16.333 16.335 16.339 16.345 16.351 16.356 16.362 16.367 16.373 16.380 16.386 16.392 16.396 16.398 16.398 16.396 16.393 16.388 16.381 16.369 16.353 16.332 16.310 16.287 16.267 16.249 16.234 16.220 16.207 16.195 16.183 16.173 16.166 16.163 16.163 16.165 16.169 16.173 16.177 16.183 16.190 16.199 16.210 16.222 16.237 16.254 16.275 16.301 16.335 16.377 16.428 16.487
16.206 16.212 16.219 16.228 16.239 16.253 16.268 16.282 16.294 16.304 16.313 16.321 16.330 16.339 16.348 16.356 16.361 16.364 16.365 16.365 16.367 16.370 16.374 16.378 16.382 16.386 16.390 16.395 16.399 16.403 16.406 16.407 16.406 16.403 16.399 16.394 16.388 16.379 16.366 16.348 16.326 16.302 16.279 16.258 16.241 16.227 16.216 16.205 16.195 16.186 16.179 16.174 16.174 16.177 16.182 16.188 16.194 16.200 16.206 16.211 16.216 16.222 16.228 16.237 16.248 16.265 16.289 16.321 16.363 16.415 16.478
16.206 16.213 16.222 16.233 16.247 16.264 16.281 16.298 16.312 16.324 16.333 16.342 16.351 16.361 16.371 16.380 16.386 16.391 16.393 16.395 16.396 16.399 16.401 16.404 16.406 16.408 16.410 16.413 16.415 16.417 16.417 16.415 16.411 16.406 16.400 16.393 16.385 16.375 16.360 16.342 16.319 16.295 16.272 16.251 16.235 16.223 16.214 16.205 16.197 16.190 16.185 16.183 16.185 16.190 16.198 16.207 16.215 16.222 16.226 16.229 16.229 16.229 16.230 16.233 16.241 16.255 16.278 16.311 16.355 16.410 16.476
16.200 16.210 16.222 16.236 16.254 16.273 16.293 16.312 16.328 16.341 16.350 16.359 16.368 16.378 16.388 16.398 16.407 16.413 16.417 16.420 16.423 16.425 16.428 16.429 16.430 16.430 16.429 16.428 16.428 16.427 16.425 16.420 16.414 16.406 16.398 16.389 16.379 16.368 16.353 16.334 16.312 16.289 16.267 16.248 16.233 16.223 16.214 16.207 16.201 16.195 16.191 16.191 16.194 16.201 16.210 16.221 16.230 16.237 16.240 16.240 16.237 16.232 16.228 16.228 16.233 16.247 16.271 16.307 16.354 16.412 16.481
16.192 16.205 16.220 16.238 16.259 16.282 16.304 16.324 16.341 16.354 16.364 16.373 16.382 16.392 16.403 16.414 16.423 16.431 16.436 16.441 16.445 16.449 16.452 16.453 16.453 16.450 16.447 16.444 16.440 16.437 16.432 16.425 16.417 16.407 16.396 16.385 16.374 16.361 16.346 16.327 16.307 16.285 16.265 16.248 16.235 16.225 16.218 16.211 16.205 16.200 16.197 16.196 16.200 16.207 16.217 16.228 16.237 16.244 16.247 16.245 16.239 16.231 16.225 16.223 16.228 16.243 16.270 16.309 16.360 16.421 16.494
16.183 16.199 16.218 16.240 16.264 16.289 16.313 16.334 16.350 16.364 16.374 16.384 16.394 16.405 16.417 16.428 16.438 16.446 16.453 16.459 16.465 16.470 16.474 16.476 16.475 16.471 16.466 16.460 16.454 16.448 16.441 16.433 16.423 16.411 16.398 16.385 16.371 16.357 16.341 16.323 16.304 16.285 16.267 16.252 16.240 16.230 16.222 16.215 16.209 16.203 16.200 16.199 16.202 16.209 16.217 16.227 16.237 16.243 16.245 16.243 16.237 16.229 16.222 16.220 16.227 16.245 16.276 16.318 16.372 16.437 16.511
16.173 16.193 16.216 16.242 16.268 16.294 16.319 16.340 16.357 16.371 16.383 16.394 16.407 16.420 16.433 16.444 16.454 16.461 16.468 16.475 16.482 16.488 16.494 16.496 16.495 16.491 16.484 16.476 16.468 16.461 16.453 16.444 16.432 16.420 16.405 16.390 16.374 16.358 16.341 16.324 16.306 16.289 16.273 16.259 16.247 16.236 16.227 16.219 16.211 16.205 16.201 16.200 16.202 16.206 16.213 16.222 16.230 16.236 16.239 16.238 16.233 16.226 16.221 16.221 16.231 16.252 16.287 16.333 16.390 16.457 16.534
16.164 16.187 16.213 16.241 16.270 16.297 16.322 16.343 16.361 16.376 16.391 16.406 16.421 16.437 16.451 16.463 16.472 16.478 16.484 16.490 16.497 16.505 16.511 16.514 16.513 16.508 16.500 16.491 16.482 16.473 16.465 16.455 16.444 16.431 16.416 16.399 16.382 16.364 16.346 16.329 16.312 16.296 16.281 16.267 16.255 16.243 16.232 16.222 16.213 16.206 16.202 16.200 16.200 16.203 16.207 16.214 16.221 16.228 16.232 16.233 16.230 16.225 16.222 16.225 16.238 16.264 16.302 16.352 16.412 16.482 16.561
16.154 16.180 16.208 16.238 16.268 16.297 16.322 16.344 16.363 16.381 16.399 16.417 16.437 16.455 16.471 16.483 16.491 16.497 16.501 16.506 16.513 16.520 16.526 16.529 16.527 16.521 16.512 16.502 16.492 16.483 16.474 16.465 16.454 16.442 16.427 16.410 16.392 16.374 16.355 16.338 16.321 16.305 16.291 16.277 16.263 16.250 16.237 16.225 16.215 16.208 16.203 16.201 16.200 16.200 16.203 16.207 16.214 16.221 16.227 16.230 16.230 16.228 16.228 16.234 16.250 16.279 16.322 16.376 16.440 16.513 16.595
16.144 16.172 16.202 16.233 16.264 16.294 16.320 16.344 16.365 16.385 16.406 16.428 16.451 16.472 16.490 16.502 16.510 16.514 16.517 16.522 16.527 16.534 16.539 16.541 16.538 16.530 16.520 16.508 16.497 16.487 16.479 16.470 16.461 16.450 16.436 16.420 16.403 16.384 16.365 16.347 16.331 16.316 16.301 16.287 16.272 16.257 16.242 16.229 16.218 16.211 16.206 16.203 16.202 16.201 16.202 16.205 16.210 16.218 16.226 16.231 16.235 16.236 16.238 16.247 16.267 16.300 16.347 16.406 16.475 16.551 16.636
16.135 16.163 16.194 16.226 16.259 16.290 16.318 16.343 16.366 16.389 16.413 16.437 16.462 16.485 16.504 16.517 16.524 16.529 16.532 16.536 16.542 16.547 16.551 16.551 16.546 16.537 16.524 16.511 16.499 16.489 16.480 16.472 16.464 16.455 16.443 16.429 16.412 16.394 16.375 16.357 16.341 16.326 16.312 16.297 16.282 16.266 16.250 16.235 16.224 16.216 16.211 16.208 16.206 16.205 16.204 16.206 16.211 16.220 16.229 16.238 16.244 16.248 16.254 16.267 16.291 16.328 16.380 16.443 16.516 16.596 16.684
16.129 16.157 16.187 16.220 16.254 16.286 16.315 16.342 16.367 16.392 16.417 16.443 16.469 16.493 16.512 16.525 16.534 16.539 16.544 16.549 16.555 16.560 16.562 16.561 16.554 16.543 16.529 16.514 16.501 16.490 16.481 16.473 16.466 16.457 16.447 16.435 16.419 16.402 16.384 16.367 16.351 16.336 16.323 16.309 16.294 16.277 16.260 16.244 16.232 16.223 16.218 16.215 16.213 16.212 16.211 16.212 16.217 16.226 16.237 16.248 16.257 16.265 16.276 16.293 16.321 16.362 16.418 16.486 16.562 16.645 16.735
16.128 16.155 16.186 16.219 16.253 16.285 16.315 16.343 16.369 16.395 16.421 16.448 16.474 16.497 16.515 16.529 16.538 16.545 16.551 16.558 16.565 16.571 16.573 16.570 16.562 16.549 16.535 16.519 16.506 16.494 16.484 16.476 16.468 16.460 16.451 16.440 16.426 16.410 16.393 16.376 16.361 16.348 16.336 16.323 16.308 16.292 16.274 16.257 16.243 16.234 16.228 16.226 16.224 16.222 16.221 16.223 16.228 16.237 16.249 16.262 16.274 16.286 16.301 16.323 16.356 16.402 16.461 16.531 16.610 16.695 16.786
16.134 16.161 16.192 16.224 16.258 16.290 16.320 16.348 16.374 16.401 16.427 16.453 16.478 16.499 16.517 16.530 16.540 16.549 16.557 16.566 16.574 16.580 16.582 16.578 16.570 16.557 16.543 16.528 16.514 16.502 16.491 16.482 16.473 16.465 16.456 16.445 16.432 16.417 16.402 16.386 16.373 16.361 16.351 16.339 16.325 16.309 16.291 16.273 16.258 16.248 16.242 16.239 16.237 16.236 16.235 16.237 16.242 16.252 16.264 16.279 16.294 16.310 16.330 16.357 16.395 16.445 16.507 16.578 16.658 16.743 16.835
16.147 16.174 16.205 16.237 16.270 16.301 16.330 16.358 16.384 16.410 16.436 16.461 16.484 16.505 16.521 16.534 16.544 16.552 16.562 16.571 16.580 16.586 16.588 16.585 16.577 16.566 16.553 16.539 16.525 16.513 16.502 16.491 16.481 16.471 16.462 16.451 16.439 16.425 16.411 16.398 16.387 16.377 16.368 16.358 16.345 16.329 16.311 16.292 16.277 16.265 16.259 16.255 16.254 16.253 16.253 16.256 16.261 16.270 16.283 16.298 16.315 16.335 16.360 16.392 16.435 16.489 16.553 16.625 16.704 16.789 16.882
16.167 16.194 16.224 16.256 16.287 16.318 16.346 16.373 16.398 16.424 16.449 16.473 16.495 16.514 16.529 16.541 16.550 16.558 16.567 16.576 16.584 16.590 16.592 16.590 16.583 16.574 16.562 16.550 16.538 16.525 16.513 16.502 16.490 16.480 16.469 16.458 16.447 16.435 16.423 16.412 16.403 16.395 16.388 16.380 16.368 16.352 16.334 16.316 16.300 16.288 16.280 16.277 16.275 16.275 16.275 16.277 16.283 16.292 16.304 16.320 16.339 16.362 16.392 16.429 16.476 16.533 16.599 16.672 16.751 16.836 16.929
16.192 16.219 16.248 16.279 16.309 16.338 16.365 16.391 16.416 16.440 16.464 16.487 16.508 16.526 16.541 16.551 16.559 16.566 16.574 16.581 16.588 16.593 16.595 16.594 16.589 16.581 16.571 16.560 16.549 16.537 16.525 16.513 16.501 16.489 16.479 16.468 16.457 16.447 16.437 16.429 16.422 16.417 16.411 16.404 16.393 16.379 16.361 16.343 16.327 16.315 16.307 16.303 16.301 16.300 16.300 16.302 16.307 16.316 16.328 16.345 16.366 16.392 16.425 16.467 16.518 16.579 16.647 16.721 16.800 16.886 16.979
16.221 16.247 16.274 16.303 16.332 16.360 16.387 16.411 16.435 16.458 16.481 16.502 16.522 16.540 16.553 16.563 16.571 16.576 16.582 16.587 16.592 16.597 16.599 16.598 16.594 16.587 16.578 16.569 16.558 16.548 16.536 16.525 16.513 16.502 16.492 16.482 16.472 16.464 16.456 16.450 16.445 16.442 16.438 16.431 16.422 16.408 16.392 16.376 16.361 16.349 16.340 16.334 16.330 16.328 16.327 16.329 16.334 16.343 16.356 16.373 16.395 16.424 16.461 16.507 16.562 16.626 16.697 16.773 16.854 16.940 17.033
16.255 16.277 16.303 16.330 16.357 16.384 16.409 16.433 16.455 16.476 16.497 16.516 16.535 16.551 16.565 16.575 16.582 16.586 16.590 16.594 16.598 16.602 16.604 16.603 16.600 16.594 16.586 16.577 16.568 16.558 16.548 16.539 16.529 16.520 16.511 16.502 16.493 16.486 16.479 16.475 16.472 16.469 16.466 16.461 16.453 16.441 16.427 16.413 16.399 16.388 16.378 16.370 16.364 16.359 16.357 16.357 16.362 16.372 16.386 16.404 16.428 16.459 16.498 16.548 16.607 16.675 16.749 16.828 16.910 16.998 17.091
16.293 16.312 16.334 16.359 16.384 16.410 16.435 16.457 16.477 16.496 16.513 16.529 16.546 16.561 16.574 16.584 16.591 16.596 16.599 16.602 16.606 16.609 16.611 16.612 16.609 16.603 16.595 16.587 16.578 16.570 16.562 16.555 16.549 16.542 16.535 16.527 16.519 16.513 16.507 16.503 16.501 16.500 16.497 16.493 16.486 16.477 16.466 16.454 16.442 16.431 16.420 16.410 16.401 16.393 16.389 16.389 16.394 16.404 16.419 16.438 16.463 16.496 16.538 16.590 16.653 16.724 16.801 16.882 16.967 17.056 17.149
16.336 16.352 16.371 16.392 16.416 16.440 16.463 16.484 16.502 16.517 16.530 16.543 16.556 16.569 16.581 16.591 16.599 16.604 16.608 16.611 16.614 16.618 16.621 16.622 16.620 16.614 16.607 16.598 16.590 16.584 16.579 16.576 16.572 16.568 16.563 16.556 16.550 16.543 16.538 16.535 16.533 16.532 16.530 16.527 16.522 16.515 16.507 16.497 16.487 16.477 16.465 16.452 16.440 16.430 16.424 16.424 16.429 16.439 16.454 16.475 16.501 16.534 16.577 16.632 16.696 16.770 16.850 16.934 17.020 17.110 17.203
16.385 16.398 16.414 16.432 16.454 16.476 16.497 16.515 16.530 16.541 16.550 16.558 16.567 16.578 16.588 16.598 16.606 16.611 16.615 16.619 16.623 16.628 16.632 16.633 16.632 16.627 16.620 16.612 16.605 16.601 16.599 16.598 16.597 16.596 16.592 16.587 16.581 16.575 16.571 16.568 16.567 16.566 16.565 16.563 16.560 16.555 16.548 16.541 16.532 16.521 16.509 16.495 16.481 16.470 16.463 16.462 16.467 16.478 16.493 16.513 16.539 16.573 16.617 16.672 16.738 16.813 16.894 16.979 17.066 17.157 17.250
16.438 16.449 16.463 16.479 16.497 16.516 16.535 16.550 16.561 16.569 16.573 16.577 16.582 16.589 16.598 16.606 16.613 16.619 16.623 16.627 16.632 16.638 16.642 16.645 16.645 16.641 16.635 16.629 16.623 16.620 16.620 16.621 16.623 16.623 16.621 16.617 16.613 16.608 16.605 16.604 16.603 16.604 16.603 16.602 16.599 16.595 16.590 16.583 16.575 16.564 16.551 16.536 16.522 16.511 16.505 16.504 16.509 16.519 16.533 16.552 16.578 16.611 16.655 16.710 16.776 16.851 16.932 17.017 17.104 17.195 17.290
16.495 16.505 16.517 16.530 16.545 16.561 16.576 16.588 16.596 16.600 16.601 16.601 16.602 16.605 16.610 16.616 16.622 16.627 16.632 16.636 16.642 16.648 16.653 16.657 16.658 16.656 16.652 16.647 16.643 16.642 16.643 16.645 16.648 16.649 16.649 16.647 16.644 16.642 16.642 16.642 16.643 16.644 16.645 16.644 16.641 16.637 16.631 16.624 16.614 16.603 16.589 16.575 16.562 16.552 16.547 16.547 16.551 16.561 16.574 16.592 16.617 16.649 16.693 16.747 16.812 16.886 16.965 17.049 17.136 17.227 17.322
16.554 16.563 16.573 16.584 16.595 16.607 16.618 16.627 16.632 16.633 16.631 16.627 16.625 16.625 16.627 16.631 16.635 16.639 16.643 16.647 16.653 16.659 16.665 16.670 16.673 16.672 16.670 16.668 16.666 16.665 16.667 16.670 16.672 16.674 16.676 16.677 16.677 16.679 16.681 16.684 16.687 16.689 16.689 16.688 16.685 16.680 16.672 16.663 16.651 16.638 16.625 16.612 16.600 16.592 16.589 16.590 16.595 16.603 16.615 16.632 16.656 16.688 16.731 16.784 16.847 16.918 16.995 17.077 17.163 17.254 17.349
16.614 16.623 16.631 16.638 16.646 16.654 16.662 16.668 16.670 16.668 16.663 16.657 16.652 16.648 16.647 16.648 16.650 16.653 16.657 16.661 16.667 16.673 16.680 16.686 16.689 16.691 16.691 16.691 16.691 16.692 16.694 16.696 16.699 16.701 16.705 16.708 16.713 16.718 16.723 16.728 16.733 16.735 16.736 16.734 16.730 16.723 16.713 16.701 16.688 16.674 16.660 16.648 16.638 16.632 16.631 16.632 16.637 16.645 16.657 16.673 16.696 16.728 16.769 16.821 16.882 16.950 17.024 17.103 17.188 17.278 17.373
16.677 16.683 16.689 16.694 16.698 16.702 16.706 16.708 16.708 16.704 16.697 16.689 16.681 16.675 16.671 16.670 16.670 16.671 16.674 16.679 16.685 16.692 16.698 16.705 16.710 16.713 16.716 16.718 16.720 16.721 16.723 16.725 16.728 16.731 16.736 16.743 16.751 16.760 16.768 16.774 16.779 16.782 16.782 16.780 16.775 16.766 16.754 16.741 16.725 16.710 16.696 16.685 16.678 16.674 16.673 16.675 16.680 16.688 16.699 16.715 16.738 16.769 16.809 16.859 16.916 16.981 17.052 17.129 17.212 17.301 17.396
16.744 16.746 16.748 16.749 16.750 16.750 16.751 16.749 16.746 16.739 16.731 16.721 16.712 16.704 16.698 16.694 16.693 16.693 16.696 16.701 16.707 16.714 16.721 16.728 16.734 16.739 16.743 16.747 16.751 16.754 16.756 16.758 16.760 16.765 16.772 16.781 16.792 16.803 16.812 16.820 16.824 16.827 16.827 16.824 16.818 16.809 16.796 16.781 16.765 16.750 16.737 16.727 16.721 16.718 16.718 16.720 16.724 16.732 16.743 16.759 16.782 16.812 16.851 16.897 16.951 17.012 17.080 17.155 17.237 17.325 17.419
16.817 16.813 16.810 16.807 16.803 16.800 16.795 16.790 16.783 16.774 16.764 16.752 16.742 16.733 16.726 16.721 16.718 16.718 16.721 16.726 16.732 16.740 16.748 16.755 16.762 16.768 16.774 16.780 16.785 16.789 16.791 16.793 16.797 16.802 16.811 16.822 16.835 16.846 16.856 16.863 16.867 16.869 16.869 16.866 16.861 16.852 16.839 16.824 16.808 16.793 16.781 16.773 16.768 16.765 16.765 16.766 16.770 16.777 16.789 16.806 16.829 16.858 16.894 16.937 16.987 17.045 17.110 17.183 17.263 17.349 17.441
