Code/MATLAB/Matlab_old/02 Fill Missing Data/data_grav_rasters/EIGEN-6C4_geoid.asc
ncols         159
nrows         172
xllcorner     32.4820794100
yllcorner     29.1707288100
cellsize      0.0259688
nodata_value  999
[rows 32 to 63 of 172, columns 71 to 141 of 159]
16.614 16.690 16.773 16.863 16.962 17.069 17.187 17.316 17.458 17.610 17.772 17.942 18.119 18.305 18.502 18.713 18.942 19.186 19.442 19.700 19.951 20.190 20.412 20.616 20.805 20.979 21.140 21.284 21.411 21.517 21.605 21.678 21.741 21.800 21.856 21.908 21.951 21.982 21.998 22.000 21.988 21.968 21.944 21.921 21.901 21.885 21.874 21.871 21.880 21.906 21.947 22.000 22.059 22.117 22.171 22.222 22.272 22.320 22.368 22.415 22.463 22.509 22.555 22.599 22.642 22.685 22.728 22.771 22.815 22.860 22.907
16.591 16.666 16.750 16.842 16.945 17.057 17.182 17.318 17.466 17.624 17.791 17.965 18.145 18.334 18.533 18.746 18.972 19.211 19.458 19.707 19.952 20.187 20.412 20.624 20.825 21.012 21.181 21.328 21.449 21.545 21.619 21.676 21.725 21.774 21.823 21.869 21.908 21.933 21.941 21.933 21.911 21.881 21.850 21.822 21.800 21.784 21.774 21.772 21.783 21.810 21.852 21.906 21.966 22.025 22.081 22.134 22.185 22.235 22.285 22.336 22.386 22.435 22.482 22.528 22.574 22.620 22.668 22.716 22.764 22.813 22.862
16.571 16.647 16.733 16.829 16.936 17.055 17.186 17.328 17.482 17.644 17.814 17.990 18.173 18.362 18.562 18.773 18.997 19.231 19.472 19.714 19.953 20.186 20.411 20.628 20.836 21.029 21.202 21.347 21.462 21.548 21.609 21.653 21.691 21.730 21.773 21.816 21.850 21.870 21.871 21.853 21.821 21.782 21.743 21.710 21.685 21.669 21.661 21.663 21.679 21.710 21.757 21.816 21.881 21.943 22.002 22.058 22.111 22.162 22.214 22.266 22.317 22.367 22.415 22.462 22.510 22.560 22.611 22.663 22.715 22.766 22.817
16.557 16.635 16.725 16.825 16.937 17.062 17.198 17.346 17.504 17.669 17.841 18.017 18.199 18.388 18.587 18.797 19.018 19.249 19.486 19.723 19.958 20.186 20.409 20.626 20.834 21.028 21.199 21.339 21.448 21.525 21.576 21.610 21.637 21.669 21.707 21.746 21.777 21.793 21.789 21.765 21.726 21.680 21.634 21.596 21.569 21.553 21.548 21.556 21.580 21.620 21.676 21.743 21.814 21.882 21.944 22.002 22.056 22.108 22.159 22.210 22.260 22.309 22.356 22.403 22.451 22.502 22.556 22.610 22.664 22.716 22.768
16.550 16.633 16.726 16.831 16.948 17.077 17.217 17.368 17.529 17.696 17.868 18.045 18.226 18.414 18.612 18.820 19.040 19.269 19.503 19.737 19.966 20.189 20.406 20.617 20.819 21.008 21.173 21.309 21.412 21.483 21.527 21.553 21.574 21.599 21.632 21.667 21.697 21.712 21.706 21.680 21.638 21.588 21.538 21.497 21.468 21.453 21.452 21.467 21.501 21.552 21.619 21.696 21.775 21.848 21.913 21.971 22.025 22.075 22.125 22.174 22.221 22.267 22.311 22.355 22.401 22.450 22.503 22.557 22.611 22.665 22.717
16.552 16.639 16.737 16.846 16.966 17.098 17.241 17.394 17.555 17.724 17.897 18.074 18.256 18.444 18.641 18.848 19.067 19.293 19.524 19.754 19.977 20.193 20.401 20.601 20.794 20.973 21.133 21.265 21.365 21.434 21.474 21.497 21.512 21.531 21.558 21.589 21.617 21.632 21.628 21.605 21.564 21.515 21.465 21.422 21.391 21.377 21.381 21.403 21.446 21.510 21.589 21.676 21.763 21.841 21.908 21.965 22.017 22.065 22.111 22.156 22.200 22.241 22.281 22.321 22.363 22.408 22.457 22.508 22.561 22.614 22.666
16.561 16.652 16.754 16.867 16.990 17.124 17.268 17.422 17.584 17.753 17.928 18.107 18.290 18.480 18.677 18.883 19.099 19.323 19.549 19.773 19.989 20.195 20.392 20.580 20.762 20.933 21.087 21.218 21.318 21.388 21.429 21.450 21.461 21.473 21.493 21.518 21.542 21.558 21.557 21.538 21.502 21.457 21.409 21.366 21.336 21.323 21.330 21.360 21.413 21.488 21.579 21.677 21.770 21.851 21.919 21.975 22.024 22.068 22.110 22.151 22.191 22.228 22.263 22.299 22.335 22.376 22.420 22.468 22.517 22.567 22.617
16.577 16.671 16.776 16.892 17.018 17.154 17.299 17.453 17.616 17.786 17.962 18.144 18.330 18.521 18.719 18.924 19.137 19.356 19.576 19.792 19.999 20.195 20.380 20.557 20.728 20.892 21.042 21.173 21.276 21.349 21.392 21.413 21.421 21.427 21.439 21.456 21.474 21.488 21.489 21.474 21.444 21.404 21.360 21.320 21.291 21.281 21.292 21.328 21.392 21.478 21.579 21.686 21.785 21.869 21.937 21.990 22.035 22.074 22.112 22.148 22.183 22.217 22.249 22.281 22.314 22.351 22.391 22.434 22.479 22.525 22.570
16.597 16.694 16.803 16.922 17.051 17.188 17.334 17.488 17.651 17.822 18.000 18.184 18.373 18.566 18.763 18.966 19.175 19.387 19.600 19.807 20.005 20.192 20.367 20.534 20.696 20.852 21.000 21.130 21.236 21.312 21.358 21.380 21.386 21.387 21.392 21.401 21.413 21.423 21.423 21.411 21.385 21.349 21.310 21.274 21.249 21.242 21.259 21.304 21.377 21.473 21.584 21.698 21.801 21.887 21.953 22.003 22.042 22.075 22.106 22.137 22.167 22.198 22.228 22.259 22.292 22.327 22.364 22.404 22.444 22.484 22.524
16.621 16.721 16.833 16.955 17.087 17.227 17.374 17.528 17.689 17.860 18.039 18.224 18.415 18.608 18.805 19.004 19.207 19.413 19.617 19.816 20.006 20.184 20.351 20.510 20.664 20.814 20.957 21.086 21.192 21.270 21.318 21.341 21.348 21.349 21.351 21.357 21.364 21.370 21.368 21.355 21.331 21.298 21.262 21.231 21.211 21.210 21.234 21.288 21.370 21.475 21.593 21.712 21.818 21.903 21.967 22.012 22.044 22.069 22.091 22.114 22.140 22.167 22.197 22.229 22.262 22.298 22.335 22.372 22.407 22.441 22.474
16.651 16.753 16.868 16.994 17.128 17.270 17.417 17.570 17.730 17.899 18.078 18.263 18.453 18.646 18.840 19.035 19.232 19.429 19.626 19.817 20.000 20.172 20.332 20.485 20.632 20.775 20.912 21.036 21.141 21.219 21.270 21.297 21.310 21.316 21.322 21.329 21.336 21.339 21.334 21.319 21.294 21.262 21.229 21.202 21.188 21.194 21.225 21.287 21.376 21.487 21.611 21.733 21.838 21.921 21.981 22.019 22.043 22.058 22.070 22.085 22.104 22.129 22.158 22.191 22.226 22.263 22.300 22.334 22.365 22.393 22.418
16.687 16.792 16.909 17.037 17.173 17.315 17.462 17.613 17.772 17.939 18.115 18.299 18.488 18.678 18.868 19.058 19.247 19.436 19.625 19.809 19.986 20.153 20.309 20.456 20.598 20.734 20.864 20.983 21.085 21.165 21.220 21.255 21.278 21.295 21.311 21.326 21.337 21.340 21.333 21.314 21.285 21.252 21.221 21.198 21.188 21.199 21.236 21.302 21.396 21.511 21.637 21.758 21.861 21.941 21.995 22.027 22.042 22.047 22.049 22.055 22.069 22.090 22.118 22.151 22.187 22.224 22.259 22.290 22.316 22.338 22.358
16.731 16.838 16.956 17.085 17.221 17.362 17.507 17.657 17.813 17.977 18.151 18.333 18.518 18.705 18.889 19.071 19.253 19.434 19.614 19.792 19.964 20.127 20.280 20.425 20.562 20.693 20.818 20.934 21.034 21.116 21.179 21.225 21.262 21.294 21.324 21.350 21.367 21.372 21.362 21.339 21.305 21.270 21.239 21.218 21.211 21.223 21.262 21.330 21.424 21.540 21.666 21.785 21.885 21.960 22.008 22.033 22.039 22.035 22.030 22.029 22.039 22.057 22.083 22.113 22.147 22.182 22.214 22.242 22.263 22.280 22.294
16.781 16.888 17.007 17.135 17.270 17.410 17.553 17.699 17.853 18.014 18.185 18.363 18.544 18.725 18.903 19.077 19.250 19.423 19.597 19.769 19.936 20.097 20.248 20.391 20.526 20.656 20.780 20.895 20.997 21.084 21.155 21.214 21.265 21.313 21.357 21.393 21.417 21.423 21.410 21.382 21.343 21.304 21.272 21.251 21.243 21.255 21.292 21.358 21.451 21.566 21.691 21.807 21.903 21.972 22.015 22.032 22.032 22.021 22.010 22.007 22.013 22.029 22.052 22.079 22.109 22.138 22.165 22.188 22.205 22.218 22.228
16.834 16.942 17.060 17.187 17.320 17.457 17.597 17.741 17.891 18.049 18.216 18.389 18.564 18.738 18.908 19.075 19.240 19.406 19.573 19.740 19.905 20.063 20.214 20.357 20.494 20.626 20.752 20.870 20.977 21.071 21.152 21.222 21.286 21.345 21.399 21.443 21.469 21.475 21.459 21.426 21.383 21.341 21.307 21.284 21.274 21.282 21.316 21.379 21.470 21.583 21.707 21.821 21.912 21.975 22.009 22.019 22.012 21.998 21.986 21.982 21.988 22.002 22.022 22.044 22.067 22.089 22.109 22.127 22.141 22.151 22.160
16.886 16.994 17.113 17.239 17.370 17.505 17.642 17.782 17.928 18.081 18.243 18.409 18.577 18.743 18.905 19.065 19.224 19.385 19.548 19.712 19.873 20.031 20.182 20.327 20.467 20.603 20.734 20.858 20.972 21.073 21.163 21.242 21.314 21.381 21.439 21.485 21.512 21.516 21.497 21.461 21.416 21.372 21.336 21.310 21.296 21.300 21.330 21.391 21.481 21.594 21.717 21.829 21.914 21.967 21.989 21.989 21.976 21.960 21.949 21.948 21.957 21.971 21.987 22.002 22.017 22.030 22.043 22.055 22.067 22.077 22.087
16.935 17.045 17.164 17.290 17.420 17.552 17.685 17.821 17.962 18.109 18.264 18.422 18.582 18.739 18.895 19.048 19.204 19.362 19.523 19.686 19.846 20.003 20.155 20.301 20.445 20.586 20.723 20.854 20.975 21.084 21.180 21.266 21.343 21.412 21.472 21.517 21.542 21.544 21.524 21.488 21.444 21.399 21.360 21.331 21.313 21.313 21.339 21.398 21.488 21.601 21.723 21.831 21.907 21.945 21.953 21.940 21.920 21.904 21.898 21.904 21.917 21.932 21.945 21.953 21.958 21.961 21.966 21.973 21.984 21.996 22.009
16.983 17.094 17.213 17.339 17.468 17.597 17.726 17.857 17.992 18.132 18.278 18.428 18.579 18.729 18.879 19.029 19.183 19.341 19.503 19.666 19.826 19.983 20.134 20.282 20.428 20.574 20.716 20.853 20.980 21.095 21.197 21.287 21.368 21.439 21.499 21.542 21.566 21.567 21.548 21.514 21.472 21.427 21.386 21.352 21.330 21.325 21.348 21.403 21.491 21.604 21.723 21.824 21.888 21.910 21.900 21.873 21.847 21.834 21.836 21.850 21.870 21.887 21.898 21.899 21.895 21.888 21.884 21.887 21.896 21.910 21.927
17.031 17.142 17.262 17.387 17.514 17.640 17.764 17.889 18.017 18.150 18.288 18.430 18.573 18.717 18.862 19.011 19.165 19.325 19.488 19.652 19.813 19.969 20.119 20.268 20.416 20.564 20.711 20.852 20.984 21.104 21.211 21.307 21.393 21.467 21.527 21.570 21.593 21.595 21.577 21.545 21.504 21.459 21.415 21.376 21.348 21.337 21.352 21.402 21.484 21.592 21.705 21.798 21.849 21.855 21.830 21.793 21.765 21.756 21.766 21.790 21.817 21.837 21.846 21.843 21.830 21.816 21.806 21.804 21.811 21.827 21.847
17.081 17.193 17.312 17.434 17.557 17.678 17.797 17.917 18.039 18.165 18.296 18.431 18.568 18.707 18.850 18.998 19.153 19.314 19.479 19.644 19.804 19.958 20.108 20.257 20.407 20.558 20.707 20.852 20.987 21.111 21.224 21.326 21.418 21.497 21.560 21.604 21.626 21.627 21.609 21.577 21.535 21.487 21.439 21.393 21.356 21.336 21.341 21.380 21.453 21.550 21.654 21.738 21.780 21.776 21.743 21.703 21.677 21.674 21.693 21.725 21.757 21.780 21.788 21.781 21.765 21.747 21.734 21.730 21.737 21.753 21.774
17.135 17.245 17.361 17.479 17.597 17.712 17.826 17.940 18.057 18.179 18.306 18.436 18.568 18.703 18.844 18.991 19.146 19.308 19.473 19.636 19.795 19.948 20.098 20.248 20.400 20.554 20.706 20.853 20.990 21.117 21.234 21.342 21.441 21.525 21.592 21.636 21.655 21.653 21.631 21.595 21.548 21.496 21.441 21.388 21.341 21.310 21.303 21.329 21.387 21.470 21.561 21.636 21.673 21.668 21.637 21.603 21.584 21.590 21.617 21.653 21.688 21.712 21.719 21.711 21.695 21.678 21.668 21.667 21.675 21.692 21.713
17.192 17.299 17.410 17.523 17.634 17.743 17.852 17.962 18.076 18.195 18.319 18.445 18.573 18.705 18.843 18.988 19.141 19.302 19.465 19.626 19.783 19.936 20.087 20.239 20.395 20.553 20.708 20.856 20.993 21.121 21.240 21.351 21.453 21.542 21.609 21.650 21.664 21.654 21.625 21.582 21.529 21.470 21.409 21.349 21.294 21.253 21.234 21.247 21.291 21.359 21.435 21.501 21.537 21.537 21.515 21.493 21.487 21.504 21.537 21.578 21.613 21.636 21.642 21.634 21.621 21.609 21.606 21.611 21.625 21.643 21.663
17.248 17.352 17.458 17.565 17.670 17.774 17.878 17.986 18.098 18.215 18.335 18.458 18.582 18.710 18.844 18.986 19.137 19.295 19.455 19.613 19.768 19.920 20.074 20.230 20.391 20.553 20.710 20.858 20.993 21.118 21.234 21.345 21.447 21.535 21.601 21.636 21.642 21.621 21.581 21.529 21.468 21.404 21.339 21.275 21.216 21.170 21.145 21.150 21.184 21.240 21.305 21.362 21.397 21.404 21.394 21.387 21.396 21.423 21.464 21.508 21.544 21.563 21.565 21.556 21.546 21.542 21.547 21.562 21.582 21.604 21.622
17.301 17.402 17.504 17.605 17.705 17.805 17.906 18.011 18.122 18.236 18.353 18.472 18.591 18.714 18.843 18.982 19.130 19.285 19.442 19.598 19.751 19.904 20.060 20.221 20.387 20.553 20.711 20.857 20.987 21.105 21.215 21.320 21.419 21.504 21.564 21.592 21.587 21.554 21.502 21.440 21.374 21.307 21.241 21.178 21.121 21.076 21.053 21.057 21.089 21.142 21.202 21.255 21.290 21.301 21.302 21.308 21.330 21.368 21.416 21.461 21.493 21.505 21.501 21.489 21.480 21.481 21.495 21.518 21.544 21.568 21.584
17.347 17.446 17.545 17.643 17.740 17.836 17.935 18.037 18.145 18.256 18.368 18.482 18.596 18.714 18.839 18.975 19.121 19.274 19.429 19.583 19.736 19.890 20.048 20.212 20.382 20.549 20.707 20.849 20.972 21.081 21.183 21.281 21.374 21.453 21.508 21.528 21.512 21.466 21.403 21.332 21.261 21.193 21.130 21.071 21.021 20.984 20.970 20.983 21.022 21.080 21.144 21.200 21.235 21.249 21.257 21.273 21.304 21.350 21.400 21.444 21.468 21.471 21.457 21.440 21.430 21.434 21.452 21.479 21.507 21.530 21.542
17.386 17.485 17.583 17.679 17.772 17.866 17.961 18.060 18.163 18.269 18.377 18.485 18.594 18.709 18.832 18.966 19.111 19.264 19.418 19.572 19.725 19.879 20.038 20.204 20.374 20.542 20.698 20.834 20.950 21.052 21.146 21.237 21.324 21.397 21.445 21.457 21.430 21.373 21.299 21.219 21.144 21.077 21.017 20.965 20.922 20.897 20.895 20.923 20.976 21.047 21.122 21.185 21.222 21.239 21.251 21.273 21.310 21.359 21.410 21.448 21.464 21.457 21.435 21.412 21.400 21.403 21.420 21.445 21.470 21.487 21.493
17.419 17.518 17.615 17.709 17.800 17.889 17.980 18.073 18.172 18.273 18.377 18.481 18.588 18.701 18.824 18.959 19.104 19.256 19.411 19.564 19.716 19.870 20.029 20.195 20.364 20.529 20.681 20.814 20.925 21.022 21.112 21.199 21.280 21.347 21.387 21.390 21.352 21.283 21.198 21.110 21.031 20.964 20.906 20.858 20.822 20.806 20.818 20.859 20.929 21.017 21.108 21.179 21.221 21.241 21.257 21.283 21.324 21.374 21.422 21.456 21.467 21.455 21.430 21.404 21.389 21.387 21.399 21.416 21.432 21.439 21.434
17.447 17.546 17.642 17.733 17.820 17.905 17.990 18.078 18.171 18.269 18.369 18.473 18.580 18.694 18.818 18.953 19.099 19.252 19.406 19.558 19.709 19.862 20.019 20.183 20.349 20.511 20.660 20.789 20.900 20.996 21.085 21.170 21.248 21.309 21.339 21.329 21.278 21.196 21.098 21.003 20.919 20.850 20.793 20.745 20.712 20.702 20.722 20.775 20.858 20.962 21.068 21.152 21.203 21.230 21.251 21.280 21.322 21.372 21.419 21.452 21.463 21.452 21.429 21.404 21.387 21.381 21.383 21.389 21.392 21.386 21.369
17.472 17.570 17.664 17.752 17.835 17.913 17.992 18.075 18.164 18.259 18.360 18.464 18.574 18.690 18.816 18.952 19.097 19.248 19.400 19.552 19.702 19.853 20.008 20.168 20.330 20.487 20.633 20.762 20.874 20.973 21.065 21.151 21.226 21.278 21.295 21.269 21.202 21.104 20.995 20.892 20.804 20.733 20.674 20.624 20.590 20.581 20.603 20.661 20.752 20.866 20.987 21.085 21.151 21.191 21.220 21.253 21.296 21.346 21.392 21.426 21.441 21.437 21.421 21.400 21.384 21.374 21.368 21.362 21.352 21.331 21.301
17.494 17.591 17.683 17.767 17.845 17.918 17.991 18.069 18.155 18.250 18.352 18.459 18.572 18.691 18.817 18.952 19.094 19.243 19.393 19.544 19.693 19.843 19.996 20.151 20.307 20.459 20.601 20.730 20.846 20.950 21.047 21.134 21.205 21.246 21.248 21.203 21.117 21.004 20.884 20.776 20.686 20.613 20.552 20.500 20.464 20.452 20.471 20.526 20.617 20.736 20.866 20.981 21.066 21.124 21.167 21.207 21.251 21.299 21.344 21.380 21.400 21.403 21.396 21.383 21.370 21.359 21.348 21.333 21.311 21.279 21.237
17.515 17.609 17.698 17.780 17.853 17.922 17.992 18.067 18.151 18.246 18.349 18.460 18.575 18.695 18.820 18.952 19.092 19.237 19.385 19.535 19.684 19.834 19.983 20.133 20.283 20.428 20.566 20.695 20.813 20.923 21.023 21.111 21.176 21.205 21.190 21.126 21.023 20.898 20.772 20.661 20.571 20.499 20.437 20.384 20.346 20.329 20.340 20.387 20.473 20.590 20.725 20.854 20.960 21.040 21.101 21.151 21.198 21.244 21.287 21.322 21.344 21.355 21.356 21.352 21.345 21.336 21.323 21.303 21.273 21.232 21.181
17.534 17.625 17.712 17.791 17.862 17.929 17.997 18.070 18.153 18.248 18.352 18.464 18.580 18.700 18.824 18.953 19.089 19.231 19.378 19.527 19.677 19.826 19.972 20.116 20.258 20.395 20.527 20.654 20.774 20.887 20.990 21.076 21.134 21.152 21.121 21.042 20.926 20.793 20.664 20.554 20.466 20.395 20.334 20.282 20.242 20.219 20.221 20.257 20.333 20.445 20.582 20.722 20.849 20.953 21.034 21.097 21.149 21.193 21.232 21.264 21.288 21.303 21.311 21.314 21.313 21.308 21.295 21.272 21.238 21.192 21.137
