Code/MATLAB/Matlab_old/02 Fill Missing Data/data_grav_rasters/EIGEN-6C4_potential_ell.asc
ncols         159
nrows         172
xllcorner     32.4820794100
yllcorner     29.1707288100
cellsize      0.0259688
nodata_value  1000000000
[rows 46 to 68 of 172, columns 0 to 51 of 159]
62559784.089 62559784.356 62559784.659 62559784.983 62559785.310 62559785.623 62559785.911 62559786.173 62559786.418 62559786.660 62559786.911 62559787.169 62559787.424 62559787.654 62559787.839 62559787.970 62559788.053 62559788.106 62559788.150 62559788.200 62559788.258 62559788.310 62559788.336 62559788.318 62559788.251 62559788.140 62559788.004 62559787.863 62559787.733 62559787.624 62559787.535 62559787.459 62559787.387 62559787.306 62559787.206 62559787.083 62559786.933 62559786.764 62559786.587 62559786.415 62559786.258 62559786.118 62559785.986 62559785.851 62559785.702 62559785.539 62559785.371 62559785.216 62559785.093 62559785.009 62559784.960 62559784.932
62559739.846 62559740.110 62559740.412 62559740.736 62559741.066 62559741.384 62559741.679 62559741.951 62559742.207 62559742.460 62559742.717 62559742.979 62559743.232 62559743.457 62559743.639 62559743.772 62559743.863 62559743.932 62559743.995 62559744.063 62559744.131 62559744.185 62559744.205 62559744.176 62559744.095 62559743.973 62559743.828 62559743.680 62559743.544 62559743.428 62559743.332 62559743.252 62559743.178 62559743.102 62559743.012 62559742.901 62559742.764 62559742.607 62559742.439 62559742.276 62559742.128 62559741.998 62559741.878 62559741.753 62559741.610 62559741.446 62559741.272 62559741.107 62559740.973 62559740.881 62559740.827 62559740.797
62559695.689 62559695.952 62559696.252 62559696.574 62559696.901 62559697.217 62559697.512 62559697.786 62559698.046 62559698.301 62559698.558 62559698.814 62559699.057 62559699.271 62559699.444 62559699.574 62559699.672 62559699.754 62559699.834 62559699.919 62559699.999 62559700.058 62559700.077 62559700.044 62559699.961 62559699.838 62559699.695 62559699.549 62559699.413 62559699.293 62559699.188 62559699.097 62559699.014 62559698.933 62559698.844 62559698.738 62559698.612 62559698.466 62559698.312 62559698.162 62559698.029 62559697.915 62559697.810 62559697.698 62559697.564 62559697.402 62559697.224 62559697.050 62559696.905 62559696.802 62559696.742 62559696.712
62559651.623 62559651.888 62559652.187 62559652.504 62559652.824 62559653.131 62559653.420 62559653.690 62559653.947 62559654.200 62559654.452 62559654.698 62559654.929 62559655.128 62559655.289 62559655.412 62559655.509 62559655.596 62559655.685 62559655.777 62559655.863 62559655.925 62559655.946 62559655.916 62559655.839 62559655.727 62559655.596 62559655.461 62559655.331 62559655.209 62559655.096 62559654.992 62559654.895 62559654.801 62559654.706 62559654.602 62559654.483 62559654.350 62559654.213 62559654.082 62559653.969 62559653.874 62559653.787 62559653.689 62559653.564 62559653.406 62559653.226 62559653.045 62559652.891 62559652.780 62559652.714 62559652.682
62559607.640 62559607.908 62559608.204 62559608.514 62559608.823 62559609.119 62559609.397 62559609.659 62559609.910 62559610.157 62559610.402 62559610.639 62559610.857 62559611.044 62559611.193 62559611.306 62559611.396 62559611.477 62559611.561 62559611.649 62559611.730 62559611.790 62559611.812 62559611.789 62559611.725 62559611.629 62559611.516 62559611.396 62559611.276 62559611.156 62559611.037 62559610.921 62559610.810 62559610.705 62559610.602 62559610.496 62559610.385 62559610.267 62559610.150 62559610.043 62559609.953 62559609.880 62559609.810 62559609.726 62559609.610 62559609.457 62559609.279 62559609.097 62559608.939 62559608.822 62559608.751 62559608.716
62559563.729 62559563.993 62559564.282 62559564.581 62559564.877 62559565.162 62559565.429 62559565.682 62559565.925 62559566.163 62559566.398 62559566.625 62559566.833 62559567.010 62559567.149 62559567.253 62559567.333 62559567.401 62559567.471 62559567.543 62559567.612 62559567.663 62559567.685 62559567.669 62559567.618 62559567.539 62559567.444 62559567.339 62559567.228 62559567.113 62559566.995 62559566.875 62559566.758 62559566.646 62559566.539 62559566.435 62559566.332 62559566.230 62559566.135 62559566.053 62559565.987 62559565.935 62559565.881 62559565.809 62559565.703 62559565.559 62559565.387 62559565.211 62559565.055 62559564.937 62559564.860 62559564.817
62559519.880 62559520.128 62559520.402 62559520.686 62559520.969 62559521.243 62559521.501 62559521.745 62559521.977 62559522.202 62559522.423 62559522.636 62559522.833 62559523.002 62559523.136 62559523.235 62559523.306 62559523.361 62559523.413 62559523.467 62559523.519 62559523.561 62559523.580 62559523.570 62559523.530 62559523.464 62559523.381 62559523.287 62559523.185 62559523.079 62559522.968 62559522.855 62559522.743 62559522.635 62559522.533 62559522.435 62559522.342 62559522.256 62559522.180 62559522.120 62559522.075 62559522.040 62559522.000 62559521.939 62559521.843 62559521.712 62559521.555 62559521.393 62559521.246 62559521.129 62559521.044 62559520.987
62559476.091 62559476.312 62559476.561 62559476.825 62559477.094 62559477.358 62559477.608 62559477.841 62559478.058 62559478.264 62559478.464 62559478.657 62559478.838 62559478.999 62559479.131 62559479.228 62559479.296 62559479.343 62559479.382 62559479.421 62559479.460 62559479.494 62559479.513 62559479.508 62559479.475 62559479.417 62559479.339 62559479.251 62559479.157 62559479.061 62559478.966 62559478.872 62559478.779 62559478.688 62559478.598 62559478.511 62559478.428 62559478.353 62559478.292 62559478.247 62559478.217 62559478.194 62559478.164 62559478.113 62559478.031 62559477.917 62559477.782 62559477.641 62559477.508 62559477.394 62559477.300 62559477.223
62559432.367 62559432.553 62559432.771 62559433.011 62559433.263 62559433.516 62559433.756 62559433.976 62559434.174 62559434.353 62559434.522 62559434.686 62559434.845 62559434.993 62559435.121 62559435.220 62559435.290 62559435.336 62559435.370 62559435.402 62559435.436 62559435.468 62559435.490 62559435.490 62559435.463 62559435.408 62559435.332 62559435.245 62559435.158 62559435.078 62559435.006 62559434.939 62559434.875 62559434.808 62559434.737 62559434.661 62559434.587 62559434.520 62559434.466 62559434.430 62559434.408 62559434.392 62559434.370 62559434.328 62559434.262 62559434.170 62559434.062 62559433.946 62559433.831 62559433.721 62559433.616 62559433.515
62559388.713 62559388.865 62559389.049 62559389.262 62559389.495 62559389.732 62559389.960 62559390.162 62559390.335 62559390.481 62559390.611 62559390.737 62559390.865 62559390.994 62559391.113 62559391.213 62559391.286 62559391.336 62559391.372 62559391.404 62559391.440 62559391.477 62559391.505 62559391.513 62559391.491 62559391.439 62559391.364 62559391.280 62559391.202 62559391.139 62559391.092 62559391.058 62559391.025 62559390.985 62559390.933 62559390.870 62559390.803 62559390.740 62559390.691 62559390.659 62559390.642 62559390.630 62559390.614 62559390.583 62559390.533 62559390.464 62559390.382 62559390.291 62559390.193 62559390.087 62559389.971 62559389.850
62559345.132 62559345.255 62559345.410 62559345.595 62559345.803 62559346.020 62559346.227 62559346.407 62559346.550 62559346.659 62559346.746 62559346.829 62559346.920 62559347.021 62559347.125 62559347.219 62559347.294 62559347.348 62559347.388 62559347.425 62559347.467 62559347.511 62559347.549 62559347.567 62559347.553 62559347.506 62559347.436 62559347.359 62559347.291 62559347.246 62559347.224 62559347.218 62559347.213 62559347.197 62559347.164 62559347.113 62559347.054 62559346.997 62559346.954 62559346.927 62559346.915 62559346.908 62559346.899 62559346.878 62559346.842 62559346.793 62559346.731 62559346.658 62559346.572 62559346.467 62559346.344 62559346.209
62559301.614 62559301.721 62559301.852 62559302.008 62559302.187 62559302.377 62559302.557 62559302.709 62559302.820 62559302.891 62559302.937 62559302.976 62559303.027 62559303.095 62559303.176 62559303.257 62559303.326 62559303.380 62559303.424 62559303.466 62559303.514 62559303.566 62559303.614 62559303.642 62559303.639 62559303.603 62559303.543 62559303.478 62559303.424 62559303.396 62559303.393 62559303.407 62559303.421 62559303.424 62559303.406 62559303.369 62559303.324 62559303.281 62559303.250 62559303.234 62559303.232 62559303.233 62559303.231 62559303.218 62559303.191 62559303.152 62559303.100 62559303.033 62559302.949 62559302.842 62559302.714 62559302.573
62559258.147 62559258.247 62559258.360 62559258.489 62559258.635 62559258.791 62559258.939 62559259.059 62559259.138 62559259.175 62559259.183 62559259.183 62559259.194 62559259.227 62559259.279 62559259.339 62559259.397 62559259.445 62559259.488 62559259.533 62559259.585 62559259.644 62559259.700 62559259.738 62559259.748 62559259.727 62559259.685 62559259.636 62559259.600 62559259.586 62559259.595 62559259.619 62559259.644 62559259.657 62559259.654 62559259.636 62559259.613 62559259.594 62559259.585 62559259.589 62559259.600 62559259.612 62559259.616 62559259.606 62559259.581 62559259.541 62559259.484 62559259.410 62559259.316 62559259.202 62559259.070 62559258.932
62559214.721 62559214.816 62559214.914 62559215.016 62559215.128 62559215.246 62559215.357 62559215.445 62559215.494 62559215.502 62559215.479 62559215.446 62559215.422 62559215.420 62559215.440 62559215.476 62559215.515 62559215.554 62559215.594 62559215.638 62559215.693 62559215.755 62559215.817 62559215.864 62559215.888 62559215.886 62559215.865 62559215.838 62559215.819 62559215.817 62559215.832 62559215.858 62559215.885 62559215.906 62559215.919 62559215.926 62559215.934 62559215.947 62559215.969 62559215.996 62559216.024 62559216.045 62559216.053 62559216.041 62559216.010 62559215.957 62559215.884 62559215.791 62559215.680 62559215.553 62559215.418 62559215.288
62559171.332 62559171.417 62559171.497 62559171.572 62559171.649 62559171.729 62559171.803 62559171.858 62559171.879 62559171.862 62559171.816 62559171.757 62559171.704 62559171.670 62559171.660 62559171.668 62559171.689 62559171.716 62559171.750 62559171.794 62559171.850 62559171.914 62559171.979 62559172.034 62559172.071 62559172.088 62559172.090 62559172.087 62559172.087 62559172.095 62559172.112 62559172.135 62559172.161 62559172.189 62559172.219 62559172.255 62559172.299 62559172.349 62559172.402 62559172.453 62559172.494 62559172.521 62559172.527 62559172.511 62559172.468 62559172.399 62559172.304 62559172.188 62559172.055 62559171.915 62559171.779 62559171.659
62559127.988 62559128.050 62559128.104 62559128.149 62559128.192 62559128.235 62559128.273 62559128.295 62559128.289 62559128.251 62559128.184 62559128.105 62559128.029 62559127.969 62559127.932 62559127.916 62559127.917 62559127.933 62559127.962 62559128.006 62559128.064 62559128.130 62559128.198 62559128.258 62559128.307 62559128.342 62559128.367 62559128.387 62559128.404 62559128.422 62559128.440 62559128.459 62559128.484 62559128.520 62559128.569 62559128.635 62559128.713 62559128.797 62559128.876 62559128.942 62559128.990 62559129.017 62559129.020 62559128.996 62559128.943 62559128.860 62559128.747 62559128.610 62559128.460 62559128.311 62559128.177 62559128.069
62559084.703 62559084.724 62559084.742 62559084.753 62559084.760 62559084.766 62559084.767 62559084.755 62559084.720 62559084.658 62559084.574 62559084.478 62559084.385 62559084.306 62559084.248 62559084.212 62559084.198 62559084.204 62559084.231 62559084.276 62559084.337 62559084.406 62559084.477 62559084.543 62559084.601 62559084.652 62559084.696 62559084.736 62559084.770 62559084.796 62559084.816 62559084.835 62559084.862 62559084.906 62559084.975 62559085.066 62559085.172 62559085.278 62559085.372 62559085.444 62559085.491 62559085.513 62559085.512 62559085.485 62559085.428 62559085.337 62559085.214 62559085.066 62559084.908 62559084.758 62559084.630 62559084.535
62559041.495 62559041.458 62559041.427 62559041.394 62559041.360 62559041.325 62559041.284 62559041.232 62559041.163 62559041.075 62559040.972 62559040.863 62559040.759 62559040.669 62559040.598 62559040.549 62559040.524 62559040.524 62559040.550 62559040.599 62559040.665 62559040.741 62559040.817 62559040.888 62559040.953 62559041.015 62559041.075 62559041.131 62559041.179 62559041.215 62559041.241 62559041.263 62559041.295 62559041.350 62559041.434 62559041.544 62559041.666 62559041.783 62559041.879 62559041.947 62559041.988 62559042.005 62559042.002 62559041.977 62559041.923 62559041.833 62559041.709 62559041.560 62559041.403 62559041.259 62559041.142 62559041.060
62558998.374 62558998.267 62558998.175 62558998.088 62558998.004 62558997.919 62558997.828 62558997.728 62558997.615 62558997.494 62558997.368 62558997.248 62558997.138 62558997.045 62558996.970 62558996.916 62558996.887 62558996.885 62558996.914 62558996.970 62558997.046 62558997.129 62558997.212 62558997.289 62558997.361 62558997.431 62558997.501 62558997.569 62558997.630 62558997.678 62558997.712 62558997.743 62558997.784 62558997.850 62558997.947 62558998.067 62558998.195 62558998.310 62558998.399 62558998.457 62558998.490 62558998.505 62558998.506 62558998.488 62558998.441 62558998.357 62558998.236 62558998.089 62558997.938 62558997.803 62558997.700 62558997.630
62558955.342 62558955.160 62558954.998 62558954.849 62558954.704 62558954.559 62558954.407 62558954.248 62558954.083 62558953.920 62558953.768 62558953.635 62558953.523 62558953.432 62558953.361 62558953.310 62558953.283 62558953.286 62558953.322 62558953.389 62558953.477 62558953.572 62558953.664 62558953.747 62558953.822 62558953.897 62558953.974 62558954.051 62558954.123 62558954.184 62558954.232 62558954.276 62558954.331 62558954.409 62558954.515 62558954.639 62558954.764 62558954.870 62558954.947 62558954.994 62558955.021 62558955.037 62558955.046 62558955.038 62558954.999 62558954.919 62558954.798 62558954.652 62558954.504 62558954.378 62558954.286 62558954.227
62558912.384 62558912.132 62558911.901 62558911.684 62558911.473 62558911.261 62558911.041 62558910.816 62558910.591 62558910.380 62558910.196 62558910.045 62558909.929 62558909.843 62558909.780 62558909.737 62558909.719 62558909.733 62558909.781 62558909.863 62558909.966 62558910.075 62558910.175 62558910.263 62558910.340 62558910.415 62558910.495 62558910.579 62558910.662 62558910.736 62558910.802 62558910.864 62558910.936 62558911.028 62558911.142 62558911.266 62558911.384 62558911.478 62558911.541 62558911.578 62558911.602 62558911.623 62558911.641 62558911.642 62558911.608 62558911.527 62558911.400 62558911.248 62558911.098 62558910.975 62558910.890 62558910.838
62558869.474 62558869.164 62558868.872 62558868.592 62558868.318 62558868.040 62558867.754 62558867.463 62558867.177 62558866.914 62558866.691 62558866.516 62558866.390 62558866.305 62558866.248 62558866.217 62558866.212 62558866.240 62558866.306 62558866.405 62558866.524 62558866.645 62558866.753 62558866.843 62558866.918 62558866.990 62558867.069 62558867.157 62558867.249 62558867.339 62558867.423 62558867.506 62558867.597 62558867.704 62558867.826 62558867.950 62558868.060 62558868.141 62558868.191 62558868.219 62558868.241 62558868.266 62558868.291 62558868.298 62558868.266 62558868.179 62558868.044 62558867.882 62558867.727 62558867.603 62558867.520 62558867.470
62558826.573 62558826.225 62558825.887 62558825.558 62558825.233 62558824.903 62558824.563 62558824.216 62558823.875 62558823.562 62558823.297 62558823.092 62558822.947 62558822.854 62558822.800 62558822.777 62558822.785 62558822.830 62558822.913 62558823.030 62558823.164 62558823.294 62558823.405 62558823.492 62558823.560 62558823.626 62558823.700 62558823.790 62558823.890 62558823.993 62558824.094 62558824.196 62558824.305 62558824.426 62558824.555 62558824.680 62558824.783 62558824.854 62558824.892 62558824.911 62558824.928 62558824.954 62558824.983 62558824.993 62558824.961 62558824.871 62558824.730 62558824.562 62558824.402 62558824.276 62558824.192 62558824.140
