Code/MATLAB/Matlab_old/02 Fill Missing Data/data_grav_rasters/EIGEN-6C4_gravity_earth.asc
ncols         159
nrows         172
xllcorner     32.4820794100
yllcorner     29.1707288100
cellsize      0.0259688
nodata_value  9999999
[rows 50 to 74 of 172, columns 0 to 56 of 159]
979484.734 979487.630 979490.600 979493.443 979495.954 979497.985 979499.511 979500.670 979501.722 979502.930 979504.412 979506.059 979507.567 979508.594 979508.957 979508.757 979508.360 979508.223 979508.661 979509.675 979510.947 979511.988 979512.376 979511.945 979510.833 979509.366 979507.878 979506.552 979505.395 979504.308 979503.222 979502.165 979501.237 979500.507 979499.925 979499.319 979498.503 979497.426 979496.251 979495.305 979494.880 979495.019 979495.417 979495.511 979494.752 979492.900 979490.184 979487.219 979484.717 979483.145 979482.511 979482.409 979482.269 979481.682 979480.588 979479.244 979477.995
979483.170 979486.272 979489.317 979492.112 979494.507 979496.417 979497.867 979499.011 979500.089 979501.332 979502.830 979504.464 979505.939 979506.925 979507.232 979506.938 979506.371 979505.960 979506.027 979506.626 979507.522 979508.317 979508.655 979508.384 979507.597 979506.540 979505.450 979504.435 979503.447 979502.373 979501.152 979499.838 979498.577 979497.498 979496.624 979495.857 979495.064 979494.202 979493.396 979492.884 979492.858 979493.284 979493.832 979493.969 979493.209 979491.370 979488.705 979485.810 979483.349 979481.750 979481.022 979480.798 979480.568 979479.957 979478.891 979477.564 979476.249
979481.509 979484.541 979487.491 979490.199 979492.554 979494.486 979496.006 979497.224 979498.341 979499.567 979501.012 979502.607 979504.104 979505.183 979505.615 979505.392 979504.749 979504.069 979503.695 979503.776 979504.207 979504.706 979504.968 979504.816 979504.260 979503.448 979502.546 979501.640 979500.704 979499.661 979498.466 979497.166 979495.880 979494.728 979493.754 979492.923 979492.170 979491.495 979491.003 979490.857 979491.146 979491.761 979492.359 979492.471 979491.710 979489.979 979487.544 979484.935 979482.700 979481.159 979480.279 979479.739 979479.140 979478.227 979476.992 979475.616 979474.301
979479.758 979482.397 979485.045 979487.604 979489.983 979492.076 979493.804 979495.171 979496.298 979497.387 979498.616 979500.028 979501.481 979502.692 979503.380 979503.413 979502.893 979502.120 979501.450 979501.131 979501.200 979501.484 979501.711 979501.651 979501.208 979500.439 979499.482 979498.472 979497.477 979496.502 979495.525 979494.542 979493.572 979492.646 979491.774 979490.956 979490.207 979489.600 979489.257 979489.295 979489.725 979490.381 979490.930 979490.986 979490.279 979488.793 979486.785 979484.667 979482.811 979481.376 979480.260 979479.205 979477.974 979476.500 979474.914 979473.429 979472.183
979478.163 979480.202 979482.399 979484.746 979487.169 979489.493 979491.500 979493.034 979494.107 979494.908 979495.715 979496.734 979497.979 979499.245 979500.212 979500.620 979500.412 979499.776 979499.054 979498.575 979498.493 979498.727 979499.014 979499.052 979498.644 979497.773 979496.595 979495.345 979494.236 979493.384 979492.785 979492.348 979491.940 979491.444 979490.792 979489.999 979489.164 979488.456 979488.050 979488.055 979488.437 979489.000 979489.438 979489.453 979488.886 979487.780 979486.352 979484.862 979483.474 979482.163 979480.762 979479.087 979477.091 979474.936 979472.916 979471.298 979470.158
979477.011 979478.468 979480.194 979482.288 979484.714 979487.235 979489.488 979491.144 979492.088 979492.486 979492.711 979493.148 979493.994 979495.154 979496.305 979497.074 979497.252 979496.906 979496.337 979495.919 979495.889 979496.227 979496.666 979496.834 979496.445 979495.436 979494.002 979492.502 979491.299 979490.616 979490.461 979490.638 979490.850 979490.817 979490.384 979489.573 979488.568 979487.638 979487.028 979486.861 979487.086 979487.498 979487.824 979487.849 979487.496 979486.840 979486.035 979485.184 979484.251 979483.058 979481.387 979479.143 979476.464 979473.714 979471.331 979469.615 979468.574
979476.415 979477.534 979478.903 979480.736 979483.066 979485.645 979488.013 979489.700 979490.465 979490.431 979490.032 979489.804 979490.114 979490.993 979492.145 979493.133 979493.626 979493.581 979493.244 979492.996 979493.123 979493.638 979494.269 979494.591 979494.256 979493.176 979491.584 979489.937 979488.715 979488.216 979488.443 979489.115 979489.801 979490.100 979489.799 979488.936 979487.765 979486.634 979485.842 979485.525 979485.620 979485.923 979486.196 979486.280 979486.153 979485.896 979485.595 979485.225 979484.611 979483.479 979481.609 979478.991 979475.906 979472.846 979470.315 979468.598 979467.622
979476.209 979477.356 979478.567 979480.155 979482.261 979484.701 979487.001 979488.614 979489.196 979488.804 979487.879 979487.041 979486.783 979487.250 979488.207 979489.200 979489.836 979489.987 979489.841 979489.759 979490.037 979490.708 979491.499 979491.967 979491.739 979490.714 979489.142 979487.521 979486.377 979486.033 979486.477 979487.383 979488.262 979488.678 979488.413 979487.535 979486.339 979485.204 979484.430 979484.137 979484.243 979484.545 979484.832 979484.983 979485.000 979484.954 979484.877 979484.677 979484.122 979482.932 979480.935 979478.203 979475.086 979472.101 979469.713 979468.125 979467.182
979476.025 979477.536 979478.792 979480.175 979481.954 979484.074 979486.138 979487.594 979488.033 979487.431 979486.177 979484.895 979484.140 979484.146 979484.754 979485.554 979486.141 979486.346 979486.301 979486.324 979486.690 979487.435 979488.305 979488.879 979488.795 979487.955 979486.594 979485.181 979484.206 979483.959 979484.412 979485.248 979486.021 979486.353 979486.088 979485.329 979484.368 979483.537 979483.073 979483.035 979483.311 979483.702 979484.024 979484.183 979484.184 979484.076 979483.863 979483.446 979482.631 979481.219 979479.132 979476.510 979473.700 979471.137 979469.150 979467.807 979466.880
979475.493 979477.545 979478.990 979480.230 979481.654 979483.369 979485.106 979486.373 979486.737 979486.090 979484.725 979483.206 979482.086 979481.655 979481.840 979482.313 979482.712 979482.863 979482.850 979482.929 979483.324 979484.062 979484.921 979485.537 979485.603 979485.036 979484.030 979482.966 979482.226 979482.019 979482.303 979482.827 979483.274 979483.415 979483.198 979482.752 979482.307 979482.074 979482.157 979482.526 979483.039 979483.522 979483.830 979483.894 979483.707 979483.288 979482.630 979481.676 979480.338 979478.560 979476.390 979474.013 979471.711 979469.761 979468.301 979467.249 979466.325
979474.454 979477.005 979478.682 979479.861 979481.004 979482.351 979483.776 979484.875 979485.228 979484.659 979483.356 979481.781 979480.439 979479.643 979479.403 979479.495 979479.641 979479.690 979479.690 979479.818 979480.226 979480.913 979481.695 979482.291 979482.477 979482.206 979481.621 979480.977 979480.504 979480.301 979480.315 979480.406 979480.444 979480.393 979480.323 979480.363 979480.622 979481.129 979481.823 979482.577 979483.249 979483.723 979483.923 979483.803 979483.337 979482.499 979481.269 979479.655 979477.703 979475.526 979473.294 979471.209 979469.453 979468.113 979467.132 979466.307 979465.358
979473.058 979475.861 979477.708 979478.900 979479.897 979481.007 979482.204 979483.177 979483.545 979483.103 979481.950 979480.442 979479.007 979477.949 979477.341 979477.065 979476.948 979476.889 979476.911 979477.111 979477.554 979478.195 979478.875 979479.406 979479.666 979479.654 979479.472 979479.242 979479.030 979478.820 979478.554 979478.216 979477.882 979477.711 979477.879 979478.474 979479.449 979480.628 979481.784 979482.730 979483.370 979483.690 979483.705 979483.400 979482.704 979481.530 979479.834 979477.677 979475.240 979472.782 979470.568 979468.787 979467.496 979466.605 979465.909 979465.154 979464.118
979471.716 979474.393 979476.245 979477.464 979478.431 979479.429 979480.472 979481.321 979481.662 979481.309 979480.317 979478.950 979477.545 979476.360 979475.494 979474.918 979474.563 979474.399 979474.451 979474.748 979475.267 979475.901 979476.501 979476.955 979477.238 979477.411 979477.549 979477.664 979477.677 979477.469 979476.981 979476.310 979475.713 979475.513 979475.946 979477.033 979478.558 979480.158 979481.486 979482.352 979482.756 979482.823 979482.665 979482.278 979481.529 979480.244 979478.340 979475.920 979473.271 979470.766 979468.713 979467.249 979466.299 979465.633 979464.972 979464.095 979462.905
979470.946 979473.094 979474.705 979475.857 979476.793 979477.693 979478.550 979479.182 979479.369 979478.994 979478.119 979476.944 979475.702 979474.563 979473.603 979472.842 979472.306 979472.049 979472.129 979472.541 979473.179 979473.869 979474.446 979474.842 979475.116 979475.388 979475.732 979476.090 979476.276 979476.092 979475.479 979474.618 979473.896 979473.738 979474.397 979475.809 979477.610 979479.305 979480.497 979481.055 979481.118 979480.948 979480.731 979480.439 979479.845 979478.677 979476.812 979474.396 979471.805 979469.484 979467.740 979466.617 979465.905 979465.274 979464.444 979463.303 979461.926
979471.205 979472.490 979473.581 979474.457 979475.200 979475.852 979476.349 979476.561 979476.383 979475.819 979474.983 979474.033 979473.089 979472.193 979471.341 979470.555 979469.933 979469.624 979469.747 979470.293 979471.102 979471.924 979472.553 979472.934 979473.181 979473.474 979473.912 979474.410 979474.724 979474.605 979473.988 979473.100 979472.392 979472.329 979473.140 979474.678 979476.478 979477.984 979478.827 979478.985 979478.741 979478.466 979478.364 979478.330 979478.018 979477.060 979475.317 979472.999 979470.579 979468.554 979467.195 979466.424 979465.893 979465.198 979464.111 979462.678 979461.162
979472.739 979472.988 979473.318 979473.650 979473.929 979474.062 979473.930 979473.454 979472.666 979471.715 979470.801 979470.062 979469.502 979469.008 979468.454 979467.820 979467.247 979466.975 979467.198 979467.931 979468.974 979470.005 979470.757 979471.164 979471.371 979471.620 979472.058 979472.617 979473.038 979473.046 979472.564 979471.817 979471.262 979471.347 979472.252 979473.762 979475.363 979476.515 979476.934 979476.733 979476.320 979476.119 979476.283 979476.583 979476.533 979475.690 979473.940 979471.601 979469.266 979467.486 979466.479 979466.031 979465.656 979464.893 979463.585 979461.951 979460.427
979475.516 979474.749 979474.194 979473.765 979473.324 979472.684 979471.683 979470.296 979468.684 979467.150 979465.995 979465.359 979465.149 979465.100 979464.948 979464.606 979464.229 979464.123 979464.554 979465.560 979466.907 979468.203 979469.117 979469.555 979469.692 979469.836 979470.205 979470.779 979471.316 979471.531 979471.318 979470.871 979470.602 979470.903 979471.891 979473.304 979474.627 979475.381 979475.405 979474.948 979474.508 979474.507 979474.998 979475.593 979475.668 979474.734 979472.743 979470.159 979467.715 979466.026 979465.257 979465.063 979464.824 979464.035 979462.614 979460.930 979459.562
979479.198 979477.610 979476.210 979474.963 979473.710 979472.212 979470.278 979467.912 979465.377 979463.109 979461.514 979460.763 979460.708 979460.976 979461.189 979461.186 979461.112 979461.306 979462.067 979463.437 979465.137 979466.710 979467.764 979468.190 979468.201 979468.180 979468.430 979468.999 979469.674 979470.160 979470.318 979470.283 979470.399 979470.985 979472.091 979473.421 979474.482 979474.877 979474.568 979473.926 979473.512 979473.717 979474.477 979475.251 979475.301 979474.115 979471.732 979468.764 979466.083 979464.357 979463.706 979463.669 979463.524 979462.737 979461.294 979459.688 979458.590
979483.189 979481.071 979479.025 979477.109 979475.195 979473.014 979470.332 979467.143 979463.755 979460.696 979458.472 979457.324 979457.114 979457.429 979457.829 979458.102 979458.363 979458.937 979460.111 979461.890 979463.938 979465.733 979466.846 979467.174 979466.985 979466.746 979466.851 979467.407 979468.225 979468.999 979469.545 979469.942 979470.467 979471.366 979472.634 979473.943 979474.815 979474.921 979474.324 979473.489 979473.030 979473.317 979474.202 979475.038 979475.005 979473.587 979470.890 979467.632 979464.773 979463.006 979462.405 979462.428 979462.291 979461.469 979460.016 979458.520 979457.702
979486.757 979484.395 979481.992 979479.724 979477.508 979475.044 979472.019 979468.359 979464.354 979460.578 979457.629 979455.850 979455.181 979455.245 979455.601 979456.012 979456.551 979457.498 979459.076 979461.221 979463.529 979465.428 979466.479 979466.613 979466.168 979465.694 979465.654 979466.193 979467.124 979468.119 979468.957 979469.680 979470.521 979471.687 979473.126 979474.479 979475.258 979475.156 979474.293 979473.203 979472.552 979472.733 979473.582 979474.414 979474.378 979472.948 979470.248 979467.018 979464.223 979462.530 979461.964 979461.944 979461.687 979460.718 979459.175 979457.718 979457.083
979489.224 979486.821 979484.352 979482.105 979480.028 979477.760 979474.875 979471.180 979466.899 979462.617 979459.013 979456.547 979455.277 979454.914 979455.058 979455.467 979456.174 979457.387 979459.248 979461.612 979464.014 979465.859 979466.726 979466.602 979465.897 979465.226 979465.080 979465.603 979466.581 979467.652 979468.578 979469.397 979470.352 979471.648 979473.215 979474.655 979475.436 979475.224 979474.138 979472.749 979471.784 979471.705 979472.407 979473.241 979473.366 979472.238 979469.931 979467.113 979464.665 979463.177 979462.630 979462.450 979461.919 979460.658 979458.903 979457.365 979456.768
979490.171 979487.827 979485.517 979483.602 979482.023 979480.332 979477.969 979474.611 979470.406 979465.932 979461.933 979458.974 979457.225 979456.484 979456.400 979456.731 979457.473 979458.774 979460.702 979463.054 979465.337 979466.964 979467.559 979467.175 979466.275 979465.499 979465.323 979465.840 979466.781 979467.747 979468.505 979469.136 979469.942 979471.175 979472.775 979474.311 979475.181 979474.978 979473.774 979472.141 979470.860 979470.487 979471.028 979471.920 979472.361 979471.773 979470.132 979467.965 979466.008 979464.750 979464.144 979463.674 979462.736 979461.080 979459.034 979457.330 979456.650
979489.554 979487.314 979485.299 979483.887 979482.972 979482.010 979480.326 979477.507 979473.650 979469.336 979465.350 979462.311 979460.447 979459.592 979459.413 979459.663 979460.316 979461.488 979463.223 979465.305 979467.259 979468.540 979468.833 979468.242 979467.259 979466.500 979466.380 979466.908 979467.740 979468.448 979468.822 979469.020 979469.441 979470.421 979471.940 979473.543 979474.561 979474.496 979473.341 979471.637 979470.194 979469.652 979470.125 979471.151 979471.969 979471.966 979471.006 979469.456 979467.902 979466.745 979465.944 979465.079 979463.686 979461.643 979459.334 979457.472 979456.658
979487.677 979485.577 979483.921 979483.040 979482.748 979482.423 979481.341 979479.070 979475.719 979471.885 979468.357 979465.740 979464.224 979463.608 979463.528 979463.723 979464.173 979465.012 979466.317 979467.920 979469.399 979470.276 979470.292 979469.581 979468.623 979467.982 979467.979 979468.529 979469.215 979469.588 979469.479 979469.127 979469.040 979469.645 979470.976 979472.583 979473.755 979473.918 979472.992 979471.464 979470.131 979469.667 979470.250 979471.481 979472.634 979473.067 979472.559 979471.358 979469.943 979468.674 979467.552 979466.273 979464.505 979462.214 979459.788 979457.858 979456.911
979484.997 979483.099 979481.819 979481.390 979481.540 979481.614 979480.917 979479.088 979476.304 979473.186 979470.480 979468.695 979467.901 979467.791 979467.939 979468.078 979468.228 979468.596 979469.339 979470.372 979471.351 979471.856 979471.664 979470.915 979470.049 979469.557 979469.673 979470.230 979470.765 979470.822 979470.270 979469.419 979468.849 979469.059 979470.135 979471.655 979472.912 979473.313 979472.737 979471.613 979470.684 979470.585 979471.478 979472.974 979474.357 979474.982 979474.599 979473.409 979471.860 979470.321 979468.861 979467.276 979465.328 979463.014 979460.660 979458.765 979457.674
