Data/data_grav_rasters/EGM2008_potential_ell.asc
ncols         159
nrows         172
xllcorner     32.4820794100
yllcorner     29.1707288100
cellsize      0.0259688
nodata_value  1000000000
[rows 23 to 45 of 172, columns 0 to 51 of 159]
62560804.442 62560804.487 62560804.543 62560804.595 62560804.630 62560804.644 62560804.641 62560804.628 62560804.610 62560804.586 62560804.547 62560804.484 62560804.396 62560804.290 62560804.181 62560804.089 62560804.025 62560803.991 62560803.978 62560803.973 62560803.970 62560803.973 62560803.998 62560804.063 62560804.178 62560804.339 62560804.531 62560804.731 62560804.929 62560805.125 62560805.335 62560805.580 62560805.872 62560806.202 62560806.544 62560806.860 62560807.119 62560807.307 62560807.432 62560807.515 62560807.581 62560807.641 62560807.694 62560807.726 62560807.722 62560807.681 62560807.613 62560807.539 62560807.478 62560807.438 62560807.414 62560807.392
62560760.194 62560760.194 62560760.220 62560760.255 62560760.286 62560760.307 62560760.316 62560760.318 62560760.314 62560760.300 62560760.269 62560760.211 62560760.126 62560760.022 62560759.916 62560759.830 62560759.777 62560759.758 62560759.764 62560759.782 62560759.801 62560759.824 62560759.864 62560759.939 62560760.062 62560760.233 62560760.435 62560760.649 62560760.855 62560761.053 62560761.253 62560761.478 62560761.740 62560762.039 62560762.354 62560762.651 62560762.896 62560763.071 62560763.177 62560763.232 62560763.261 62560763.281 62560763.294 62560763.292 62560763.263 62560763.201 62560763.111 62560763.008 62560762.908 62560762.821 62560762.746 62560762.673
62560716.002 62560715.968 62560715.968 62560715.988 62560716.014 62560716.037 62560716.054 62560716.064 62560716.069 62560716.062 62560716.037 62560715.987 62560715.909 62560715.814 62560715.718 62560715.640 62560715.596 62560715.589 62560715.608 62560715.639 62560715.670 62560715.701 62560715.745 62560715.821 62560715.942 62560716.113 62560716.322 62560716.545 62560716.763 62560716.966 62560717.162 62560717.366 62560717.597 62560717.856 62560718.131 62560718.392 62560718.609 62560718.760 62560718.842 62560718.869 62560718.864 62560718.846 62560718.824 62560718.793 62560718.742 62560718.663 62560718.555 62560718.429 62560718.298 62560718.170 62560718.050 62560717.934
62560671.833 62560671.777 62560671.756 62560671.759 62560671.774 62560671.792 62560671.808 62560671.820 62560671.828 62560671.828 62560671.812 62560671.774 62560671.712 62560671.634 62560671.554 62560671.490 62560671.456 62560671.455 62560671.480 62560671.517 62560671.553 62560671.587 62560671.628 62560671.697 62560671.810 62560671.974 62560672.180 62560672.409 62560672.637 62560672.849 62560673.045 62560673.236 62560673.437 62560673.656 62560673.884 62560674.102 62560674.281 62560674.401 62560674.455 62560674.453 62560674.415 62560674.362 62560674.304 62560674.241 62560674.165 62560674.066 62560673.940 62560673.792 62560673.633 62560673.473 62560673.318 62560673.169
62560627.651 62560627.584 62560627.549 62560627.537 62560627.539 62560627.547 62560627.557 62560627.567 62560627.576 62560627.580 62560627.576 62560627.556 62560627.517 62560627.463 62560627.405 62560627.356 62560627.331 62560627.333 62560627.358 62560627.395 62560627.432 62560627.467 62560627.505 62560627.565 62560627.665 62560627.815 62560628.011 62560628.237 62560628.469 62560628.690 62560628.889 62560629.073 62560629.252 62560629.436 62560629.621 62560629.794 62560629.933 62560630.019 62560630.042 62560630.010 62560629.940 62560629.850 62560629.755 62560629.656 62560629.548 62560629.421 62560629.271 62560629.100 62560628.917 62560628.732 62560628.554 62560628.386
62560583.432 62560583.367 62560583.327 62560583.307 62560583.300 62560583.301 62560583.305 62560583.312 62560583.321 62560583.332 62560583.339 62560583.338 62560583.324 62560583.296 62560583.259 62560583.225 62560583.205 62560583.206 62560583.227 62560583.262 62560583.300 62560583.336 62560583.374 62560583.428 62560583.513 62560583.643 62560583.819 62560584.031 62560584.258 62560584.480 62560584.682 62560584.863 62560585.027 62560585.184 62560585.333 62560585.466 62560585.566 62560585.618 62560585.612 62560585.551 62560585.449 62560585.324 62560585.190 62560585.052 62560584.908 62560584.749 62560584.572 62560584.377 62560584.173 62560583.971 62560583.781 62560583.608
62560539.165 62560539.115 62560539.083 62560539.066 62560539.061 62560539.063 62560539.068 62560539.076 62560539.087 62560539.103 62560539.120 62560539.136 62560539.142 62560539.136 62560539.118 62560539.094 62560539.075 62560539.071 62560539.085 62560539.115 62560539.155 62560539.196 62560539.238 62560539.288 62560539.359 62560539.466 62560539.614 62560539.800 62560540.009 62560540.221 62560540.419 62560540.594 62560540.748 62560540.883 62560541.002 62560541.101 62560541.167 62560541.188 62560541.154 62560541.067 62560540.938 62560540.782 62560540.613 62560540.440 62560540.261 62560540.072 62560539.869 62560539.654 62560539.434 62560539.222 62560539.029 62560538.860
62560494.859 62560494.833 62560494.820 62560494.818 62560494.826 62560494.839 62560494.853 62560494.868 62560494.885 62560494.905 62560494.929 62560494.955 62560494.976 62560494.986 62560494.980 62560494.963 62560494.942 62560494.929 62560494.934 62560494.960 62560495.000 62560495.048 62560495.096 62560495.146 62560495.205 62560495.287 62560495.402 62560495.554 62560495.732 62560495.922 62560496.106 62560496.270 62560496.409 62560496.525 62560496.618 62560496.686 62560496.722 62560496.715 62560496.657 62560496.548 62560496.397 62560496.217 62560496.023 62560495.823 62560495.619 62560495.407 62560495.186 62560494.957 62560494.730 62560494.516 62560494.325 62560494.164
62560450.533 62560450.534 62560450.544 62560450.564 62560450.592 62560450.623 62560450.653 62560450.680 62560450.705 62560450.730 62560450.759 62560450.791 62560450.821 62560450.841 62560450.845 62560450.832 62560450.808 62560450.788 62560450.783 62560450.801 62560450.840 62560450.892 62560450.946 62560450.997 62560451.047 62560451.107 62560451.190 62560451.303 62560451.445 62560451.604 62560451.762 62560451.905 62560452.024 62560452.117 62560452.184 62560452.224 62560452.232 62560452.200 62560452.122 62560451.994 62560451.826 62560451.629 62560451.417 62560451.201 62560450.983 62560450.762 62560450.535 62560450.304 62560450.077 62560449.866 62560449.682 62560449.531
62560406.202 62560406.226 62560406.257 62560406.298 62560406.346 62560406.397 62560406.446 62560406.489 62560406.525 62560406.557 62560406.590 62560406.627 62560406.664 62560406.693 62560406.706 62560406.699 62560406.676 62560406.650 62560406.635 62560406.644 62560406.678 62560406.729 62560406.785 62560406.836 62560406.879 62560406.922 62560406.979 62560407.059 62560407.164 62560407.288 62560407.414 62560407.528 62560407.619 62560407.684 62560407.723 62560407.736 62560407.718 62560407.664 62560407.565 62560407.421 62560407.237 62560407.026 62560406.803 62560406.578 62560406.357 62560406.137 62560405.916 62560405.693 62560405.475 62560405.273 62560405.099 62560404.958
62560361.872 62560361.910 62560361.955 62560362.009 62560362.073 62560362.143 62560362.211 62560362.272 62560362.323 62560362.365 62560362.406 62560362.449 62560362.494 62560362.534 62560362.559 62560362.562 62560362.545 62560362.517 62560362.495 62560362.493 62560362.516 62560362.560 62560362.611 62560362.659 62560362.697 62560362.730 62560362.769 62560362.824 62560362.900 62560362.990 62560363.082 62560363.163 62560363.221 62560363.255 62560363.264 62560363.249 62560363.208 62560363.132 62560363.013 62560362.850 62560362.649 62560362.424 62560362.190 62560361.961 62560361.742 62560361.531 62560361.324 62560361.117 62560360.916 62560360.729 62560360.568 62560360.439
62560317.534 62560317.578 62560317.629 62560317.691 62560317.766 62560317.852 62560317.940 62560318.021 62560318.090 62560318.148 62560318.199 62560318.251 62560318.305 62560318.358 62560318.398 62560318.416 62560318.410 62560318.387 62560318.361 62560318.348 62560318.358 62560318.387 62560318.428 62560318.468 62560318.501 62560318.527 62560318.556 62560318.596 62560318.649 62560318.711 62560318.771 62560318.817 62560318.841 62560318.842 62560318.822 62560318.782 62560318.719 62560318.622 62560318.484 62560318.301 62560318.080 62560317.837 62560317.590 62560317.356 62560317.142 62560316.944 62560316.756 62560316.572 62560316.392 62560316.224 62560316.080 62560315.966
62560273.170 62560273.217 62560273.272 62560273.341 62560273.427 62560273.530 62560273.639 62560273.744 62560273.835 62560273.910 62560273.974 62560274.036 62560274.100 62560274.165 62560274.221 62560274.256 62560274.265 62560274.251 62560274.227 62560274.207 62560274.203 62560274.216 62560274.240 62560274.268 62560274.292 62560274.312 62560274.334 62560274.362 62560274.398 62560274.436 62560274.467 62560274.479 62560274.470 62560274.440 62560274.393 62560274.330 62560274.248 62560274.134 62560273.978 62560273.775 62560273.534 62560273.272 62560273.013 62560272.774 62560272.565 62560272.382 62560272.216 62560272.055 62560271.900 62560271.754 62560271.630 62560271.537
62560228.767 62560228.821 62560228.884 62560228.964 62560229.067 62560229.192 62560229.327 62560229.457 62560229.571 62560229.663 62560229.738 62560229.808 62560229.880 62560229.954 62560230.022 62560230.074 62560230.100 62560230.100 62560230.083 62560230.062 62560230.049 62560230.047 62560230.056 62560230.067 62560230.078 62560230.087 62560230.098 62560230.114 62560230.133 62560230.148 62560230.150 62560230.132 62560230.091 62560230.032 62560229.960 62560229.877 62560229.778 62560229.649 62560229.479 62560229.261 62560229.005 62560228.730 62560228.463 62560228.223 62560228.022 62560227.855 62560227.710 62560227.574 62560227.442 62560227.320 62560227.217 62560227.145
62560184.324 62560184.391 62560184.472 62560184.573 62560184.701 62560184.853 62560185.016 62560185.172 62560185.305 62560185.411 62560185.495 62560185.568 62560185.642 62560185.720 62560185.798 62560185.863 62560185.905 62560185.922 62560185.918 62560185.904 62560185.890 62560185.882 62560185.877 62560185.873 62560185.867 62560185.859 62560185.853 62560185.850 62560185.848 62560185.838 62560185.813 62560185.765 62560185.694 62560185.608 62560185.512 62560185.411 62560185.296 62560185.156 62560184.976 62560184.750 62560184.488 62560184.211 62560183.945 62560183.713 62560183.523 62560183.373 62560183.247 62560183.131 62560183.020 62560182.917 62560182.833 62560182.780
62560139.851 62560139.941 62560140.049 62560140.181 62560140.341 62560140.523 62560140.712 62560140.889 62560141.037 62560141.151 62560141.239 62560141.312 62560141.386 62560141.466 62560141.549 62560141.624 62560141.680 62560141.713 62560141.726 62560141.726 62560141.721 62560141.715 62560141.706 62560141.691 62560141.668 62560141.640 62560141.610 62560141.582 62560141.554 62560141.518 62560141.465 62560141.389 62560141.292 62560141.179 62560141.061 62560140.939 62560140.808 62560140.657 62560140.471 62560140.246 62560139.990 62560139.722 62560139.469 62560139.250 62560139.076 62560138.939 62560138.828 62560138.727 62560138.629 62560138.539 62560138.467 62560138.426
62560095.369 62560095.489 62560095.632 62560095.800 62560095.993 62560096.204 62560096.414 62560096.604 62560096.760 62560096.878 62560096.967 62560097.042 62560097.118 62560097.201 62560097.288 62560097.370 62560097.436 62560097.482 62560097.511 62560097.528 62560097.539 62560097.544 62560097.539 62560097.520 62560097.484 62560097.436 62560097.383 62560097.328 62560097.272 62560097.210 62560097.132 62560097.032 62560096.911 62560096.775 62560096.633 62560096.489 62560096.341 62560096.177 62560095.988 62560095.769 62560095.526 62560095.277 62560095.043 62560094.843 62560094.682 62560094.554 62560094.449 62560094.352 62560094.259 62560094.174 62560094.108 62560094.072
62560050.896 62560051.051 62560051.231 62560051.435 62560051.659 62560051.891 62560052.114 62560052.310 62560052.468 62560052.589 62560052.684 62560052.767 62560052.853 62560052.946 62560053.039 62560053.126 62560053.196 62560053.248 62560053.287 62560053.318 62560053.346 62560053.366 62560053.372 62560053.355 62560053.313 62560053.251 62560053.176 62560053.097 62560053.017 62560052.932 62560052.834 62560052.717 62560052.578 62560052.423 62560052.260 62560052.094 62560051.925 62560051.748 62560051.554 62560051.341 62560051.115 62560050.887 62560050.675 62560050.490 62560050.337 62560050.210 62560050.100 62560049.998 62560049.901 62560049.815 62560049.749 62560049.711
62560006.445 62560006.635 62560006.850 62560007.086 62560007.334 62560007.582 62560007.811 62560008.008 62560008.168 62560008.294 62560008.402 62560008.504 62560008.611 62560008.721 62560008.826 62560008.916 62560008.984 62560009.034 62560009.073 62560009.110 62560009.148 62560009.182 62560009.200 62560009.190 62560009.146 62560009.074 62560008.983 62560008.885 62560008.787 62560008.686 62560008.577 62560008.450 62560008.302 62560008.135 62560007.956 62560007.770 62560007.582 62560007.389 62560007.188 62560006.979 62560006.766 62560006.557 62560006.362 62560006.186 62560006.032 62560005.896 62560005.772 62560005.657 62560005.551 62560005.461 62560005.391 62560005.348
62559962.016 62559962.236 62559962.481 62559962.743 62559963.011 62559963.269 62559963.502 62559963.701 62559963.865 62559964.005 62559964.135 62559964.267 62559964.404 62559964.539 62559964.659 62559964.752 62559964.814 62559964.853 62559964.883 62559964.916 62559964.957 62559964.997 62559965.022 62559965.016 62559964.971 62559964.891 62559964.787 62559964.675 62559964.563 62559964.454 62559964.339 62559964.211 62559964.063 62559963.894 62559963.707 62559963.509 62559963.305 62559963.097 62559962.889 62559962.680 62559962.475 62559962.278 62559962.092 62559961.919 62559961.757 62559961.605 62559961.461 62559961.329 62559961.213 62559961.118 62559961.046 62559960.998
62559917.604 62559917.847 62559918.115 62559918.398 62559918.681 62559918.949 62559919.188 62559919.394 62559919.570 62559919.730 62559919.890 62559920.057 62559920.230 62559920.392 62559920.528 62559920.623 62559920.677 62559920.703 62559920.720 62559920.743 62559920.779 62559920.817 62559920.842 62559920.833 62559920.781 62559920.691 62559920.574 62559920.448 62559920.326 62559920.210 62559920.095 62559919.972 62559919.832 62559919.669 62559919.485 62559919.284 62559919.072 62559918.855 62559918.638 62559918.427 62559918.225 62559918.034 62559917.853 62559917.678 62559917.506 62559917.336 62559917.172 62559917.022 62559916.896 62559916.798 62559916.726 62559916.675
62559873.211 62559873.466 62559873.749 62559874.047 62559874.344 62559874.624 62559874.873 62559875.091 62559875.284 62559875.469 62559875.660 62559875.862 62559876.066 62559876.254 62559876.404 62559876.502 62559876.551 62559876.567 62559876.574 62559876.588 62559876.616 62559876.648 62559876.664 62559876.644 62559876.579 62559876.473 62559876.340 62559876.200 62559876.066 62559875.944 62559875.830 62559875.714 62559875.585 62559875.437 62559875.265 62559875.071 62559874.859 62559874.638 62559874.416 62559874.202 62559874.001 62559873.814 62559873.636 62559873.459 62559873.279 62559873.094 62559872.913 62559872.749 62559872.614 62559872.513 62559872.441 62559872.389
62559828.844 62559829.103 62559829.393 62559829.701 62559830.010 62559830.302 62559830.565 62559830.798 62559831.011 62559831.219 62559831.437 62559831.665 62559831.892 62559832.096 62559832.255 62559832.357 62559832.407 62559832.423 62559832.429 62559832.443 62559832.468 62559832.492 62559832.496 62559832.460 62559832.377 62559832.251 62559832.100 62559831.944 62559831.797 62559831.667 62559831.552 62559831.441 62559831.325 62559831.192 62559831.037 62559830.856 62559830.652 62559830.433 62559830.211 62559829.995 62559829.796 62559829.613 62559829.440 62559829.266 62559829.082 62559828.889 62559828.696 62559828.520 62559828.376 62559828.271 62559828.198 62559828.145
