Data/data_grav_rasters/EGM2008_gravity_earth.asc
ncols         159
nrows         172
xllcorner     32.4820794100
yllcorner     29.1707288100
cellsize      0.0259688
nodata_value  9999999
[rows 100 to 124 of 172, columns 57 to 113 of 159]
979376.578 979376.177 979374.373 979371.047 979365.378 979362.469 979360.466 979357.613 979354.933 979351.916 979350.060 979347.862 979346.517 979344.757 979342.882 979342.669 979343.912 979343.901 979343.591 979342.118 979336.380 979326.033 979326.181 979334.875 979335.041 979328.639 979327.179 979326.228 979321.791 979312.544 979305.423 979302.671 979300.616 979297.910 979293.477 979290.978 979274.750 979268.249 979277.626 979269.775 979261.154 979255.498 979276.168 979295.730 979284.800 979277.722 979264.581 979246.912 979241.422 979254.695 979269.807 979319.189 979312.508 979297.717 979288.431 979287.659 979297.194
979371.847 979370.447 979368.804 979366.481 979363.591 979360.249 979356.520 979354.906 979352.589 979349.559 979345.963 979345.054 979343.292 979341.565 979340.566 979340.099 979340.573 979339.774 979336.178 979325.714 979316.487 979319.464 979322.947 979326.130 979325.633 979324.053 979317.519 979312.066 979313.485 979308.349 979300.148 979295.097 979287.601 979283.309 979271.757 979263.639 979283.131 979284.816 979274.968 979257.170 979259.193 979265.371 979303.506 979299.934 979288.405 979272.560 979257.902 979273.140 979288.047 979276.251 979321.252 979320.712 979305.744 979293.812 979287.709 979289.729 979300.840
979369.494 979368.408 979365.817 979363.200 979360.039 979356.681 979352.904 979350.500 979349.769 979347.266 979344.361 979341.957 979340.435 979339.618 979339.079 979339.870 979340.179 979338.971 979326.399 979321.340 979326.630 979325.535 979318.308 979320.888 979320.326 979314.037 979307.560 979307.005 979307.705 979300.932 979291.580 979279.915 979270.353 979257.292 979245.841 979257.932 979279.864 979269.082 979255.633 979278.212 979311.741 979308.194 979315.996 979304.076 979288.019 979265.385 979252.246 979339.069 979326.380 979313.842 979323.998 979310.548 979298.526 979289.990 979287.154 979291.613 979303.708
979369.341 979367.205 979364.473 979361.620 979358.028 979354.895 979351.190 979348.612 979346.980 979345.551 979343.629 979340.495 979337.215 979336.248 979335.315 979333.137 979334.382 979337.165 979333.601 979332.196 979332.984 979331.378 979326.138 979314.890 979309.346 979300.887 979302.851 979305.420 979295.215 979288.020 979273.938 979254.445 979258.505 979256.828 979250.936 979264.301 979261.233 979246.815 979279.457 979302.740 979310.565 979309.465 979317.310 979299.600 979264.360 979235.457 979236.274 979285.547 979330.164 979324.246 979312.712 979301.996 979293.232 979288.074 979288.180 979294.584 979307.247
979367.134 979367.102 979364.826 979360.350 979356.566 979353.038 979350.210 979347.407 979345.538 979344.511 979342.124 979338.245 979331.781 979329.126 979329.058 979327.917 979328.941 979329.917 979330.757 979329.313 979327.750 979326.259 979321.695 979314.339 979303.701 979302.095 979300.381 979285.166 979279.340 979279.403 979265.205 979265.165 979260.660 979250.965 979256.064 979248.303 979230.713 979244.891 979276.601 979283.891 979286.877 979290.690 979283.891 979309.394 979275.167 979280.472 979307.760 979325.699 979325.074 979314.884 979305.511 979297.337 979291.338 979288.862 979291.155 979298.870 979311.797
979364.959 979364.097 979362.307 979359.550 979355.927 979351.593 979347.564 979345.158 979343.708 979341.429 979338.517 979332.277 979322.802 979325.251 979322.958 979328.098 979327.372 979324.293 979325.025 979322.911 979324.238 979319.811 979310.867 979305.075 979309.208 979307.572 979295.385 979279.020 979260.836 979244.030 979257.881 979267.030 979262.432 979259.873 979245.634 979226.296 979213.452 979234.798 979270.370 979289.617 979289.671 979269.610 979259.705 979279.656 979336.858 979342.387 979333.277 979321.268 979314.378 979311.266 979303.530 979296.983 979292.612 979291.662 979295.158 979303.515 979316.433
979364.043 979360.839 979357.082 979353.219 979348.836 979349.092 979344.846 979341.616 979339.719 979337.004 979334.006 979328.547 979322.281 979320.043 979322.227 979326.039 979324.491 979319.632 979316.453 979316.152 979314.596 979309.862 979301.062 979289.727 979291.549 979300.895 979286.527 979262.107 979248.752 979241.309 979256.856 979257.898 979269.645 979272.852 979267.355 979260.553 979274.004 979300.530 979300.480 979290.858 979268.807 979265.125 979309.587 979339.168 979337.464 979321.547 979314.023 979314.211 979319.872 979312.559 979305.544 979299.433 979295.430 979294.883 979298.740 979307.226 979319.904
979358.740 979355.717 979350.955 979344.634 979337.781 979341.014 979343.233 979339.904 979336.920 979335.461 979333.657 979332.746 979323.731 979314.693 979320.717 979320.509 979316.897 979311.379 979309.609 979310.089 979304.339 979298.301 979287.068 979287.663 979290.248 979288.862 979277.390 979271.696 979263.402 979250.754 979251.148 979260.891 979267.459 979286.509 979296.850 979306.384 979309.860 979310.724 979302.031 979273.636 979264.511 979327.365 979339.482 979326.212 979314.452 979305.596 979304.560 979320.747 979322.784 979316.020 979308.905 979302.361 979297.945 979297.208 979301.061 979309.502 979321.827
979349.020 979348.052 979346.265 979339.461 979327.807 979331.157 979338.331 979339.622 979336.418 979335.429 979329.768 979330.728 979318.536 979314.031 979316.178 979313.588 979310.052 979304.000 979299.649 979302.426 979298.736 979291.483 979279.141 979266.412 979273.247 979279.752 979274.211 979265.424 979239.328 979219.940 979231.853 979247.022 979238.958 979254.836 979272.538 979298.178 979304.256 979309.327 979318.524 979318.021 979327.276 979330.606 979314.365 979298.646 979290.720 979298.606 979316.995 979331.015 979325.330 979318.655 979311.142 979304.047 979299.260 979298.484 979302.529 979311.079 979323.072
979339.102 979338.734 979339.872 979339.688 979333.211 979334.845 979341.528 979340.367 979332.860 979317.025 979307.950 979322.325 979304.116 979305.567 979308.280 979301.146 979295.859 979290.031 979292.094 979288.744 979291.475 979287.042 979281.719 979271.184 979259.593 979243.357 979242.509 979220.236 979212.767 979221.247 979236.444 979242.593 979227.899 979228.250 979231.220 979266.919 979293.947 979311.382 979321.739 979319.178 979306.843 979291.410 979273.484 979269.318 979270.844 979309.170 979333.346 979330.829 979325.378 979318.729 979311.182 979304.202 979299.816 979299.693 979304.408 979313.295 979324.960
979330.617 979332.199 979336.894 979337.178 979335.115 979340.001 979339.372 979329.952 979309.718 979281.216 979306.514 979320.025 979308.054 979288.937 979292.093 979291.777 979290.139 979288.645 979281.613 979282.423 979277.337 979276.915 979277.920 979271.446 979255.767 979237.755 979221.476 979209.480 979216.171 979225.840 979229.662 979231.897 979228.322 979214.341 979214.136 979218.247 979256.462 979280.520 979297.164 979282.027 979267.614 979253.903 979247.527 979256.540 979284.239 979314.056 979329.680 979328.066 979322.584 979316.291 979309.547 979303.778 979300.832 979302.079 979307.746 979316.880 979325.619
979326.958 979326.219 979324.411 979316.870 979310.627 979307.963 979303.656 979305.031 979303.895 979304.613 979322.291 979320.708 979305.890 979279.351 979283.785 979295.708 979297.149 979295.826 979290.077 979286.835 979264.953 979256.458 979261.769 979263.745 979261.243 979250.939 979238.036 979220.604 979216.233 979223.157 979218.968 979218.432 979222.629 979221.639 979209.226 979214.010 979229.222 979247.615 979234.990 979241.272 979242.859 979235.407 979248.243 979258.407 979278.343 979297.697 979320.919 979323.547 979318.038 979312.636 979307.615 979304.059 979303.296 979306.151 979312.468 979321.188 979322.414
979317.168 979316.589 979302.350 979254.030 979240.415 979246.958 979277.358 979309.783 979326.032 979326.672 979317.724 979312.548 979299.855 979295.000 979291.234 979295.703 979298.964 979294.663 979284.418 979273.125 979267.074 979237.189 979250.881 979230.346 979237.281 979240.216 979238.685 979226.438 979224.281 979221.109 979202.129 979204.461 979216.356 979211.205 979202.020 979204.094 979219.644 979217.044 979216.852 979223.851 979234.303 979231.842 979250.525 979274.293 979291.227 979289.102 979311.865 979318.655 979313.318 979309.297 979306.623 979305.769 979307.276 979311.297 979317.363 979324.568 979321.590
979307.858 979285.557 979255.506 979232.929 979188.705 979214.808 979277.273 979326.924 979329.118 979323.963 979316.969 979301.513 979280.844 979293.120 979302.958 979299.268 979290.202 979287.775 979283.655 979264.913 979237.968 979228.257 979238.658 979217.880 979222.277 979235.064 979232.195 979225.363 979220.555 979215.474 979208.126 979205.707 979199.970 979197.167 979197.084 979208.564 979222.780 979243.323 979248.136 979219.171 979230.983 979243.575 979248.493 979262.523 979291.975 979306.638 979310.342 979314.558 979309.662 979307.276 979307.070 979308.749 979311.971 979316.246 979320.961 979315.604 979304.262
979272.937 979220.363 979186.950 979247.169 979285.268 979269.401 979316.735 979324.874 979323.213 979319.760 979316.938 979311.171 979308.158 979310.377 979299.295 979289.434 979278.243 979267.704 979252.634 979244.870 979238.693 979227.160 979226.998 979215.726 979219.067 979221.834 979218.955 979208.977 979207.339 979197.737 979189.179 979193.916 979191.438 979187.814 979208.100 979251.929 979262.767 979262.216 979221.171 979210.389 979257.637 979255.852 979262.657 979301.593 979296.177 979305.892 979312.701 979311.915 979307.678 979306.876 979308.764 979312.289 979316.325 979319.932 979317.788 979295.882 979293.852
979215.940 979187.021 979241.981 979285.116 979298.883 979308.480 979313.019 979316.587 979316.596 979313.865 979313.579 979313.824 979312.598 979308.870 979301.810 979292.958 979286.816 979263.547 979249.732 979240.494 979230.047 979224.175 979212.982 979207.942 979199.320 979195.394 979201.177 979195.467 979187.928 979177.213 979168.758 979179.323 979174.409 979206.911 979253.992 979261.597 979262.346 979263.279 979258.536 979253.407 979245.811 979257.005 979283.430 979279.205 979288.292 979282.222 979297.246 979310.980 979307.499 979307.962 979311.241 979315.683 979319.656 979322.090 979301.814 979291.587 979285.435
979206.352 979225.878 979277.031 979279.078 979301.683 979306.062 979309.325 979310.688 979310.610 979309.725 979308.590 979308.842 979307.876 979306.182 979300.524 979294.511 979289.366 979284.444 979276.741 979244.470 979216.764 979209.328 979164.635 979189.500 979174.124 979169.762 979189.131 979175.282 979172.421 979165.180 979169.029 979172.787 979203.223 979245.943 979253.758 979247.353 979249.074 979255.552 979264.258 979248.915 979258.604 979256.710 979279.317 979267.303 979260.339 979269.581 979293.720 979311.763 979309.005 979310.259 979314.109 979318.567 979321.866 979320.482 979302.260 979291.068 979281.715
979275.842 979282.764 979293.638 979296.067 979296.555 979300.128 979302.405 979304.976 979305.974 979304.984 979304.758 979298.144 979297.769 979294.087 979289.861 979283.725 979278.304 979278.611 979273.575 979263.397 979232.510 979195.653 979158.393 979181.601 979174.804 979169.415 979166.741 979158.044 979174.837 979198.297 979217.904 979239.729 979240.159 979229.435 979234.072 979236.319 979241.267 979239.264 979240.157 979242.119 979264.646 979260.632 979278.379 979254.950 979253.859 979279.210 979302.730 979314.015 979311.849 979313.407 979317.100 979310.447 979320.404 979316.270 979304.193 979294.701 979282.926
979292.216 979293.891 979295.072 979294.812 979293.096 979296.123 979299.468 979301.461 979303.181 979301.489 979298.973 979296.514 979294.775 979292.882 979285.739 979276.229 979263.815 979265.722 979268.227 979264.149 979227.025 979179.487 979151.623 979160.630 979160.922 979157.137 979154.035 979159.109 979200.597 979219.527 979216.935 979208.860 979218.597 979228.359 979238.013 979235.765 979237.657 979228.227 979214.759 979243.751 979237.343 979258.633 979265.387 979264.852 979276.718 979287.042 979303.197 979316.555 979315.360 979313.919 979312.762 979307.410 979309.617 979310.446 979304.014 979294.681 979283.984
979290.218 979291.625 979292.314 979292.072 979292.919 979295.145 979297.422 979299.512 979300.115 979300.892 979299.666 979294.032 979291.542 979287.165 979279.920 979267.864 979255.465 979250.631 979256.656 979257.554 979250.136 979211.647 979140.360 979146.723 979140.912 979148.247 979147.065 979184.407 979180.015 979167.397 979180.688 979211.940 979219.327 979218.289 979218.088 979219.066 979218.560 979215.758 979199.946 979253.135 979244.445 979247.285 979251.697 979265.765 979282.840 979289.337 979299.967 979316.063 979314.952 979311.432 979303.030 979299.605 979304.704 979303.886 979303.174 979297.778 979273.203
979282.354 979274.717 979279.469 979287.202 979290.519 979294.317 979296.950 979296.908 979295.928 979296.084 979294.413 979290.209 979283.276 979282.896 979276.229 979269.127 979255.087 979239.711 979238.690 979245.233 979240.058 979203.257 979163.521 979143.982 979157.021 979149.576 979150.196 979164.086 979181.415 979197.386 979195.949 979199.114 979201.376 979203.070 979207.809 979220.884 979220.979 979241.157 979244.417 979263.142 979249.938 979248.748 979261.672 979274.461 979292.912 979295.770 979301.471 979314.859 979308.172 979307.148 979300.665 979293.867 979298.327 979298.597 979300.571 979284.928 979218.590
979276.212 979265.570 979269.853 979266.783 979284.033 979292.176 979294.457 979293.861 979291.213 979290.547 979288.648 979285.151 979278.617 979269.258 979265.982 979260.758 979255.011 979231.138 979188.916 979202.451 979218.630 979200.188 979196.608 979187.730 979176.790 979162.336 979147.615 979149.871 979182.674 979192.513 979206.176 979193.917 979202.488 979211.336 979225.242 979244.475 979253.000 979260.472 979264.595 979252.404 979241.115 979252.449 979270.436 979278.368 979285.257 979284.879 979301.822 979309.934 979302.838 979299.697 979296.944 979293.793 979294.329 979293.186 979292.759 979254.443 979174.922
979277.417 979274.836 979274.144 979265.989 979260.899 979276.270 979285.080 979286.694 979282.699 979282.248 979278.650 979275.612 979265.151 979251.987 979251.495 979245.248 979242.156 979230.743 979214.841 979204.070 979195.036 979203.396 979183.026 979172.082 979162.713 979146.803 979163.248 979187.029 979190.640 979193.854 979196.692 979218.309 979223.173 979233.294 979237.169 979242.050 979248.846 979254.686 979257.369 979243.247 979231.333 979250.722 979263.338 979262.133 979285.865 979290.373 979302.733 979300.750 979297.455 979294.045 979292.754 979291.544 979290.806 979285.888 979278.539 979241.293 979141.440
979275.474 979276.314 979278.517 979279.281 979277.732 979276.878 979274.087 979263.790 979254.198 979268.806 979275.006 979271.403 979267.361 979234.492 979233.755 979236.015 979244.860 979234.623 979229.259 979224.598 979210.501 979195.608 979183.574 979175.775 979153.842 979179.653 979205.029 979198.657 979205.598 979200.708 979213.390 979234.065 979244.851 979244.099 979237.510 979242.366 979248.403 979249.041 979247.095 979232.709 979242.430 979233.727 979233.361 979267.221 979288.263 979299.555 979298.479 979292.944 979290.818 979288.843 979287.360 979287.983 979286.824 979275.665 979253.444 979216.365 979160.867
979272.663 979272.822 979275.019 979275.074 979274.018 979273.785 979271.539 979266.545 979263.315 979264.782 979259.732 979250.664 979242.449 979245.305 979251.507 979237.875 979233.518 979233.477 979231.227 979221.672 979217.345 979211.026 979205.553 979204.181 979199.441 979181.845 979201.162 979220.115 979222.001 979220.182 979226.432 979230.434 979241.770 979241.994 979243.076 979244.158 979245.109 979236.205 979228.205 979218.101 979214.626 979204.257 979231.836 979261.057 979286.008 979293.524 979292.490 979288.808 979285.525 979284.098 979283.105 979284.533 979279.808 979267.602 979236.003 979182.166 979126.390
