Data/data_grav_rasters/EGM2008_gravity_earth.asc
ncols         159
nrows         172
xllcorner     32.4820794100
yllcorner     29.1707288100
cellsize      0.0259688
nodata_value  9999999
[rows 0 to 24 of 172, columns 0 to 56 of 159]
979656.013 979660.662 979664.932 979668.829 979672.179 979674.651 979675.871 979675.568 979673.672 979670.314 979665.732 979660.150 979653.699 979646.436 979638.442 979629.937 979621.338 979613.200 979606.067 979600.290 979595.920 979592.701 979590.197 979587.952 979585.627 979583.055 979580.207 979577.117 979573.833 979570.410 979566.952 979563.640 979560.710 979558.379 979556.747 979555.749 979555.186 979554.843 979554.611 979554.563 979554.899 979555.811 979557.325 979559.224 979561.115 979562.608 979563.526 979564.007 979564.440 979565.250 979566.644 979568.462 979570.221 979571.346 979571.473 979570.663 979569.406
979651.546 979655.719 979659.492 979662.977 979666.100 979668.575 979669.991 979669.967 979668.293 979664.988 979660.253 979654.367 979647.583 979640.096 979632.076 979623.755 979615.478 979607.694 979600.858 979595.303 979591.136 979588.210 979586.177 979584.600 979583.065 979581.248 979578.950 979576.088 979572.700 979568.943 979565.097 979561.520 979558.570 979556.484 979555.292 979554.805 979554.698 979554.664 979554.565 979554.486 979554.672 979555.361 979556.616 979558.252 979559.900 979561.189 979561.954 979562.328 979562.681 979563.413 979564.722 979566.464 979568.202 979569.428 979569.824 979569.450 979568.728
979646.684 979650.249 979653.247 979655.930 979658.385 979660.447 979661.745 979661.847 979660.425 979657.371 979652.808 979647.012 979640.309 979632.990 979625.296 979617.456 979609.736 979602.464 979595.997 979590.642 979586.574 979583.774 979582.025 979580.957 979580.116 979579.050 979577.388 979574.916 979571.625 979567.737 979563.666 979559.923 979556.970 979555.068 979554.195 979554.065 979554.258 979554.406 979554.355 979554.209 979554.246 979554.743 979555.800 979557.269 979558.816 979560.100 979560.956 979561.484 979561.984 979562.783 979564.032 979565.597 979567.122 979568.213 979568.654 979568.541 979568.233
979641.294 979644.229 979646.382 979648.132 979649.732 979651.168 979652.157 979652.265 979651.084 979648.388 979644.204 979638.775 979632.458 979625.611 979618.530 979611.433 979604.504 979597.938 979591.974 979586.866 979582.831 979579.978 979578.244 979577.371 979576.933 979576.412 979575.313 979573.298 979570.288 979566.509 979562.442 979558.683 979555.757 979553.946 979553.209 979553.222 979553.539 979553.784 979553.809 979553.728 979553.818 979554.346 979555.415 979556.896 979558.502 979559.938 979561.055 979561.918 979562.738 979563.730 979564.958 979566.282 979567.426 979568.135 979568.340 979568.210 979568.077
979635.422 979637.843 979639.315 979640.285 979641.119 979641.932 979642.540 979642.543 979641.502 979639.115 979635.332 979630.357 979624.563 979618.360 979612.082 979605.933 979600.011 979594.365 979589.082 979584.318 979580.290 979577.201 979575.147 979574.030 979573.530 979573.154 979572.363 979570.738 979568.119 979564.681 979560.882 979557.317 979554.513 979552.760 979552.031 979552.035 979552.376 979552.732 979552.982 979553.224 979553.677 979554.532 979555.834 979557.450 979559.144 979560.702 979562.036 979563.210 979564.360 979565.579 979566.826 979567.923 979568.649 979568.888 979568.720 979568.414 979568.306
979629.318 979631.449 979632.573 979633.110 979633.447 979633.763 979633.957 979633.697 979632.571 979630.269 979626.714 979622.097 979616.806 979611.289 979605.905 979600.838 979596.090 979591.553 979587.132 979582.840 979578.836 979575.379 979572.709 979570.918 979569.863 979569.175 979568.360 979566.976 979564.796 979561.897 979558.638 979555.523 979553.019 979551.395 979550.660 979550.613 979550.970 979551.508 979552.148 979552.945 979554.006 979555.381 979557.006 979558.720 979560.351 979561.804 979563.110 979564.384 979565.732 979567.144 979568.467 979569.457 979569.917 979569.827 979569.388 979568.961 979568.898
979623.234 979625.339 979626.491 979626.983 979627.121 979627.077 979626.807 979626.072 979624.558 979622.024 979618.431 979613.992 979609.110 979604.251 979599.779 979595.841 979592.340 979589.010 979585.567 979581.855 979577.941 979574.093 979570.670 979567.957 979566.029 979564.701 979563.603 979562.326 979560.597 979558.381 979555.888 979553.470 979551.479 979550.135 979549.481 979549.424 979549.825 979550.583 979551.666 979553.075 979554.777 979556.649 979558.498 979560.130 979561.447 979562.505 979563.492 979564.623 979566.011 979567.575 979569.059 979570.143 979570.613 979570.491 979570.046 979569.689 979569.776
979617.219 979619.508 979620.970 979621.704 979621.861 979621.544 979620.748 979619.356 979617.207 979614.201 979610.389 979606.022 979601.509 979597.297 979593.716 979590.859 979588.536 979586.350 979583.856 979580.749 979576.997 979572.853 979568.760 979565.163 979562.341 979560.308 979558.844 979557.611 979556.319 979554.837 979553.222 979551.657 979550.350 979549.446 979548.999 979549.009 979549.467 979550.392 979551.802 979553.653 979555.786 979557.931 979559.782 979561.126 979561.945 979562.445 979562.971 979563.845 979565.203 979566.919 979568.651 979570.009 979570.743 979570.867 979570.660 979570.528 979570.806
979611.107 979613.644 979615.508 979616.591 979616.857 979616.317 979614.998 979612.920 979610.111 979606.642 979602.674 979598.489 979594.455 979590.951 979588.229 979586.310 979584.933 979583.624 979581.853 979579.229 979575.655 979571.369 979566.856 979562.664 979559.211 979556.662 979554.921 979553.731 979552.814 979551.986 979551.193 979550.480 979549.921 979549.568 979549.451 979549.610 979550.125 979551.101 979552.606 979554.582 979556.805 979558.917 979560.558 979561.517 979561.851 979561.877 979562.047 979562.748 979564.125 979566.011 979568.014 979569.697 979570.780 979571.254 979571.362 979571.455 979571.816
979604.694 979607.364 979609.514 979610.870 979611.236 979610.539 979608.836 979606.282 979603.086 979599.480 979595.711 979592.042 979588.750 979586.083 979584.175 979582.966 979582.163 979581.291 979579.833 979577.405 979573.915 979569.603 979564.965 979560.574 979556.893 979554.147 979552.303 979551.165 979550.492 979550.106 979549.920 979549.906 979550.043 979550.291 979550.611 979551.020 979551.615 979552.545 979553.923 979555.720 979557.719 979559.564 979560.903 979561.555 979561.623 979561.469 979561.570 979562.307 979563.792 979565.826 979567.999 979569.877 979571.189 979571.912 979572.235 979572.421 979572.670
979597.987 979600.536 979602.716 979604.165 979604.587 979603.854 979602.050 979599.434 979596.355 979593.151 979590.093 979587.373 979585.121 979583.409 979582.229 979581.449 979580.786 979579.840 979578.200 979575.588 979571.986 979567.665 979563.110 979558.857 979555.316 979552.671 979550.882 979549.775 979549.167 979548.945 979549.072 979549.527 979550.247 979551.104 979551.961 979552.743 979553.498 979554.373 979555.517 979556.969 979558.588 979560.092 979561.187 979561.732 979561.840 979561.846 979562.169 979563.115 979564.730 979566.793 979568.915 979570.729 979572.023 979572.794 979573.176 979573.327 979573.332
979591.312 979593.473 979595.418 979596.788 979597.252 979596.657 979595.100 979592.898 979590.465 979588.173 979586.256 979584.790 979583.729 979582.965 979582.355 979581.715 979580.809 979579.359 979577.121 979573.983 979570.051 979565.654 979561.261 979557.325 979554.143 979551.787 979550.143 979549.033 979548.336 979548.046 979548.237 979548.961 979550.153 979551.615 979553.083 979554.353 979555.375 979556.262 979557.198 979558.312 979559.577 979560.819 979561.821 979562.469 979562.846 979563.212 979563.875 979565.035 979566.670 979568.554 979570.366 979571.850 979572.903 979573.569 979573.943 979574.064 979573.878
979585.211 979586.848 979588.431 979589.659 979590.218 979589.943 979588.925 979587.477 979586.011 979584.867 979584.203 979583.969 979583.966 979583.943 979583.662 979582.918 979581.538 979579.376 979576.357 979572.538 979568.157 979563.613 979559.363 979555.777 979553.020 979551.025 979549.579 979548.473 979547.644 979547.201 979547.354 979548.250 979549.848 979551.884 979553.968 979555.755 979557.089 979558.047 979558.858 979559.746 979560.800 979561.945 979563.014 979563.887 979564.588 979565.280 979566.167 979567.362 979568.806 979570.299 979571.614 979572.623 979573.347 979573.890 979574.317 979574.555 979574.397
979580.194 979581.408 979582.714 979583.891 979584.651 979584.822 979584.460 979583.836 979583.308 979583.153 979583.448 979584.051 979584.676 979585.003 979584.762 979583.762 979581.887 979579.088 979575.405 979571.013 979566.248 979561.569 979557.434 979554.160 979551.809 979550.195 979549.008 979548.004 979547.150 979546.652 979546.830 979547.916 979549.882 979552.404 979554.983 979557.157 979558.699 979559.683 979560.401 979561.177 979562.189 979563.409 979564.663 979565.777 979566.694 979567.501 979568.343 979569.312 979570.364 979571.354 979572.143 979572.707 979573.158 979573.653 979574.240 979574.754 979574.855
979576.511 979577.615 979578.913 979580.229 979581.292 979581.915 979582.110 979582.090 979582.147 979582.495 979583.162 979583.975 979584.644 979584.866 979584.406 979583.115 979580.916 979577.792 979573.812 979569.184 979564.280 979559.594 979555.603 979552.614 979550.643 979549.432 979548.604 979547.873 979547.213 979546.877 979547.245 979548.590 979550.876 979553.720 979556.540 979558.810 979560.293 979561.117 979561.673 979562.382 979563.475 979564.906 979566.422 979567.739 979568.709 979569.379 979569.913 979570.455 979571.037 979571.575 979571.978 979572.258 979572.557 979573.055 979573.800 979574.594 979575.020
979574.043 979575.430 979577.025 979578.651 979580.031 979580.964 979581.433 979581.610 979581.742 979582.008 979582.425 979582.850 979583.053 979582.818 979581.994 979580.493 979578.250 979575.218 979571.411 979566.981 979562.275 979557.788 979554.034 979551.348 979549.759 979548.994 979548.635 979548.357 979548.112 979548.150 979548.861 979550.510 979553.029 979555.982 979558.734 979560.748 979561.838 979562.246 979562.496 979563.110 979564.341 979566.067 979567.890 979569.378 979570.288 979570.661 979570.745 979570.813 979571.003 979571.281 979571.539 979571.734 979571.959 979572.385 979573.097 979573.944 979574.528
979572.371 979574.311 979576.372 979578.329 979579.892 979580.862 979581.233 979581.180 979580.943 979580.696 979580.473 979580.180 979579.679 979578.867 979577.698 979576.145 979574.142 979571.572 979568.338 979564.483 979560.276 979556.199 979552.797 979550.466 979549.284 979548.999 979549.175 979549.448 979549.729 979550.236 979551.334 979553.261 979555.907 979558.790 979561.245 979562.755 979563.219 979563.020 979562.836 979563.294 979564.653 979566.688 979568.831 979570.474 979571.282 979571.318 979570.954 979570.628 979570.597 979570.850 979571.194 979571.448 979571.587 979571.755 979572.108 979572.633 979573.060
979570.941 979573.435 979575.881 979577.987 979579.458 979580.135 979580.072 979579.496 979578.676 979577.798 979576.906 979575.940 979574.830 979573.568 979572.205 979570.775 979569.206 979567.310 979564.871 979561.803 979558.283 979554.761 979551.810 979549.888 979549.135 979549.327 979550.018 979550.809 979551.563 979552.466 979553.863 979555.975 979558.669 979561.427 979563.561 979564.565 979564.410 979563.601 979562.957 979563.205 979564.620 979566.888 979569.280 979571.031 979571.716 979571.430 979570.678 979570.062 979569.955 979570.341 979570.901 979571.263 979571.249 979570.960 979570.660 979570.538 979570.533
979569.257 979572.023 979574.545 979576.478 979577.542 979577.653 979576.967 979575.796 979574.455 979573.133 979571.853 979570.542 979569.144 979567.703 979566.342 979565.152 979564.077 979562.885 979561.266 979559.023 979556.245 979553.343 979550.903 979549.429 979549.107 979549.732 979550.844 979552.005 979553.047 979554.144 979555.657 979557.833 979560.555 979563.290 979565.316 979566.096 979565.605 979564.402 979563.397 979563.405 979564.740 979567.050 979569.506 979571.224 979571.714 979571.091 979569.970 979569.095 979568.933 979569.457 979570.219 979570.658 979570.435 979569.610 979568.554 979567.677 979567.151
979567.040 979569.636 979571.851 979573.305 979573.753 979573.203 979571.919 979570.302 979568.703 979567.290 979566.024 979564.765 979563.421 979562.046 979560.812 979559.874 979559.222 979558.622 979557.712 979556.219 979554.155 979551.882 979549.979 979548.969 979549.062 979550.053 979551.460 979552.807 979553.909 979554.959 979556.381 979558.507 979561.283 979564.193 979566.466 979567.475 979567.104 979565.865 979564.682 979564.433 979565.502 979567.575 979569.809 979571.272 979571.430 979570.402 979568.865 979567.659 979567.326 979567.843 979568.673 979569.108 979568.677 979567.396 979565.715 979564.222 979563.286
979564.314 979566.338 979567.970 979568.817 979568.667 979567.598 979565.954 979564.189 979562.662 979561.490 979560.545 979559.594 979558.481 979557.253 979556.129 979555.342 979554.955 979554.771 979554.417 979553.563 979552.151 979550.483 979549.111 979548.555 979549.030 979550.323 979551.922 979553.317 979554.307 979555.123 979556.284 979558.254 979561.095 979564.341 979567.174 979568.831 979569.019 979568.102 979566.932 979566.414 979567.028 979568.576 979570.295 979571.282 979570.983 979569.493 979567.490 979565.851 979565.173 979565.459 979566.153 979566.475 979565.872 979564.310 979562.266 979560.419 979559.255
979561.404 979562.644 979563.639 979563.992 979563.496 979562.247 979560.607 979559.030 979557.842 979557.089 979556.557 979555.927 979554.994 979553.808 979552.648 979551.839 979551.537 979551.603 979551.667 979551.352 979550.521 979549.406 979548.513 979548.354 979549.148 979550.684 979552.426 979553.823 979554.648 979555.154 979555.954 979557.658 979560.483 979564.058 979567.546 979570.044 979571.037 979570.667 979569.642 979568.855 979568.890 979569.722 979570.750 979571.159 979570.397 979568.502 979566.083 979563.989 979562.837 979562.688 979563.034 979563.112 979562.338 979560.634 979558.441 979556.442 979555.146
979558.825 979559.291 979559.793 979559.924 979559.445 979558.410 979557.128 979555.994 979555.269 979554.933 979554.705 979554.223 979553.271 979551.931 979550.552 979549.560 979549.202 979549.398 979549.778 979549.909 979549.568 979548.903 979548.373 979548.486 979549.492 979551.204 979553.081 979554.527 979555.259 979555.505 979555.922 979557.246 979559.863 979563.543 979567.491 979570.708 979572.474 979572.681 979571.852 979570.821 979570.269 979570.363 979570.709 979570.623 979569.565 979567.479 979564.844 979562.410 979560.780 979560.080 979559.908 979559.587 979558.565 979556.727 979554.441 979552.317 979550.827
979557.077 979556.919 979557.134 979557.300 979557.123 979556.567 979555.842 979555.244 979554.957 979554.908 979554.795 979554.258 979553.107 979551.474 979549.780 979548.534 979548.058 979548.313 979548.923 979549.394 979549.411 979549.038 979548.689 979548.890 979549.951 979551.749 979553.766 979555.363 979556.163 979556.300 979556.398 979557.261 979559.428 979562.845 979566.836 979570.396 979572.663 979573.310 979572.656 979571.440 979570.402 979569.889 979569.718 979569.353 979568.270 979566.299 979563.741 979561.189 979559.190 979557.928 979557.136 979556.277 979554.873 979552.794 979550.322 979547.961 979546.120
979556.410 979555.797 979555.845 979556.132 979556.312 979556.254 979556.054 979555.905 979555.920 979556.003 979555.866 979555.185 979553.813 979551.925 979549.984 979548.542 979547.966 979548.244 979548.992 979549.669 979549.880 979549.610 979549.239 979549.323 979550.260 979552.031 979554.175 979556.026 979557.086 979557.333 979557.269 979557.682 979559.218 979562.016 979565.588 979569.023 979571.413 979572.272 979571.728 979570.397 979569.024 979568.089 979567.600 979567.165 979566.284 979564.674 979562.437 979559.982 979557.765 979556.008 979554.585 979553.116 979551.230 979548.801 979546.033 979543.328 979541.032
