Data/data_grav_rasters/EGM2008_potential_ell.asc
ncols         159
nrows         172
xllcorner     32.4820794100
yllcorner     29.1707288100
cellsize      0.0259688
nodata_value  1000000000
[rows 23 to 45 of 172, columns 104 to 155 of 159]
62560864.751 62560866.438 62560868.030 62560869.508 62560870.867 62560872.105 62560873.212 62560874.161 62560874.910 62560875.419 62560875.676 62560875.712 62560875.607 62560875.470 62560875.420 62560875.547 62560875.899 62560876.473 62560877.229 62560878.104 62560879.031 62560879.943 62560880.778 62560881.476 62560881.992 62560882.299 62560882.408 62560882.363 62560882.232 62560882.085 62560881.967 62560881.881 62560881.799 62560881.679 62560881.499 62560881.279 62560881.077 62560880.965 62560880.993 62560881.160 62560881.403 62560881.621 62560881.719 62560881.645 62560881.419 62560881.117 62560880.845 62560880.688 62560880.685 62560880.817 62560881.031 62560881.267
62560819.790 62560821.404 62560822.955 62560824.428 62560825.807 62560827.077 62560828.211 62560829.172 62560829.916 62560830.406 62560830.628 62560830.607 62560830.405 62560830.119 62560829.856 62560829.718 62560829.776 62560830.072 62560830.607 62560831.354 62560832.254 62560833.226 62560834.176 62560835.003 62560835.627 62560836.006 62560836.149 62560836.115 62560835.994 62560835.872 62560835.803 62560835.790 62560835.796 62560835.770 62560835.683 62560835.550 62560835.429 62560835.393 62560835.493 62560835.730 62560836.043 62560836.338 62560836.525 62560836.558 62560836.460 62560836.305 62560836.188 62560836.183 62560836.314 62560836.554 62560836.847 62560837.140
62560774.907 62560776.414 62560777.868 62560779.257 62560780.568 62560781.776 62560782.849 62560783.748 62560784.430 62560784.864 62560785.038 62560784.971 62560784.715 62560784.352 62560783.981 62560783.701 62560783.602 62560783.744 62560784.158 62560784.832 62560785.715 62560786.717 62560787.723 62560788.614 62560789.294 62560789.715 62560789.889 62560789.885 62560789.804 62560789.739 62560789.744 62560789.819 62560789.921 62560789.992 62560789.995 62560789.941 62560789.885 62560789.899 62560790.041 62560790.316 62560790.676 62560791.039 62560791.322 62560791.486 62560791.544 62560791.559 62560791.608 62560791.746 62560791.988 62560792.304 62560792.648 62560792.982
62560730.058 62560731.423 62560732.723 62560733.956 62560735.109 62560736.162 62560737.084 62560737.841 62560738.400 62560738.737 62560738.848 62560738.749 62560738.487 62560738.129 62560737.762 62560737.478 62560737.363 62560737.483 62560737.873 62560738.527 62560739.393 62560740.383 62560741.379 62560742.265 62560742.948 62560743.387 62560743.599 62560743.657 62560743.657 62560743.688 62560743.796 62560743.975 62560744.175 62560744.335 62560744.419 62560744.434 62560744.433 62560744.489 62560744.664 62560744.972 62560745.381 62560745.818 62560746.213 62560746.520 62560746.744 62560746.926 62560747.123 62560747.375 62560747.691 62560748.051 62560748.423 62560748.789
62560685.184 62560686.386 62560687.501 62560688.535 62560689.482 62560690.325 62560691.042 62560691.609 62560692.007 62560692.224 62560692.264 62560692.147 62560691.913 62560691.620 62560691.340 62560691.151 62560691.126 62560691.319 62560691.753 62560692.418 62560693.261 62560694.199 62560695.129 62560695.954 62560696.601 62560697.043 62560697.304 62560697.451 62560697.565 62560697.719 62560697.942 62560698.222 62560698.509 62560698.746 62560698.900 62560698.981 62560699.040 62560699.151 62560699.375 62560699.736 62560700.211 62560700.740 62560701.254 62560701.706 62560702.084 62560702.411 62560702.727 62560703.062 62560703.428 62560703.818 62560704.216 62560704.622
62560640.269 62560641.306 62560642.242 62560643.084 62560643.827 62560644.462 62560644.973 62560645.349 62560645.585 62560645.684 62560645.658 62560645.531 62560645.339 62560645.132 62560644.970 62560644.914 62560645.020 62560645.320 62560645.824 62560646.506 62560647.312 62560648.171 62560649.001 62560649.734 62560650.325 62560650.766 62560651.083 62560651.330 62560651.567 62560651.842 62560652.169 62560652.530 62560652.881 62560653.175 62560653.391 62560653.541 62560653.677 62560653.867 62560654.169 62560654.608 62560655.167 62560655.793 62560656.421 62560657.000 62560657.507 62560657.952 62560658.363 62560658.770 62560659.189 62560659.625 62560660.079 62560660.555
62560595.355 62560596.246 62560597.037 62560597.729 62560598.313 62560598.781 62560599.124 62560599.343 62560599.446 62560599.448 62560599.369 62560599.235 62560599.079 62560598.944 62560598.880 62560598.938 62560599.154 62560599.546 62560600.103 62560600.788 62560601.546 62560602.315 62560603.038 62560603.677 62560604.214 62560604.656 62560605.029 62560605.370 62560605.715 62560606.087 62560606.488 62560606.899 62560607.287 62560607.622 62560607.895 62560608.121 62560608.349 62560608.635 62560609.030 62560609.556 62560610.196 62560610.904 62560611.620 62560612.293 62560612.897 62560613.437 62560613.936 62560614.426 62560614.929 62560615.457 62560616.015 62560616.605
62560550.504 62560551.279 62560551.968 62560552.562 62560553.043 62560553.397 62560553.619 62560553.721 62560553.723 62560553.652 62560553.532 62560553.388 62560553.251 62560553.156 62560553.148 62560553.268 62560553.544 62560553.983 62560554.561 62560555.230 62560555.935 62560556.623 62560557.257 62560557.822 62560558.321 62560558.772 62560559.197 62560559.615 62560560.041 62560560.478 62560560.921 62560561.356 62560561.765 62560562.133 62560562.461 62560562.768 62560563.089 62560563.470 62560563.949 62560564.541 62560565.234 62560565.986 62560566.748 62560567.474 62560568.143 62560568.761 62560569.351 62560569.948 62560570.575 62560571.245 62560571.957 62560572.703
62560505.739 62560506.422 62560507.044 62560507.579 62560507.995 62560508.269 62560508.400 62560508.408 62560508.328 62560508.194 62560508.037 62560507.879 62560507.744 62560507.661 62560507.669 62560507.805 62560508.096 62560508.542 62560509.113 62560509.758 62560510.420 62560511.051 62560511.629 62560512.152 62560512.638 62560513.109 62560513.580 62560514.057 62560514.538 62560515.015 62560515.481 62560515.929 62560516.356 62560516.760 62560517.148 62560517.532 62560517.937 62560518.392 62560518.924 62560519.543 62560520.242 62560520.992 62560521.754 62560522.496 62560523.203 62560523.884 62560524.568 62560525.286 62560526.063 62560526.902 62560527.793 62560528.711
62560461.008 62560461.614 62560462.187 62560462.680 62560463.044 62560463.247 62560463.289 62560463.203 62560463.038 62560462.839 62560462.642 62560462.465 62560462.324 62560462.241 62560462.250 62560462.385 62560462.673 62560463.113 62560463.674 62560464.304 62560464.944 62560465.552 62560466.109 62560466.624 62560467.119 62560467.616 62560468.127 62560468.647 62560469.164 62560469.667 62560470.150 62560470.616 62560471.071 62560471.523 62560471.974 62560472.430 62560472.901 62560473.402 62560473.950 62560474.558 62560475.225 62560475.937 62560476.671 62560477.404 62560478.130 62560478.861 62560479.627 62560480.458 62560481.373 62560482.369 62560483.422 62560484.495
62560416.209 62560416.747 62560417.275 62560417.728 62560418.039 62560418.165 62560418.112 62560417.923 62560417.662 62560417.389 62560417.144 62560416.946 62560416.802 62560416.727 62560416.748 62560416.896 62560417.197 62560417.648 62560418.221 62560418.860 62560419.508 62560420.122 62560420.688 62560421.217 62560421.733 62560422.258 62560422.798 62560423.345 62560423.883 62560424.403 62560424.902 62560425.393 62560425.887 62560426.392 62560426.907 62560427.426 62560427.945 62560428.470 62560429.013 62560429.591 62560430.215 62560430.882 62560431.582 62560432.302 62560433.039 62560433.806 62560434.629 62560435.537 62560436.545 62560437.646 62560438.809 62560439.989
62560371.258 62560371.734 62560372.219 62560372.632 62560372.890 62560372.944 62560372.800 62560372.511 62560372.156 62560371.807 62560371.513 62560371.293 62560371.154 62560371.104 62560371.162 62560371.355 62560371.704 62560372.204 62560372.822 62560373.502 62560374.184 62560374.828 62560375.418 62560375.969 62560376.506 62560377.048 62560377.602 62560378.157 62560378.699 62560379.221 62560379.730 62560380.240 62560380.768 62560381.320 62560381.888 62560382.456 62560383.011 62560383.550 62560384.087 62560384.644 62560385.240 62560385.883 62560386.568 62560387.287 62560388.035 62560388.823 62560389.672 62560390.610 62560391.650 62560392.786 62560393.987 62560395.210
62560326.150 62560326.570 62560327.015 62560327.395 62560327.614 62560327.618 62560327.412 62560327.052 62560326.625 62560326.214 62560325.876 62560325.639 62560325.510 62560325.497 62560325.616 62560325.887 62560326.321 62560326.907 62560327.603 62560328.350 62560329.084 62560329.766 62560330.384 62560330.952 62560331.498 62560332.042 62560332.590 62560333.132 62560333.656 62560334.160 62560334.657 62560335.165 62560335.705 62560336.281 62560336.879 62560337.476 62560338.053 62560338.605 62560339.147 62560339.704 62560340.301 62560340.950 62560341.647 62560342.382 62560343.146 62560343.943 62560344.793 62560345.721 62560346.741 62560347.851 62560349.027 62560350.232
62560280.966 62560281.333 62560281.739 62560282.093 62560282.296 62560282.287 62560282.064 62560281.681 62560281.223 62560280.777 62560280.410 62560280.159 62560280.041 62560280.069 62560280.259 62560280.626 62560281.171 62560281.867 62560282.663 62560283.490 62560284.283 62560285.001 62560285.637 62560286.211 62560286.753 62560287.283 62560287.807 62560288.317 62560288.803 62560289.268 62560289.727 62560290.206 62560290.726 62560291.291 62560291.886 62560292.487 62560293.070 62560293.630 62560294.183 62560294.755 62560295.372 62560296.045 62560296.768 62560297.525 62560298.304 62560299.104 62560299.942 62560300.841 62560301.817 62560302.871 62560303.987 62560305.134
62560235.827 62560236.133 62560236.492 62560236.819 62560237.021 62560237.031 62560236.835 62560236.476 62560236.031 62560235.583 62560235.204 62560234.944 62560234.835 62560234.902 62560235.164 62560235.632 62560236.294 62560237.110 62560238.011 62560238.919 62560239.765 62560240.511 62560241.154 62560241.720 62560242.243 62560242.747 62560243.237 62560243.705 62560244.144 62560244.556 62560244.963 62560245.392 62560245.867 62560246.393 62560246.957 62560247.534 62560248.101 62560248.654 62560249.208 62560249.788 62560250.418 62560251.105 62560251.841 62560252.608 62560253.391 62560254.189 62560255.015 62560255.889 62560256.828 62560257.830 62560258.881 62560259.956
62560190.816 62560191.047 62560191.340 62560191.627 62560191.825 62560191.864 62560191.719 62560191.414 62560191.011 62560190.586 62560190.214 62560189.955 62560189.858 62560189.962 62560190.293 62560190.859 62560191.637 62560192.568 62560193.569 62560194.550 62560195.438 62560196.197 62560196.833 62560197.378 62560197.871 62560198.340 62560198.792 62560199.219 62560199.612 62560199.977 62560200.334 62560200.713 62560201.139 62560201.617 62560202.134 62560202.667 62560203.196 62560203.717 62560204.245 62560204.803 62560205.414 62560206.082 62560206.799 62560207.547 62560208.314 62560209.100 62560209.918 62560210.785 62560211.710 62560212.684 62560213.689 62560214.697
62560145.941 62560146.088 62560146.297 62560146.526 62560146.701 62560146.756 62560146.656 62560146.409 62560146.059 62560145.672 62560145.322 62560145.080 62560145.007 62560145.156 62560145.559 62560146.221 62560147.107 62560148.144 62560149.233 62560150.273 62560151.189 62560151.948 62560152.562 62560153.071 62560153.522 62560153.947 62560154.356 62560154.743 62560155.101 62560155.433 62560155.761 62560156.111 62560156.504 62560156.945 62560157.418 62560157.900 62560158.374 62560158.838 62560159.308 62560159.809 62560160.360 62560160.968 62560161.627 62560162.324 62560163.052 62560163.816 62560164.629 62560165.501 62560166.432 62560167.403 62560168.383 62560169.341
62560101.158 62560101.229 62560101.357 62560101.517 62560101.652 62560101.701 62560101.623 62560101.415 62560101.110 62560100.765 62560100.452 62560100.245 62560100.216 62560100.425 62560100.908 62560101.665 62560102.651 62560103.780 62560104.942 62560106.026 62560106.956 62560107.701 62560108.278 62560108.736 62560109.129 62560109.495 62560109.849 62560110.192 62560110.518 62560110.833 62560111.154 62560111.503 62560111.892 62560112.318 62560112.761 62560113.198 62560113.610 62560114.002 62560114.393 62560114.809 62560115.274 62560115.797 62560116.374 62560117.000 62560117.673 62560118.403 62560119.202 62560120.077 62560121.017 62560121.993 62560122.961 62560123.884
62560056.424 62560056.460 62560056.538 62560056.647 62560056.740 62560056.763 62560056.681 62560056.488 62560056.211 62560055.903 62560055.633 62560055.478 62560055.511 62560055.794 62560056.360 62560057.206 62560058.278 62560059.482 62560060.698 62560061.812 62560062.743 62560063.463 62560063.993 62560064.386 62560064.703 62560064.990 62560065.272 62560065.556 62560065.844 62560066.144 62560066.469 62560066.833 62560067.239 62560067.670 62560068.099 62560068.498 62560068.852 62560069.169 62560069.475 62560069.803 62560070.179 62560070.615 62560071.112 62560071.666 62560072.281 62560072.966 62560073.737 62560074.597 62560075.529 62560076.495 62560077.449 62560078.345
62560011.754 62560011.820 62560011.906 62560012.003 62560012.070 62560012.065 62560011.961 62560011.759 62560011.489 62560011.207 62560010.980 62560010.880 62560010.979 62560011.333 62560011.974 62560012.891 62560014.027 62560015.283 62560016.533 62560017.662 62560018.587 62560019.277 62560019.755 62560020.076 62560020.306 62560020.500 62560020.691 62560020.898 62560021.131 62560021.403 62560021.725 62560022.102 62560022.524 62560022.963 62560023.383 62560023.750 62560024.052 62560024.302 62560024.533 62560024.785 62560025.089 62560025.459 62560025.896 62560026.394 62560026.956 62560027.594 62560028.319 62560029.137 62560030.030 62560030.962 62560031.884 62560032.754
62559967.214 62559967.378 62559967.535 62559967.666 62559967.735 62559967.708 62559967.573 62559967.344 62559967.063 62559966.789 62559966.589 62559966.531 62559966.680 62559967.085 62559967.774 62559968.734 62559969.905 62559971.185 62559972.451 62559973.582 62559974.494 62559975.155 62559975.584 62559975.837 62559975.983 62559976.083 62559976.179 62559976.300 62559976.466 62559976.692 62559976.989 62559977.357 62559977.776 62559978.208 62559978.608 62559978.941 62559979.194 62559979.386 62559979.558 62559979.755 62559980.011 62559980.340 62559980.740 62559981.202 62559981.723 62559982.310 62559982.978 62559983.730 62559984.557 62559985.427 62559986.300 62559987.138
62559922.874 62559923.181 62559923.447 62559923.643 62559923.733 62559923.690 62559923.520 62559923.252 62559922.943 62559922.656 62559922.460 62559922.416 62559922.583 62559923.006 62559923.709 62559924.678 62559925.855 62559927.138 62559928.402 62559929.526 62559930.421 62559931.054 62559931.441 62559931.638 62559931.716 62559931.740 62559931.759 62559931.806 62559931.905 62559932.075 62559932.327 62559932.658 62559933.043 62559933.441 62559933.801 62559934.089 62559934.294 62559934.437 62559934.563 62559934.721 62559934.946 62559935.251 62559935.628 62559936.063 62559936.548 62559937.086 62559937.689 62559938.366 62559939.111 62559939.905 62559940.715 62559941.510
62559878.751 62559879.203 62559879.580 62559879.842 62559879.950 62559879.891 62559879.681 62559879.369 62559879.019 62559878.703 62559878.485 62559878.425 62559878.578 62559878.986 62559879.674 62559880.629 62559881.794 62559883.067 62559884.320 62559885.427 62559886.299 62559886.898 62559887.245 62559887.397 62559887.429 62559887.408 62559887.383 62559887.386 62559887.439 62559887.560 62559887.757 62559888.027 62559888.349 62559888.684 62559888.985 62559889.219 62559889.377 62559889.480 62559889.572 62559889.701 62559889.900 62559890.180 62559890.532 62559890.938 62559891.384 62559891.873 62559892.413 62559893.015 62559893.681 62559894.397 62559895.139 62559895.883
