Data/data_grav_rasters/EGM2008_gravity_earth.asc
ncols         159
nrows         172
xllcorner     32.4820794100
yllcorner     29.1707288100
cellsize      0.0259688
nodata_value  9999999
[rows 50 to 74 of 172, columns 0 to 56 of 159]
979485.461 979488.290 979491.242 979494.104 979496.657 979498.739 979500.318 979501.531 979502.633 979503.877 979505.367 979506.982 979508.422 979509.364 979509.653 979509.415 979509.019 979508.902 979509.344 979510.312 979511.477 979512.367 979512.603 979512.066 979510.919 979509.486 979508.065 979506.802 979505.672 979504.580 979503.474 979502.409 979501.490 979500.765 979500.138 979499.391 979498.325 979496.913 979495.390 979494.155 979493.556 979493.646 979494.079 979494.235 979493.507 979491.635 979488.860 979485.829 979483.282 979481.686 979481.028 979480.869 979480.625 979479.900 979478.673 979477.242 979475.970
979483.974 979486.981 979489.962 979492.725 979495.123 979497.072 979498.595 979499.837 979501.021 979502.348 979503.881 979505.489 979506.885 979507.769 979507.992 979507.658 979507.095 979506.707 979506.773 979507.310 979508.078 979508.703 979508.877 979508.498 979507.683 979506.667 979505.651 979504.700 979503.741 979502.665 979501.435 979500.131 979498.900 979497.843 979496.931 979496.019 979494.960 979493.743 979492.561 979491.730 979491.497 979491.839 979492.390 979492.563 979491.825 979489.978 979487.287 979484.374 979481.922 979480.351 979479.637 979479.379 979479.052 979478.299 979477.088 979475.657 979474.300
979482.381 979485.292 979488.132 979490.758 979493.071 979495.019 979496.615 979497.962 979499.227 979500.580 979502.095 979503.682 979505.105 979506.080 979506.420 979506.145 979505.495 979504.821 979504.427 979504.432 979504.727 979505.060 979505.174 979504.934 979504.369 979503.606 979502.776 979501.923 979501.005 979499.953 979498.750 979497.466 979496.219 979495.092 979494.081 979493.101 979492.078 979491.045 979490.172 979489.696 979489.759 979490.261 979490.832 979490.956 979490.210 979488.484 979486.057 979483.477 979481.298 979479.822 979478.979 979478.416 979477.723 979476.668 979475.289 979473.811 979472.454
979480.684 979483.194 979485.708 979488.150 979490.453 979492.536 979494.330 979495.829 979497.120 979498.358 979499.677 979501.102 979502.496 979503.611 979504.205 979504.173 979503.619 979502.819 979502.097 979501.684 979501.619 979501.763 979501.883 979501.779 979501.360 979500.656 979499.768 979498.796 979497.800 979496.801 979495.808 979494.837 979493.903 979492.999 979492.087 979491.125 979490.120 979489.174 979488.472 979488.194 979488.395 979488.919 979489.411 979489.450 979488.743 979487.266 979485.286 979483.225 979481.450 979480.091 979479.014 979477.931 979476.604 979474.996 979473.282 979471.716 979470.448
979479.136 979481.064 979483.137 979485.365 979487.703 979490.002 979492.055 979493.700 979494.917 979495.853 979496.746 979497.784 979498.985 979500.171 979501.051 979501.383 979501.109 979500.402 979499.587 979498.988 979498.777 979498.902 979499.133 979499.181 979498.838 979498.054 979496.945 979495.723 979494.599 979493.710 979493.086 979492.652 979492.270 979491.786 979491.091 979490.164 979489.102 979488.099 979487.381 979487.105 979487.272 979487.690 979488.041 979488.005 979487.411 979486.303 979484.903 979483.475 979482.165 979480.921 979479.542 979477.824 979475.732 979473.456 979471.337 979469.670 979468.533
979478.029 979479.417 979481.060 979483.071 979485.432 979487.930 979490.210 979491.939 979492.977 979493.462 979493.738 979494.181 979494.992 979496.092 979497.170 979497.862 979497.950 979497.490 979496.783 979496.213 979496.048 979496.299 979496.722 979496.945 979496.656 979495.754 979494.396 979492.922 979491.702 979490.984 979490.801 979490.974 979491.195 979491.156 979490.670 979489.736 979488.538 979487.367 979486.504 979486.105 979486.138 979486.400 979486.613 979486.552 979486.140 979485.461 979484.671 979483.870 979483.000 979481.852 979480.181 979477.882 979475.109 979472.257 979469.802 979468.063 979467.039
979477.475 979478.574 979479.916 979481.721 979484.029 979486.605 979488.990 979490.708 979491.505 979491.487 979491.084 979490.831 979491.106 979491.946 979493.052 979493.975 979494.370 979494.184 979493.672 979493.242 979493.218 979493.650 979494.281 979494.677 979494.456 979493.489 979491.978 979490.364 979489.138 979488.618 979488.826 979489.489 979490.165 979490.432 979490.057 979489.068 979487.727 979486.401 979485.412 979484.910 979484.840 979484.996 979485.138 979485.112 979484.905 979484.610 979484.315 979483.985 979483.418 979482.312 979480.426 979477.747 979474.574 979471.429 979468.842 979467.105 979466.133
979477.303 979478.463 979479.691 979481.301 979483.433 979485.898 979488.217 979489.828 979490.383 979489.938 979488.947 979488.048 979487.750 979488.200 979489.145 979490.104 979490.657 979490.664 979490.328 979490.047 979490.161 979490.738 979491.521 979492.051 979491.922 979490.996 979489.497 979487.916 979486.786 979486.444 979486.886 979487.781 979488.630 979488.979 979488.605 979487.582 979486.220 979484.914 979483.979 979483.535 979483.498 979483.662 979483.818 979483.858 979483.799 979483.723 979483.661 979483.504 979482.991 979481.818 979479.796 979477.001 979473.801 979470.736 979468.288 979466.658 979465.679
979477.154 979478.675 979479.958 979481.382 979483.214 979485.385 979487.476 979488.915 979489.289 979488.583 979487.213 979485.839 979485.039 979485.048 979485.681 979486.487 979487.026 979487.112 979486.894 979486.727 979486.931 979487.575 979488.416 979489.019 979488.992 979488.211 979486.896 979485.516 979484.567 979484.344 979484.812 979485.640 979486.362 979486.594 979486.182 979485.248 979484.105 979483.104 979482.488 979482.312 979482.459 979482.726 979482.937 979483.014 979482.975 979482.876 979482.711 979482.356 979481.588 979480.186 979478.064 979475.371 979472.472 979469.818 979467.748 979466.325 979465.309
979476.680 979478.702 979480.136 979481.396 979482.870 979484.644 979486.419 979487.671 979487.957 979487.181 979485.674 979484.044 979482.875 979482.459 979482.697 979483.213 979483.607 979483.685 979483.545 979483.473 979483.734 979484.382 979485.196 979485.801 979485.868 979485.300 979484.293 979483.236 979482.518 979482.345 979482.655 979483.174 979483.562 979483.579 979483.188 979482.541 979481.893 979481.474 979481.395 979481.621 979482.008 979482.384 979482.616 979482.650 979482.489 979482.143 979481.583 979480.718 979479.430 979477.647 979475.419 979472.944 979470.529 979468.464 979466.890 979465.718 979464.663
979475.742 979478.197 979479.796 979480.941 979482.102 979483.500 979484.969 979486.065 979486.347 979485.650 979484.199 979482.507 979481.112 979480.333 979480.155 979480.310 979480.481 979480.503 979480.431 979480.469 979480.796 979481.425 979482.164 979482.719 979482.853 979482.517 979481.872 979481.192 979480.718 979480.543 979480.588 979480.679 979480.660 979480.486 979480.238 979480.069 979480.114 979480.420 979480.932 979481.526 979482.066 979482.448 979482.614 979482.532 979482.169 979481.477 979480.398 979478.895 979476.985 979474.770 979472.434 979470.206 979468.295 979466.804 979465.681 979464.714 979463.620
979474.478 979477.123 979478.823 979479.921 979480.897 979482.040 979483.282 979484.263 979484.574 979484.016 979482.725 979481.102 979479.611 979478.559 979478.000 979477.779 979477.693 979477.629 979477.624 979477.793 979478.216 979478.844 979479.503 979479.983 979480.153 979480.025 979479.728 979479.417 979479.173 979478.974 979478.735 979478.403 979478.025 979477.752 979477.764 979478.169 979478.938 979479.910 979480.866 979481.631 979482.127 979482.366 979482.387 979482.180 979481.660 979480.696 979479.191 979477.153 979474.734 979472.190 979469.813 979467.829 979466.332 979465.255 979464.400 979463.506 979462.348
979473.247 979475.736 979477.404 979478.497 979479.419 979480.436 979481.517 979482.375 979482.668 979482.212 979481.095 979479.622 979478.160 979476.966 979476.121 979475.566 979475.214 979475.036 979475.074 979475.376 979475.922 979476.587 979477.196 979477.607 979477.789 979477.821 979477.812 979477.815 979477.771 979477.554 979477.084 979476.422 979475.798 979475.525 979475.839 979476.773 979478.116 979479.514 979480.632 979481.297 979481.544 979481.534 979481.407 979481.161 979480.636 979479.601 979477.905 979475.597 979472.933 979470.293 979468.021 979466.300 979465.101 979464.223 979463.399 979462.405 979461.136
979472.501 979474.473 979475.916 979476.957 979477.855 979478.773 979479.658 979480.286 979480.414 979479.937 979478.949 979477.684 979476.394 979475.240 979474.273 979473.490 979472.908 979472.597 979472.641 979473.056 979473.739 979474.487 979475.098 979475.473 979475.659 979475.796 979475.996 979476.238 979476.359 979476.155 979475.547 979474.690 979473.947 979473.737 979474.310 979475.604 979477.252 979478.758 979479.737 979480.082 979479.974 979479.721 979479.541 979479.404 979479.047 979478.134 979476.471 979474.146 979471.512 979469.025 979467.031 979465.625 979464.645 979463.792 979462.805 979461.575 979460.166
979472.644 979473.809 979474.797 979475.623 979476.370 979477.052 979477.563 979477.740 979477.475 979476.795 979475.853 979474.837 979473.871 979472.973 979472.105 979471.263 979470.545 979470.128 979470.168 979470.688 979471.528 979472.410 979473.088 979473.471 979473.659 979473.852 979474.179 979474.587 979474.847 979474.704 979474.078 979473.173 979472.431 979472.315 979473.053 979474.494 979476.162 979477.494 979478.127 979478.068 979477.643 979477.273 979477.192 979477.295 979477.194 979476.459 979474.884 979472.630 979470.153 979467.963 979466.367 979465.331 979464.546 979463.640 979462.407 979460.904 979459.386
979473.940 979474.141 979474.461 979474.830 979475.172 979475.354 979475.216 979474.664 979473.745 979472.655 979471.641 979470.867 979470.327 979469.869 979469.315 979468.616 979467.914 979467.487 979467.580 979468.245 979469.288 979470.363 979471.165 979471.589 979471.772 979471.966 979472.343 979472.853 979473.243 979473.228 979472.713 979471.916 979471.292 979471.299 979472.121 979473.537 979475.020 979476.013 979476.235 979475.823 979475.226 979474.915 979475.070 979475.457 979475.555 979474.868 979473.229 979470.922 979468.532 979466.623 979465.436 979464.786 979464.206 979463.263 979461.822 979460.119 979458.597
979476.434 979475.685 979475.206 979474.895 979474.570 979473.993 979472.964 979471.456 979469.671 979467.975 979466.727 979466.091 979465.951 979465.986 979465.869 979465.475 979464.961 979464.678 979464.947 979465.852 979467.171 979468.491 979469.446 979469.910 979470.048 979470.176 979470.527 979471.088 979471.613 979471.797 979471.522 979470.978 979470.593 979470.778 979471.662 979472.978 979474.195 979474.812 979474.665 979474.017 979473.403 979473.280 979473.722 979474.335 979474.469 979473.595 979471.639 979469.049 979466.563 979464.804 979463.945 979463.640 979463.273 979462.349 979460.804 979459.039 979457.653
979479.898 979478.365 979477.092 979476.009 979474.901 979473.466 979471.480 979468.961 979466.226 979463.786 979462.110 979461.390 979461.448 979461.840 979462.119 979462.083 979461.882 979461.900 979462.495 979463.756 979465.417 979467.001 979468.086 979468.537 979468.557 979468.537 979468.789 979469.360 979470.020 979470.456 979470.513 979470.335 979470.289 979470.724 979471.710 979472.948 979473.925 979474.219 979473.781 979472.987 979472.421 979472.501 979473.173 979473.892 979473.900 979472.669 979470.234 979467.218 979464.507 979462.775 979462.130 979462.086 979461.895 979461.019 979459.461 979457.755 979456.607
979483.813 979481.751 979479.835 979478.083 979476.305 979474.173 979471.426 979468.075 979464.488 979461.270 979458.985 979457.889 979457.808 979458.259 979458.732 979458.977 979459.119 979459.532 979460.557 979462.242 979464.260 979466.069 979467.208 979467.552 979467.363 979467.118 979467.216 979467.758 979468.538 979469.227 979469.632 979469.846 979470.177 979470.910 979472.059 979473.297 979474.122 979474.176 979473.503 979472.567 979471.992 979472.162 979472.933 979473.650 979473.486 979471.927 979469.098 979465.750 979462.868 979461.149 979460.636 979460.739 979460.626 979459.752 979458.188 979456.571 979455.671
979487.451 979485.119 979482.807 979480.658 979478.538 979476.099 979473.008 979469.207 979465.040 979461.142 979458.160 979456.440 979455.886 979456.057 979456.455 979456.816 979457.234 979458.032 979459.489 979461.571 979463.873 979465.798 979466.873 979467.010 979466.545 979466.040 979465.964 979466.457 979467.313 979468.183 979468.846 979469.359 979469.995 979470.998 979472.339 979473.654 979474.429 979474.327 979473.443 979472.302 979471.575 979471.658 979472.383 979473.058 979472.830 979471.192 979468.306 979464.957 979462.145 979460.535 979460.111 979460.227 979460.036 979459.033 979457.377 979455.779 979455.036
979490.058 979487.649 979485.209 979483.009 979480.970 979478.702 979475.764 979471.977 979467.597 979463.251 979459.644 979457.232 979456.037 979455.721 979455.846 979456.162 979456.729 979457.803 979459.569 979461.902 979464.323 979466.206 979467.094 979466.959 979466.212 979465.480 979465.267 979465.710 979466.581 979467.500 979468.230 979468.833 979469.588 979470.737 979472.231 979473.664 979474.476 979474.300 979473.231 979471.830 979470.822 979470.667 979471.252 979471.920 979471.834 979470.474 979467.962 979465.022 979462.567 979461.184 979460.802 979460.777 979460.320 979459.024 979457.144 979455.449 979454.723
979491.113 979488.736 979486.390 979484.444 979482.840 979481.126 979478.733 979475.344 979471.117 979466.643 979462.671 979459.751 979458.025 979457.260 979457.088 979457.279 979457.864 979459.033 979460.890 979463.235 979465.552 979467.218 979467.825 979467.410 979466.447 979465.590 979465.327 979465.750 979466.572 979467.382 979467.948 979468.372 979468.993 979470.098 979471.642 979473.183 979474.095 979473.939 979472.765 979471.134 979469.826 979469.395 979469.835 979470.577 979470.822 979470.020 979468.197 979465.932 979463.990 979462.850 979462.412 979462.087 979461.204 979459.492 979457.302 979455.426 979454.605
979490.500 979488.212 979486.110 979484.601 979483.608 979482.602 979480.913 979478.120 979474.310 979470.052 979466.112 979463.094 979461.202 979460.263 979459.946 979460.029 979460.524 979461.583 979463.268 979465.359 979467.346 979468.651 979468.930 979468.283 979467.215 979466.365 979466.159 979466.601 979467.332 979467.906 979468.114 979468.130 979468.386 979469.250 979470.712 979472.314 979473.360 979473.326 979472.188 979470.479 979469.008 979468.414 979468.801 979469.700 979470.358 979470.188 979469.097 979467.495 979465.990 979464.963 979464.319 979463.570 979462.198 979460.066 979457.593 979455.547 979454.586
979488.514 979486.367 979484.592 979483.567 979483.155 979482.772 979481.700 979479.496 979476.238 979472.493 979469.018 979466.398 979464.818 979464.082 979463.845 979463.880 979464.198 979464.959 979466.242 979467.859 979469.357 979470.223 979470.182 979469.376 979468.309 979467.569 979467.491 979467.982 979468.605 979468.888 979468.653 979468.155 979467.926 979468.422 979469.689 979471.275 979472.447 979472.615 979471.683 979470.131 979468.758 979468.235 979468.735 979469.858 979470.886 979471.204 979470.624 979469.426 979468.098 979466.969 979465.988 979464.790 979463.002 979460.591 979457.983 979455.865 979454.772
979485.668 979483.725 979482.311 979481.711 979481.717 979481.721 979481.040 979479.296 979476.624 979473.600 979470.937 979469.127 979468.245 979468.002 979468.005 979468.019 979468.086 979468.422 979469.171 979470.220 979471.189 979471.635 979471.332 979470.436 979469.426 979468.821 979468.870 979469.396 979469.908 979469.924 979469.297 979468.340 979467.655 979467.766 979468.773 979470.257 979471.497 979471.886 979471.287 979470.125 979469.142 979468.969 979469.771 979471.161 979472.440 979472.989 979472.583 979471.445 979470.014 979468.622 979467.283 979465.743 979463.738 979461.276 979458.728 979456.647 979455.418
