Data/data_grav_rasters/EGM2008_potential_ell.asc
ncols         159
nrows         172
xllcorner     32.4820794100
yllcorner     29.1707288100
cellsize      0.0259688
nodata_value  1000000000
[rows 69 to 91 of 172, columns 52 to 103 of 159]
62558779.476 62558779.407 62558779.342 62558779.305 62558779.320 62558779.398 62558779.528 62558779.685 62558779.844 62558780.000 62558780.175 62558780.405 62558780.727 62558781.154 62558781.669 62558782.232 62558782.806 62558783.368 62558783.926 62558784.508 62558785.142 62558785.838 62558786.580 62558787.337 62558788.084 62558788.821 62558789.579 62558790.406 62558791.345 62558792.413 62558793.590 62558794.828 62558796.078 62558797.306 62558798.510 62558799.709 62558800.929 62558802.179 62558803.449 62558804.710 62558805.934 62558807.110 62558808.249 62558809.379 62558810.524 62558811.686 62558812.831 62558813.886 62558814.761 62558815.358 62558815.601 62558815.450
62558736.232 62558736.144 62558736.060 62558736.005 62558736.005 62558736.068 62558736.179 62558736.313 62558736.443 62558736.566 62558736.706 62558736.901 62558737.189 62558737.581 62558738.058 62558738.584 62558739.119 62558739.646 62558740.177 62558740.740 62558741.364 62558742.054 62558742.794 62558743.550 62558744.299 62558745.045 62558745.821 62558746.677 62558747.653 62558748.755 62558749.956 62558751.201 62558752.436 62558753.630 62558754.788 62558755.935 62558757.103 62558758.305 62558759.532 62558760.756 62558761.953 62558763.115 62558764.255 62558765.398 62558766.558 62558767.719 62558768.830 62558769.806 62558770.553 62558770.985 62558771.046 62558770.724
62558693.036 62558692.922 62558692.812 62558692.734 62558692.711 62558692.749 62558692.832 62558692.933 62558693.028 62558693.115 62558693.217 62558693.376 62558693.624 62558693.974 62558694.408 62558694.890 62558695.387 62558695.888 62558696.404 62558696.963 62558697.588 62558698.281 62558699.019 62558699.773 62558700.524 62558701.284 62558702.089 62558702.986 62558704.005 62558705.140 62558706.351 62558707.579 62558708.775 62558709.917 62558711.021 62558712.123 62558713.256 62558714.432 62558715.635 62558716.836 62558718.012 62558719.158 62558720.293 62558721.439 62558722.604 62558723.756 62558724.829 62558725.729 62558726.360 62558726.650 62558726.565 62558726.115
62558649.869 62558649.725 62558649.588 62558649.483 62558649.432 62558649.437 62558649.484 62558649.545 62558649.600 62558649.648 62558649.714 62558649.836 62558650.044 62558650.349 62558650.735 62558651.172 62558651.632 62558652.111 62558652.620 62558653.183 62558653.815 62558654.510 62558655.246 62558655.997 62558656.753 62558657.532 62558658.375 62558659.320 62558660.383 62558661.543 62558662.750 62558663.942 62558665.081 62558666.163 62558667.219 62558668.291 62558669.410 62558670.577 62558671.766 62558672.942 62558674.083 62558675.196 62558676.308 62558677.446 62558678.610 62558679.757 62558680.804 62558681.647 62558682.190 62558682.373 62558682.180 62558681.640
62558606.712 62558606.543 62558606.381 62558606.249 62558606.166 62558606.133 62558606.136 62558606.149 62558606.157 62558606.165 62558606.195 62558606.282 62558606.454 62558606.717 62558607.056 62558607.449 62558607.875 62558608.334 62558608.840 62558609.409 62558610.048 62558610.745 62558611.476 62558612.222 62558612.983 62558613.786 62558614.670 62558615.664 62558616.768 62558617.945 62558619.133 62558620.279 62558621.358 62558622.385 62558623.405 62558624.465 62558625.583 62558626.746 62558627.912 62558629.042 62558630.122 62558631.176 62558632.248 62558633.373 62558634.546 62558635.710 62558636.759 62558637.576 62558638.062 62558638.166 62558637.890 62558637.277
62558563.560 62558563.371 62558563.188 62558563.031 62558562.914 62558562.837 62558562.786 62558562.743 62558562.698 62558562.660 62558562.654 62558562.709 62558562.849 62558563.075 62558563.376 62558563.732 62558564.131 62558564.576 62558565.082 62558565.658 62558566.303 62558567.000 62558567.723 62558568.463 62558569.229 62558570.054 62558570.976 62558572.014 62558573.150 62558574.332 62558575.496 62558576.593 62558577.616 62558578.600 62558579.599 62558580.656 62558581.775 62558582.921 62558584.040 62558585.095 62558586.086 62558587.064 62558588.092 62558589.217 62558590.426 62558591.637 62558592.721 62558593.539 62558593.988 62558594.023 62558593.662 62558592.966
62558520.408 62558520.205 62558520.005 62558519.823 62558519.669 62558519.541 62558519.430 62558519.322 62558519.217 62558519.128 62558519.082 62558519.107 62558519.220 62558519.421 62558519.695 62558520.027 62558520.411 62558520.852 62558521.364 62558521.950 62558522.602 62558523.297 62558524.013 62558524.745 62558525.513 62558526.355 62558527.306 62558528.374 62558529.528 62558530.704 62558531.836 62558532.886 62558533.862 62558534.814 62558535.799 62558536.852 62558537.960 62558539.069 62558540.116 62558541.072 62558541.963 62558542.865 62558543.867 62558545.019 62558546.293 62558547.580 62558548.718 62558549.545 62558549.952 62558549.904 62558549.437 62558548.631
62558477.249 62558477.033 62558476.815 62558476.605 62558476.410 62558476.229 62558476.053 62558475.877 62558475.708 62558475.565 62558475.479 62558475.475 62558475.568 62558475.754 62558476.016 62558476.341 62558476.725 62558477.175 62558477.700 62558478.301 62558478.963 62558479.658 62558480.367 62558481.091 62558481.856 62558482.704 62558483.669 62558484.749 62558485.902 62558487.058 62558488.152 62558489.156 62558490.092 62558491.015 62558491.985 62558493.024 62558494.103 62558495.155 62558496.118 62558496.974 62558497.775 62558498.626 62558499.630 62558500.835 62558502.192 62558503.557 62558504.737 62558505.552 62558505.890 62558505.731 62558505.136 62558504.203
62558434.057 62558433.825 62558433.583 62558433.341 62558433.104 62558432.871 62558432.636 62558432.397 62558432.169 62558431.976 62558431.853 62558431.827 62558431.908 62558432.090 62558432.356 62558432.689 62558433.086 62558433.554 62558434.099 62558434.717 62558435.388 62558436.085 62558436.789 62558437.503 62558438.261 62558439.105 62558440.066 62558441.137 62558442.270 62558443.392 62558444.443 62558445.401 62558446.295 62558447.187 62558448.132 62558449.142 62558450.177 62558451.165 62558452.047 62558452.825 62558453.571 62558454.407 62558455.441 62558456.708 62558458.132 62558459.540 62558460.716 62558461.469 62558461.699 62558461.407 62558460.679 62558459.634
62558390.793 62558390.538 62558390.266 62558389.989 62558389.714 62558389.439 62558389.159 62558388.876 62558388.605 62558388.377 62558388.228 62558388.188 62558388.268 62558388.458 62558388.738 62558389.090 62558389.507 62558389.994 62558390.556 62558391.185 62558391.863 62558392.559 62558393.257 62558393.963 62558394.709 62558395.540 62558396.484 62558397.530 62558398.627 62558399.706 62558400.709 62558401.619 62558402.470 62558403.325 62558404.232 62558405.199 62558406.180 62558407.107 62558407.932 62558408.667 62558409.400 62558410.254 62558411.327 62558412.635 62558414.076 62558415.456 62558416.552 62558417.185 62558417.273 62558416.848 62558416.018 62558414.910
62558347.417 62558347.132 62558346.826 62558346.517 62558346.215 62558345.917 62558345.617 62558345.316 62558345.028 62558344.786 62558344.629 62558344.590 62558344.679 62558344.886 62558345.187 62558345.560 62558345.994 62558346.492 62558347.057 62558347.686 62558348.357 62558349.047 62558349.738 62558350.436 62558351.172 62558351.987 62558352.906 62558353.918 62558354.973 62558356.004 62558356.958 62558357.822 62558358.630 62558359.441 62558360.301 62558361.215 62558362.142 62558363.021 62558363.815 62558364.545 62558365.296 62558366.182 62558367.279 62558368.578 62558369.960 62558371.227 62558372.167 62558372.629 62558372.567 62558372.038 62558371.162 62558370.067
62558303.905 62558303.588 62558303.252 62558302.921 62558302.608 62558302.311 62558302.019 62558301.729 62558301.451 62558301.218 62558301.073 62558301.048 62558301.156 62558301.386 62558301.710 62558302.100 62558302.541 62558303.034 62558303.584 62558304.193 62558304.845 62558305.520 62558306.202 62558306.895 62558307.625 62558308.427 62558309.321 62558310.297 62558311.309 62558312.295 62558313.206 62558314.030 62558314.799 62558315.565 62558316.375 62558317.234 62558318.110 62558318.954 62558319.738 62558320.485 62558321.270 62558322.180 62558323.266 62558324.496 62558325.743 62558326.823 62558327.556 62558327.831 62558327.637 62558327.054 62558326.203 62558325.189
62558260.255 62558259.916 62558259.561 62558259.223 62558258.918 62558258.644 62558258.383 62558258.126 62558257.881 62558257.676 62558257.557 62558257.557 62558257.693 62558257.949 62558258.294 62558258.694 62558259.130 62558259.602 62558260.121 62558260.693 62558261.314 62558261.968 62558262.641 62558263.334 62558264.063 62558264.856 62558265.729 62558266.671 62558267.643 62558268.589 62558269.464 62558270.258 62558270.995 62558271.724 62558272.486 62558273.294 62558274.125 62558274.943 62558275.728 62558276.499 62558277.310 62558278.224 62558279.261 62558280.374 62558281.439 62558282.300 62558282.819 62558282.927 62558282.646 62558282.065 62558281.289 62558280.394
62558216.490 62558216.143 62558215.787 62558215.459 62558215.180 62558214.942 62558214.726 62558214.515 62558214.312 62558214.147 62558214.063 62558214.097 62558214.264 62558214.548 62558214.913 62558215.318 62558215.742 62558216.185 62558216.662 62558217.189 62558217.773 62558218.405 62558219.072 62558219.767 62558220.498 62558221.284 62558222.136 62558223.044 62558223.976 62558224.885 62558225.732 62558226.503 62558227.219 62558227.920 62558228.646 62558229.410 62558230.204 62558231.001 62558231.787 62558232.575 62558233.400 62558234.295 62558235.260 62558236.237 62558237.119 62558237.779 62558238.123 62558238.118 62558237.805 62558237.266 62558236.583 62558235.792
62558172.640 62558172.304 62558171.966 62558171.665 62558171.420 62558171.224 62558171.054 62558170.890 62558170.733 62558170.611 62558170.568 62558170.641 62558170.843 62558171.157 62558171.541 62558171.952 62558172.364 62558172.778 62558173.215 62558173.702 62558174.252 62558174.863 62558175.523 62558176.219 62558176.949 62558177.723 62558178.547 62558179.415 62558180.303 62558181.173 62558181.993 62558182.747 62558183.451 62558184.136 62558184.837 62558185.571 62558186.335 62558187.115 62558187.899 62558188.695 62558189.519 62558190.384 62558191.275 62558192.134 62558192.870 62558193.389 62558193.627 62558193.576 62558193.277 62558192.797 62558192.184 62558191.443
62558128.737 62558128.430 62558128.125 62558127.859 62558127.653 62558127.497 62558127.369 62558127.248 62558127.136 62558127.060 62558127.062 62558127.178 62558127.419 62558127.765 62558128.170 62558128.589 62558128.994 62558129.388 62558129.797 62558130.253 62558130.777 62558131.371 62558132.021 62558132.710 62558133.428 62558134.177 62558134.962 62558135.780 62558136.616 62558137.442 62558138.232 62558138.972 62558139.669 62558140.347 62558141.035 62558141.749 62558142.494 62558143.261 62558144.041 62558144.835 62558145.649 62558146.484 62558147.316 62558148.093 62558148.743 62558149.193 62558149.400 62558149.360 62558149.103 62558148.670 62558148.079 62558147.318
62558084.812 62558084.545 62558084.282 62558084.057 62558083.888 62558083.768 62558083.676 62558083.596 62558083.530 62558083.504 62558083.558 62558083.722 62558084.005 62558084.382 62558084.807 62558085.235 62558085.639 62558086.025 62558086.419 62558086.857 62558087.364 62558087.941 62558088.575 62558089.245 62558089.935 62558090.645 62558091.378 62558092.138 62558092.917 62558093.696 62558094.454 62558095.178 62558095.869 62558096.544 62558097.226 62558097.931 62558098.664 62558099.421 62558100.194 62558100.980 62558101.779 62558102.584 62558103.373 62558104.104 62558104.717 62558105.157 62558105.385 62558105.389 62558105.179 62558104.765 62558104.148 62558103.306
62558040.899 62558040.678 62558040.460 62558040.277 62558040.144 62558040.056 62558040.000 62558039.962 62558039.948 62558039.980 62558040.091 62558040.307 62558040.628 62558041.031 62558041.469 62558041.902 62558042.308 62558042.691 62558043.081 62558043.511 62558044.005 62558044.565 62558045.174 62558045.811 62558046.461 62558047.121 62558047.799 62558048.502 62558049.227 62558049.963 62558050.691 62558051.397 62558052.080 62558052.751 62558053.428 62558054.125 62558054.849 62558055.595 62558056.356 62558057.126 62558057.899 62558058.670 62558059.419 62558060.115 62558060.714 62558061.167 62558061.433 62558061.486 62558061.309 62558060.889 62558060.214 62558059.267
62557997.042 62557996.867 62557996.696 62557996.554 62557996.455 62557996.401 62557996.381 62557996.391 62557996.434 62557996.530 62557996.702 62557996.966 62557997.319 62557997.733 62557998.170 62557998.597 62557998.996 62557999.377 62557999.767 62558000.194 62558000.677 62558001.216 62558001.794 62558002.392 62558002.997 62558003.610 62558004.241 62558004.900 62558005.586 62558006.289 62558006.992 62558007.680 62558008.350 62558009.009 62558009.674 62558010.358 62558011.067 62558011.796 62558012.536 62558013.276 62558014.009 62558014.728 62558015.424 62558016.074 62558016.647 62558017.102 62558017.392 62558017.474 62558017.311 62558016.872 62558016.134 62558015.095
62557953.289 62557953.160 62557953.034 62557952.932 62557952.868 62557952.847 62557952.868 62557952.928 62557953.032 62557953.191 62557953.418 62557953.720 62557954.085 62557954.492 62557954.908 62557955.311 62557955.693 62557956.066 62557956.453 62557956.878 62557957.352 62557957.871 62557958.419 62557958.980 62557959.548 62557960.128 62557960.730 62557961.365 62557962.032 62557962.717 62557963.403 62557964.072 62557964.720 62557965.356 62557965.996 62557966.655 62557967.338 62557968.039 62557968.744 62557969.440 62557970.114 62557970.763 62557971.382 62557971.962 62557972.482 62557972.906 62557973.188 62557973.273 62557973.106 62557972.643 62557971.861 62557970.764
62557909.675 62557909.590 62557909.508 62557909.445 62557909.416 62557909.430 62557909.490 62557909.598 62557909.756 62557909.968 62557910.236 62557910.556 62557910.915 62557911.293 62557911.669 62557912.033 62557912.386 62557912.742 62557913.123 62557913.544 62557914.011 62557914.514 62557915.040 62557915.578 62557916.126 62557916.692 62557917.287 62557917.920 62557918.583 62557919.261 62557919.932 62557920.578 62557921.197 62557921.799 62557922.401 62557923.021 62557923.666 62557924.327 62557924.987 62557925.627 62557926.232 62557926.799 62557927.328 62557927.818 62557928.260 62557928.626 62557928.868 62557928.928 62557928.741 62557928.257 62557927.450 62557926.330
62557866.211 62557866.167 62557866.125 62557866.099 62557866.103 62557866.149 62557866.244 62557866.391 62557866.590 62557866.837 62557867.126 62557867.444 62557867.776 62557868.110 62557868.434 62557868.750 62557869.067 62557869.403 62557869.774 62557870.191 62557870.652 62557871.148 62557871.666 62557872.198 62557872.745 62557873.316 62557873.921 62557874.561 62557875.227 62557875.898 62557876.550 62557877.168 62557877.750 62557878.308 62557878.866 62557879.440 62557880.038 62557880.653 62557881.263 62557881.847 62557882.388 62557882.879 62557883.324 62557883.729 62557884.088 62557884.380 62557884.563 62557884.575 62557884.351 62557883.839 62557883.013 62557881.885
62557822.873 62557822.866 62557822.860 62557822.868 62557822.902 62557822.976 62557823.098 62557823.272 62557823.495 62557823.756 62557824.044 62557824.342 62557824.638 62557824.922 62557825.194 62557825.463 62557825.746 62557826.060 62557826.420 62557826.832 62557827.291 62557827.788 62557828.310 62557828.851 62557829.412 62557830.000 62557830.619 62557831.266 62557831.928 62557832.581 62557833.206 62557833.788 62557834.329 62557834.845 62557835.358 62557835.887 62557836.440 62557837.009 62557837.574 62557838.112 62557838.606 62557839.047 62557839.438 62557839.782 62557840.076 62557840.300 62557840.413 62557840.357 62557840.072 62557839.509 62557838.647 62557837.499
