Data/data_grav_rasters/EGM2008_gravity_earth.asc
ncols         159
nrows         172
xllcorner     32.4820794100
yllcorner     29.1707288100
cellsize      0.0259688
nodata_value  9999999
[rows 100 to 124 of 172, columns 0 to 56 of 159]
979400.215 979400.144 979399.731 979397.433 979395.773 979396.115 979396.889 979396.851 979395.742 979395.187 979394.042 979394.556 979395.304 979394.404 979395.250 979396.059 979394.771 979395.665 979395.533 979397.004 979397.586 979398.992 979402.122 979401.157 979400.920 979402.633 979401.094 979397.346 979396.609 979396.422 979397.879 979399.238 979398.338 979396.016 979392.547 979393.335 979392.749 979394.100 979395.728 979395.694 979393.865 979394.179 979391.793 979389.364 979387.126 979384.560 979383.340 979381.984 979379.713 979377.609 979373.610 979368.298 979370.479 979383.358 979379.494 979378.078 979376.994
979398.908 979398.969 979398.760 979397.260 979395.153 979393.675 979393.812 979390.276 979392.464 979392.069 979393.520 979393.480 979394.838 979394.965 979396.147 979395.575 979393.899 979394.574 979395.295 979396.284 979397.321 979399.536 979401.801 979401.663 979401.625 979399.333 979397.321 979398.506 979396.384 979396.938 979397.217 979397.070 979392.669 979390.119 979390.071 979389.637 979389.483 979391.889 979392.801 979393.582 979391.031 979388.400 979386.516 979384.893 979384.387 979382.072 979380.846 979378.295 979374.716 979370.266 979361.748 979356.770 979369.548 979380.515 979381.134 979376.158 979373.316
979396.578 979395.587 979395.358 979394.563 979392.661 979390.142 979389.189 979388.504 979385.967 979391.693 979393.107 979392.077 979393.002 979393.431 979395.007 979393.889 979392.019 979394.152 979396.360 979396.176 979396.059 979398.195 979400.518 979400.271 979397.055 979396.396 979395.997 979397.585 979394.493 979393.556 979392.562 979389.320 979385.490 979385.573 979386.992 979387.749 979385.954 979388.654 979388.452 979387.395 979384.991 979383.226 979381.720 979380.850 979379.673 979376.939 979375.487 979367.476 979363.291 979363.342 979359.435 979358.187 979374.882 979375.722 979374.286 979374.495 979372.193
979392.761 979391.834 979391.988 979390.009 979390.237 979389.999 979388.216 979384.598 979384.767 979388.709 979390.413 979388.312 979388.054 979390.394 979391.804 979389.998 979392.170 979394.925 979395.510 979394.336 979396.004 979397.354 979395.887 979394.949 979394.203 979395.062 979394.818 979394.434 979393.368 979391.333 979387.703 979382.143 979378.933 979377.990 979380.282 979380.682 979380.190 979382.117 979382.802 979380.294 979376.781 979376.441 979376.486 979376.067 979375.847 979371.653 979367.374 979362.244 979347.130 979345.519 979360.103 979367.291 979372.936 979370.736 979368.994 979368.206 979368.921
979388.819 979388.463 979388.067 979385.183 979386.533 979385.182 979386.624 979386.543 979387.030 979384.887 979386.887 979385.418 979384.609 979386.339 979387.396 979386.498 979387.417 979389.692 979390.148 979389.823 979392.024 979391.966 979390.654 979390.608 979389.233 979388.655 979387.035 979388.333 979390.474 979388.668 979383.526 979378.731 979374.489 979371.085 979369.501 979370.444 979370.004 979367.652 979370.888 979371.682 979371.389 979373.295 979374.734 979375.020 979373.601 979370.919 979363.069 979357.018 979337.146 979327.480 979351.323 979367.029 979369.567 979367.762 979367.051 979366.581 979365.944
979384.693 979383.292 979385.010 979382.463 979383.854 979382.448 979386.477 979384.615 979383.028 979382.207 979382.880 979382.332 979380.383 979380.967 979382.212 979380.695 979381.954 979382.162 979384.184 979384.372 979384.857 979386.735 979386.977 979387.340 979384.921 979383.903 979382.105 979381.530 979382.858 979382.134 979379.056 979374.590 979369.989 979365.839 979364.514 979359.099 979347.415 979349.905 979363.336 979360.481 979358.351 979368.730 979370.113 979372.032 979371.559 979368.392 979367.130 979358.719 979339.398 979352.747 979360.685 979365.650 979365.346 979365.217 979365.292 979365.544 979365.518
979380.430 979379.905 979380.404 979380.729 979378.550 979377.041 979382.750 979380.561 979379.860 979379.172 979376.864 979375.136 979374.720 979374.540 979377.234 979377.871 979378.505 979377.046 979376.644 979376.592 979379.991 979382.095 979382.596 979381.204 979379.819 979378.361 979376.364 979374.979 979375.211 979374.125 979369.715 979365.062 979356.648 979350.394 979357.304 979352.026 979341.755 979346.621 979351.781 979343.686 979348.692 979361.611 979363.291 979354.765 979359.007 979359.496 979362.455 979362.492 979361.701 979361.790 979362.206 979363.001 979363.514 979363.862 979364.147 979364.588 979364.453
979378.524 979377.091 979375.695 979375.947 979379.550 979373.506 979374.809 979373.308 979375.356 979373.301 979373.066 979370.822 979368.841 979366.364 979369.122 979370.137 979370.145 979369.989 979371.758 979371.365 979374.597 979376.272 979377.257 979377.269 979377.159 979371.908 979368.904 979366.529 979366.405 979362.508 979356.359 979348.393 979334.324 979341.707 979349.590 979344.465 979332.280 979321.592 979336.552 979339.502 979352.713 979356.784 979352.324 979347.510 979346.601 979351.996 979354.078 979355.809 979356.624 979357.542 979359.240 979361.104 979360.886 979360.771 979360.999 979362.172 979360.294
979375.738 979372.183 979373.157 979374.038 979371.251 979370.789 979368.144 979365.753 979368.402 979370.776 979367.905 979365.202 979364.234 979366.255 979367.344 979367.368 979367.293 979365.235 979364.130 979364.980 979366.536 979367.744 979368.058 979369.944 979368.799 979367.262 979362.058 979360.205 979357.651 979353.568 979346.654 979335.643 979322.658 979329.219 979333.203 979331.067 979308.779 979307.552 979317.553 979324.389 979334.414 979338.621 979343.258 979342.754 979345.208 979346.233 979347.512 979349.346 979350.737 979353.041 979355.654 979358.059 979357.356 979355.550 979354.795 979354.887 979351.886
979366.908 979368.639 979368.548 979370.034 979367.192 979362.212 979364.068 979361.742 979358.002 979361.381 979359.533 979359.731 979359.265 979362.374 979360.716 979361.038 979360.673 979360.262 979358.222 979358.998 979360.306 979360.940 979362.171 979363.986 979364.060 979359.363 979354.446 979351.921 979350.205 979346.459 979340.481 979323.477 979300.527 979302.395 979322.656 979320.524 979292.483 979283.547 979300.261 979316.513 979310.560 979332.914 979339.876 979341.490 979341.758 979342.826 979343.332 979344.470 979346.240 979349.330 979351.221 979352.325 979352.022 979349.467 979347.793 979346.673 979342.328
979363.457 979362.695 979363.794 979363.151 979359.866 979357.570 979357.846 979356.775 979355.093 979353.599 979350.741 979349.792 979353.742 979355.449 979355.282 979355.410 979355.168 979354.636 979353.982 979354.400 979354.721 979354.880 979356.152 979356.322 979355.903 979350.924 979345.302 979338.953 979338.445 979342.227 979340.174 979333.062 979313.568 979317.437 979330.499 979323.997 979315.910 979318.535 979323.132 979315.240 979313.804 979295.461 979309.820 979330.421 979337.803 979340.391 979339.165 979340.188 979342.827 979345.279 979344.235 979340.692 979334.649 979329.339 979338.644 979338.136 979334.887
979361.755 979357.694 979359.513 979354.037 979353.587 979351.273 979351.971 979354.458 979354.578 979353.642 979350.764 979349.119 979348.303 979349.179 979349.859 979350.249 979349.566 979349.157 979348.649 979348.325 979347.167 979347.884 979347.993 979347.645 979345.346 979341.731 979332.146 979322.878 979320.749 979324.387 979320.205 979330.942 979331.067 979327.967 979321.285 979302.674 979281.420 979290.748 979288.901 979295.862 979307.151 979286.490 979277.599 979314.338 979331.707 979335.497 979335.017 979336.277 979339.356 979340.819 979337.444 979321.622 979299.100 979308.529 979331.498 979329.919 979328.623
979351.692 979353.053 979353.835 979350.725 979350.359 979348.089 979348.005 979350.711 979350.094 979351.304 979350.471 979349.451 979348.701 979347.996 979345.975 979344.807 979345.521 979345.745 979344.936 979344.019 979342.057 979341.137 979340.073 979338.809 979335.145 979330.207 979325.326 979315.949 979310.926 979323.274 979320.385 979330.259 979327.852 979306.928 979279.302 979281.795 979284.726 979300.264 979243.488 979279.484 979302.237 979274.290 979274.361 979317.997 979328.957 979330.898 979330.967 979333.044 979335.394 979337.252 979334.499 979322.007 979314.309 979321.092 979326.700 979324.203 979322.784
979346.441 979345.931 979347.174 979350.882 979349.316 979348.257 979348.747 979345.832 979340.108 979342.203 979344.897 979345.471 979341.702 979341.236 979339.657 979339.182 979341.129 979342.807 979342.246 979340.425 979337.925 979336.699 979336.879 979335.691 979332.089 979325.909 979316.139 979318.690 979309.540 979305.426 979314.702 979318.871 979301.514 979282.183 979272.938 979264.514 979254.426 979288.707 979289.767 979285.917 979266.542 979265.786 979303.003 979321.150 979325.395 979325.658 979327.260 979329.103 979330.361 979331.873 979333.176 979330.849 979325.984 979316.257 979320.554 979318.095 979316.062
979343.043 979339.124 979339.230 979339.197 979341.345 979346.761 979344.285 979340.254 979336.676 979336.694 979337.008 979336.281 979337.054 979338.880 979335.931 979335.100 979339.620 979340.890 979339.048 979334.700 979331.130 979331.975 979332.249 979330.456 979321.859 979316.550 979300.267 979285.893 979262.220 979279.261 979276.076 979283.046 979274.415 979262.008 979240.116 979219.934 979233.993 979277.780 979274.802 979276.208 979296.475 979312.312 979317.165 979319.443 979320.069 979322.003 979323.873 979324.892 979325.163 979325.704 979326.900 979325.423 979322.240 979316.111 979312.533 979307.595 979299.503
979334.946 979335.276 979335.777 979334.169 979333.059 979334.808 979335.437 979339.494 979340.228 979341.115 979338.457 979335.320 979335.672 979336.077 979334.793 979334.751 979339.102 979337.033 979333.870 979328.975 979324.662 979325.856 979327.238 979324.585 979315.900 979308.173 979306.393 979299.027 979281.604 979268.209 979271.931 979282.868 979279.396 979265.230 979228.595 979235.938 979275.819 979258.841 979268.646 979299.511 979310.174 979312.423 979312.981 979314.105 979315.900 979317.093 979318.360 979319.306 979319.105 979319.758 979319.562 979318.006 979314.262 979308.835 979303.921 979292.291 979265.935
979335.845 979337.489 979340.997 979343.797 979338.293 979333.302 979333.380 979339.202 979344.255 979342.722 979337.581 979335.175 979337.812 979337.103 979335.191 979335.278 979334.440 979332.613 979330.393 979327.672 979322.619 979318.823 979318.630 979321.285 979318.969 979313.298 979302.367 979299.394 979286.329 979278.669 979278.233 979287.689 979282.004 979274.125 979264.934 979259.391 979280.880 979291.207 979300.466 979303.585 979305.153 979304.423 979304.258 979308.584 979309.886 979309.524 979311.736 979313.598 979314.415 979314.422 979313.574 979312.927 979311.568 979307.658 979294.238 979274.907 979253.117
979325.958 979326.752 979335.620 979342.305 979333.385 979320.472 979320.917 979327.938 979335.454 979335.500 979333.222 979332.953 979335.033 979335.145 979331.842 979329.440 979326.695 979325.948 979323.347 979322.873 979317.743 979302.582 979292.635 979308.694 979317.624 979309.880 979297.296 979281.629 979286.374 979286.940 979284.395 979281.506 979271.329 979268.320 979284.184 979280.964 979286.247 979296.338 979298.712 979297.884 979296.683 979295.969 979297.808 979302.521 979303.064 979301.543 979306.010 979308.482 979309.662 979310.189 979308.771 979307.882 979306.304 979305.610 979300.943 979290.199 979282.440
979318.561 979319.879 979330.303 979340.301 979336.849 979320.829 979317.577 979321.043 979325.906 979327.514 979326.612 979324.224 979327.728 979331.145 979329.316 979324.433 979321.471 979318.518 979315.043 979315.435 979312.736 979308.607 979301.327 979298.144 979311.424 979309.346 979298.791 979290.085 979292.558 979284.760 979267.586 979275.936 979284.766 979290.206 979291.825 979292.942 979293.427 979292.753 979291.433 979289.534 979288.257 979289.296 979292.263 979290.899 979286.064 979293.464 979300.032 979302.613 979304.918 979305.841 979304.426 979303.491 979300.095 979293.656 979293.618 979297.049 979290.910
979315.340 979316.218 979329.780 979334.283 979332.864 979325.614 979322.689 979323.545 979325.836 979327.609 979324.576 979320.969 979321.445 979321.049 979318.520 979317.976 979314.710 979310.897 979305.320 979308.403 979307.683 979300.341 979295.858 979304.686 979307.499 979306.701 979302.629 979293.973 979287.359 979280.774 979274.852 979280.529 979289.106 979292.138 979291.867 979288.671 979286.050 979282.372 979282.468 979284.585 979284.605 979284.590 979281.016 979260.293 979269.547 979277.766 979294.422 979298.656 979301.360 979300.899 979299.895 979299.221 979295.911 979288.826 979284.589 979288.626 979285.565
979324.958 979319.822 979321.451 979324.418 979330.152 979327.507 979324.863 979326.656 979327.564 979327.677 979324.608 979320.924 979319.872 979317.175 979313.909 979313.118 979311.383 979306.783 979294.565 979300.717 979299.556 979288.518 979280.891 979287.762 979299.875 979300.187 979297.806 979294.572 979294.666 979287.890 979280.454 979282.119 979286.020 979285.680 979285.716 979282.560 979277.880 979274.591 979276.760 979280.912 979281.564 979283.093 979282.866 979274.399 979261.049 979278.487 979280.493 979285.266 979294.614 979293.746 979294.318 979293.700 979292.797 979286.419 979280.964 979280.040 979284.342
979327.680 979320.817 979320.557 979319.380 979320.316 979325.036 979324.993 979324.460 979324.430 979323.964 979321.782 979318.975 979317.018 979314.054 979311.653 979310.139 979308.690 979303.028 979293.249 979294.118 979295.074 979288.380 979274.640 979271.841 979292.052 979293.697 979292.454 979291.150 979286.048 979285.446 979283.171 979276.956 979273.117 979278.666 979280.858 979278.203 979274.182 979268.806 979271.571 979274.258 979271.950 979271.738 979260.791 979252.055 979234.665 979250.578 979258.680 979275.505 979286.905 979287.166 979288.756 979287.140 979289.599 979284.357 979279.835 979277.520 979280.241
979327.947 979321.060 979317.158 979316.522 979313.237 979314.868 979316.700 979318.981 979318.115 979317.476 979315.590 979313.389 979311.454 979308.680 979305.813 979302.613 979298.443 979293.297 979283.752 979278.709 979280.757 979283.985 979283.661 979281.031 979285.784 979286.454 979285.176 979284.455 979284.125 979282.363 979277.514 979269.765 979271.783 979277.321 979275.609 979272.645 979262.714 979261.169 979252.180 979255.438 979252.488 979244.904 979229.262 979244.062 979219.003 979219.862 979260.561 979279.719 979281.994 979280.362 979282.170 979280.329 979284.151 979282.112 979278.675 979277.624 979277.938
979325.423 979322.750 979318.431 979316.824 979312.261 979309.848 979309.610 979311.905 979312.248 979309.377 979308.081 979307.443 979306.456 979302.955 979299.700 979296.419 979291.988 979284.920 979274.182 979267.267 979270.528 979278.588 979279.788 979278.597 979278.691 979279.644 979279.323 979278.529 979278.660 979275.971 979267.847 979251.717 979268.243 979269.313 979270.930 979266.540 979253.355 979257.082 979247.716 979240.799 979234.313 979217.057 979194.892 979218.870 979196.609 979235.286 979265.184 979276.328 979280.275 979282.607 979278.176 979274.581 979277.917 979269.701 979270.336 979273.472 979274.395
979330.621 979321.836 979319.922 979316.300 979312.277 979308.870 979307.193 979307.089 979306.387 979305.773 979303.798 979301.133 979299.949 979297.848 979294.431 979291.199 979287.907 979278.105 979271.644 979271.618 979273.134 979273.685 979270.376 979267.328 979267.421 979271.442 979272.032 979272.406 979271.873 979266.400 979251.380 979255.395 979260.998 979259.022 979256.335 979246.390 979237.418 979234.888 979235.932 979218.275 979199.623 979177.290 979178.368 979212.878 979229.509 979256.855 979265.432 979271.599 979277.891 979277.705 979278.192 979272.129 979269.373 979266.300 979268.844 979271.347 979272.342
