Data/data_grav_rasters/EGM2008_potential_ell.asc
ncols         159
nrows         172
xllcorner     32.4820794100
yllcorner     29.1707288100
cellsize      0.0259688
nodata_value  1000000000
[rows 138 to 160 of 172, columns 0 to 51 of 159]
62555801.595 62555801.447 62555801.537 62555801.809 62555802.213 62555802.726 62555803.352 62555804.113 62555805.019 62555806.063 62555807.216 62555808.439 62555809.699 62555810.977 62555812.265 62555813.561 62555814.861 62555816.153 62555817.421 62555818.656 62555819.846 62555820.981 62555822.039 62555822.986 62555823.780 62555824.393 62555824.824 62555825.108 62555825.308 62555825.493 62555825.710 62555825.965 62555826.230 62555826.454 62555826.595 62555826.638 62555826.599 62555826.517 62555826.427 62555826.351 62555826.291 62555826.236 62555826.174 62555826.105 62555826.034 62555825.968 62555825.902 62555825.816 62555825.684 62555825.484 62555825.211 62555824.882
62555759.259 62555759.023 62555759.073 62555759.337 62555759.744 62555760.256 62555760.874 62555761.623 62555762.523 62555763.568 62555764.728 62555765.960 62555767.225 62555768.505 62555769.799 62555771.117 62555772.462 62555773.824 62555775.179 62555776.501 62555777.763 62555778.942 62555780.013 62555780.950 62555781.727 62555782.333 62555782.780 62555783.111 62555783.384 62555783.657 62555783.963 62555784.296 62555784.616 62555784.870 62555785.021 62555785.062 62555785.017 62555784.932 62555784.845 62555784.777 62555784.726 62555784.678 62555784.619 62555784.550 62555784.478 62555784.410 62555784.338 62555784.236 62555784.074 62555783.828 62555783.496 62555783.100
62555717.006 62555716.681 62555716.676 62555716.911 62555717.306 62555717.813 62555718.429 62555719.178 62555720.079 62555721.129 62555722.292 62555723.521 62555724.780 62555726.056 62555727.358 62555728.705 62555730.104 62555731.541 62555732.982 62555734.383 62555735.704 62555736.915 62555737.994 62555738.927 62555739.703 62555740.326 62555740.815 62555741.211 62555741.567 62555741.928 62555742.315 62555742.713 62555743.080 62555743.364 62555743.533 62555743.586 62555743.557 62555743.490 62555743.425 62555743.378 62555743.340 62555743.294 62555743.227 62555743.140 62555743.045 62555742.949 62555742.846 62555742.711 62555742.509 62555742.218 62555741.837 62555741.389
62555674.816 62555674.423 62555674.359 62555674.549 62555674.913 62555675.403 62555676.012 62555676.761 62555677.668 62555678.721 62555679.883 62555681.109 62555682.365 62555683.648 62555684.977 62555686.373 62555687.842 62555689.359 62555690.874 62555692.330 62555693.680 62555694.895 62555695.966 62555696.894 62555697.684 62555698.346 62555698.902 62555699.383 62555699.831 62555700.280 62555700.741 62555701.196 62555701.604 62555701.920 62555702.117 62555702.201 62555702.205 62555702.174 62555702.143 62555702.121 62555702.096 62555702.049 62555701.964 62555701.847 62555701.712 62555701.571 62555701.421 62555701.239 62555700.992 62555700.659 62555700.239 62555699.755
62555632.641 62555632.219 62555632.109 62555632.249 62555632.569 62555633.025 62555633.615 62555634.356 62555635.259 62555636.311 62555637.472 62555638.700 62555639.970 62555641.286 62555642.672 62555644.147 62555645.703 62555647.299 62555648.868 62555650.344 62555651.682 62555652.866 62555653.907 62555654.826 62555655.641 62555656.365 62555657.013 62555657.601 62555658.155 62555658.697 62555659.231 62555659.742 62555660.193 62555660.547 62555660.781 62555660.905 62555660.951 62555660.959 62555660.961 62555660.961 62555660.945 62555660.891 62555660.786 62555660.637 62555660.460 62555660.271 62555660.069 62555659.835 62555659.541 62555659.167 62555658.711 62555658.194
62555590.417 62555590.012 62555589.886 62555589.988 62555590.262 62555590.677 62555591.234 62555591.953 62555592.839 62555593.879 62555595.035 62555596.273 62555597.576 62555598.954 62555600.428 62555602.005 62555603.658 62555605.323 62555606.921 62555608.381 62555609.670 62555610.796 62555611.794 62555612.707 62555613.564 62555614.376 62555615.142 62555615.861 62555616.539 62555617.186 62555617.802 62555618.374 62555618.872 62555619.267 62555619.542 62555619.706 62555619.788 62555619.828 62555619.851 62555619.861 62555619.844 62555619.780 62555619.658 62555619.485 62555619.277 62555619.049 62555618.803 62555618.521 62555618.179 62555617.758 62555617.258 62555616.697
62555548.082 62555547.741 62555547.637 62555547.729 62555547.974 62555548.354 62555548.876 62555549.560 62555550.416 62555551.430 62555552.575 62555553.825 62555555.172 62555556.627 62555558.202 62555559.885 62555561.626 62555563.340 62555564.938 62555566.356 62555567.579 62555568.642 62555569.610 62555570.541 62555571.471 62555572.401 62555573.314 62555574.185 62555575.004 62555575.767 62555576.474 62555577.113 62555577.663 62555578.100 62555578.411 62555578.606 62555578.715 62555578.771 62555578.800 62555578.806 62555578.779 62555578.702 62555578.566 62555578.379 62555578.155 62555577.906 62555577.629 62555577.307 62555576.917 62555576.442 62555575.883 62555575.257
62555505.610 62555505.365 62555505.321 62555505.440 62555505.688 62555506.052 62555506.547 62555507.197 62555508.013 62555508.993 62555510.118 62555511.374 62555512.760 62555514.285 62555515.947 62555517.713 62555519.511 62555521.244 62555522.820 62555524.188 62555525.357 62555526.390 62555527.369 62555528.364 62555529.408 62555530.489 62555531.568 62555532.605 62555533.571 62555534.456 62555535.257 62555535.965 62555536.565 62555537.039 62555537.378 62555537.595 62555537.718 62555537.780 62555537.805 62555537.800 62555537.757 62555537.663 62555537.514 62555537.319 62555537.089 62555536.831 62555536.537 62555536.185 62555535.749 62555535.214 62555534.581 62555533.870
62555463.030 62555462.892 62555462.931 62555463.107 62555463.386 62555463.761 62555464.246 62555464.869 62555465.649 62555466.591 62555467.691 62555468.944 62555470.354 62555471.924 62555473.636 62555475.441 62555477.253 62555478.971 62555480.513 62555481.848 62555483.006 62555484.067 62555485.123 62555486.242 62555487.442 62555488.695 62555489.946 62555491.142 62555492.247 62555493.246 62555494.134 62555494.907 62555495.551 62555496.053 62555496.411 62555496.641 62555496.772 62555496.837 62555496.860 62555496.845 62555496.786 62555496.675 62555496.511 62555496.305 62555496.070 62555495.807 62555495.502 62555495.127 62555494.649 62555494.053 62555493.341 62555492.534
62555420.426 62555420.377 62555420.494 62555420.733 62555421.058 62555421.458 62555421.949 62555422.560 62555423.315 62555424.228 62555425.305 62555426.550 62555427.967 62555429.549 62555431.270 62555433.066 62555434.851 62555436.531 62555438.045 62555439.381 62555440.589 62555441.753 62555442.957 62555444.250 62555445.633 62555447.059 62555448.464 62555449.793 62555451.011 62555452.105 62555453.070 62555453.899 62555454.579 62555455.102 62555455.469 62555455.704 62555455.842 62555455.915 62555455.944 62555455.930 62555455.863 62555455.735 62555455.552 62555455.329 62555455.081 62555454.808 62555454.492 62555454.096 62555453.582 62555452.930 62555452.144 62555451.246
62555377.911 62555377.906 62555378.064 62555378.339 62555378.694 62555379.116 62555379.618 62555380.228 62555380.973 62555381.873 62555382.942 62555384.184 62555385.600 62555387.175 62555388.872 62555390.627 62555392.360 62555393.999 62555395.506 62555396.892 62555398.213 62555399.545 62555400.949 62555402.445 62555404.008 62555405.581 62555407.102 62555408.522 62555409.821 62555410.989 62555412.021 62555412.904 62555413.619 62555414.156 62555414.525 62555414.757 62555414.896 62555414.979 62555415.022 62555415.020 62555414.956 62555414.819 62555414.618 62555414.373 62555414.104 62555413.814 62555413.482 62555413.064 62555412.518 62555411.818 62555410.968 62555409.993
62555335.575 62555335.552 62555335.691 62555335.952 62555336.299 62555336.719 62555337.222 62555337.835 62555338.584 62555339.491 62555340.569 62555341.822 62555343.242 62555344.807 62555346.472 62555348.178 62555349.862 62555351.476 62555353.009 62555354.490 62555355.973 62555357.513 62555359.136 62555360.829 62555362.543 62555364.217 62555365.800 62555367.269 62555368.619 62555369.850 62555370.952 62555371.898 62555372.655 62555373.208 62555373.572 62555373.789 62555373.918 62555374.002 62555374.058 62555374.074 62555374.023 62555373.890 62555373.680 62555373.418 62555373.128 62555372.818 62555372.464 62555372.021 62555371.441 62555370.698 62555369.794 62555368.758
62555293.446 62555293.345 62555293.406 62555293.597 62555293.891 62555294.278 62555294.767 62555295.379 62555296.139 62555297.066 62555298.169 62555299.447 62555300.883 62555302.447 62555304.092 62555305.765 62555307.420 62555309.037 62555310.630 62555312.236 62555313.902 62555315.654 62555317.483 62555319.339 62555321.156 62555322.878 62555324.478 62555325.961 62555327.347 62555328.645 62555329.833 62555330.862 62555331.680 62555332.258 62555332.613 62555332.804 62555332.904 62555332.972 62555333.030 62555333.061 62555333.031 62555332.917 62555332.716 62555332.454 62555332.155 62555331.829 62555331.451 62555330.976 62555330.356 62555329.566 62555328.611 62555327.524
62555251.481 62555251.265 62555251.208 62555251.295 62555251.508 62555251.842 62555252.304 62555252.910 62555253.681 62555254.629 62555255.761 62555257.067 62555258.526 62555260.100 62555261.741 62555263.404 62555265.058 62555266.706 62555268.375 62555270.113 62555271.952 62555273.890 62555275.884 62555277.857 62555279.731 62555281.462 62555283.050 62555284.535 62555285.959 62555287.335 62555288.629 62555289.766 62555290.666 62555291.284 62555291.638 62555291.795 62555291.853 62555291.887 62555291.932 62555291.972 62555291.969 62555291.889 62555291.721 62555291.482 62555291.194 62555290.861 62555290.460 62555289.947 62555289.278 62555288.433 62555287.423 62555286.288
62555209.595 62555209.256 62555209.080 62555209.063 62555209.197 62555209.479 62555209.914 62555210.513 62555211.288 62555212.248 62555213.394 62555214.717 62555216.191 62555217.775 62555219.423 62555221.091 62555222.763 62555224.450 62555226.195 62555228.043 62555230.017 62555232.095 62555234.206 62555236.254 62555238.158 62555239.886 62555241.463 62555242.956 62555244.426 62555245.891 62555247.302 62555248.560 62555249.557 62555250.233 62555250.599 62555250.735 62555250.753 62555250.751 62555250.776 62555250.824 62555250.852 62555250.818 62555250.703 62555250.509 62555250.249 62555249.920 62555249.498 62555248.943 62555248.217 62555247.310 62555246.243 62555245.058
62555167.711 62555167.271 62555167.006 62555166.917 62555167.000 62555167.253 62555167.673 62555168.266 62555169.035 62555169.988 62555171.125 62555172.439 62555173.906 62555175.488 62555177.138 62555178.816 62555180.505 62555182.225 62555184.020 62555185.937 62555187.994 62555190.156 62555192.341 62555194.443 62555196.379 62555198.122 62555199.713 62555201.234 62555202.760 62555204.310 62555205.825 62555207.192 62555208.285 62555209.030 62555209.432 62555209.573 62555209.579 62555209.560 62555209.579 62555209.639 62555209.703 62555209.724 62555209.670 62555209.532 62555209.308 62555208.989 62555208.548 62555207.950 62555207.169 62555206.204 62555205.083 62555203.854
62555125.810 62555125.300 62555124.986 62555124.868 62555124.938 62555125.187 62555125.608 62555126.195 62555126.949 62555127.875 62555128.976 62555130.253 62555131.689 62555133.252 62555134.894 62555136.573 62555138.271 62555140.002 62555141.812 62555143.748 62555145.831 62555148.030 62555150.261 62555152.415 62555154.408 62555156.208 62555157.855 62555159.433 62555161.016 62555162.626 62555164.207 62555165.643 62555166.807 62555167.619 62555168.079 62555168.266 62555168.303 62555168.307 62555168.348 62555168.437 62555168.541 62555168.613 62555168.616 62555168.528 62555168.336 62555168.025 62555167.567 62555166.935 62555166.111 62555165.106 62555163.952 62555162.697
62555083.940 62555083.381 62555083.046 62555082.925 62555083.002 62555083.261 62555083.686 62555084.265 62555084.994 62555085.878 62555086.926 62555088.148 62555089.537 62555091.068 62555092.696 62555094.372 62555096.070 62555097.795 62555099.587 62555101.500 62555103.564 62555105.761 62555108.020 62555110.237 62555112.322 62555114.230 62555115.981 62555117.642 62555119.279 62555120.915 62555122.506 62555123.952 62555125.144 62555126.005 62555126.535 62555126.803 62555126.919 62555126.991 62555127.086 62555127.218 62555127.362 62555127.474 62555127.515 62555127.460 62555127.288 62555126.978 62555126.508 62555125.855 62555125.013 62555123.998 62555122.843 62555121.590
62555042.199 62555041.587 62555041.226 62555041.095 62555041.169 62555041.425 62555041.841 62555042.401 62555043.096 62555043.932 62555044.923 62555046.087 62555047.430 62555048.932 62555050.549 62555052.228 62555053.929 62555055.644 62555057.406 62555059.272 62555061.287 62555063.456 62555065.730 62555068.017 62555070.222 62555072.278 62555074.173 62555075.942 62555077.630 62555079.262 62555080.812 62555082.211 62555083.379 62555084.262 62555084.858 62555085.224 62555085.449 62555085.618 62555085.788 62555085.971 62555086.147 62555086.282 62555086.340 62555086.296 62555086.129 62555085.818 62555085.342 62555084.687 62555083.855 62555082.863 62555081.741 62555080.519
62555000.683 62554999.986 62554999.563 62554999.383 62554999.415 62554999.634 62555000.015 62555000.538 62555001.193 62555001.982 62555002.924 62555004.040 62555005.347 62555006.831 62555008.452 62555010.150 62555011.871 62555013.591 62555015.333 62555017.151 62555019.106 62555021.230 62555023.502 62555025.850 62555028.178 62555030.397 62555032.459 62555034.354 62555036.101 62555037.718 62555039.200 62555040.515 62555041.623 62555042.496 62555043.141 62555043.599 62555043.935 62555044.206 62555044.452 62555044.679 62555044.875 62555045.015 62555045.073 62555045.029 62555044.862 62555044.553 62555044.083 62555043.443 62555042.641 62555041.694 62555040.627 62555039.456
62554959.447 62554958.621 62554958.081 62554957.795 62554957.735 62554957.875 62554958.192 62554958.663 62554959.273 62554960.021 62554960.922 62554962.003 62554963.284 62554964.761 62554966.398 62554968.130 62554969.894 62554971.646 62554973.393 62554975.182 62554977.083 62554979.151 62554981.396 62554983.774 62554986.197 62554988.563 62554990.786 62554992.817 62554994.639 62554996.257 62554997.679 62554998.909 62554999.944 62555000.789 62555001.460 62555001.990 62555002.416 62555002.771 62555003.075 62555003.331 62555003.533 62555003.668 62555003.722 62555003.679 62555003.521 62555003.225 62555002.775 62555002.164 62555001.400 62555000.502 62554999.489 62554998.371
62554918.488 62554917.487 62554916.779 62554916.340 62554916.146 62554916.176 62554916.407 62554916.814 62554917.377 62554918.087 62554918.954 62554920.003 62554921.258 62554922.724 62554924.372 62554926.143 62554927.962 62554929.771 62554931.553 62554933.342 62554935.204 62554937.210 62554939.401 62554941.763 62554944.228 62554946.693 62554949.049 62554951.209 62554953.122 62554954.772 62554956.172 62554957.348 62554958.330 62554959.151 62554959.838 62554960.416 62554960.905 62554961.316 62554961.655 62554961.923 62554962.122 62554962.252 62554962.310 62554962.283 62554962.152 62554961.889 62554961.474 62554960.897 62554960.167 62554959.303 62554958.326 62554957.244
62554877.753 62554876.545 62554875.637 62554875.018 62554874.672 62554874.579 62554874.716 62554875.054 62554875.567 62554876.236 62554877.064 62554878.072 62554879.286 62554880.720 62554882.359 62554884.149 62554886.017 62554887.892 62554889.733 62554891.548 62554893.392 62554895.341 62554897.456 62554899.755 62554902.200 62554904.701 62554907.139 62554909.404 62554911.412 62554913.126 62554914.551 62554915.723 62554916.696 62554917.518 62554918.228 62554918.848 62554919.382 62554919.829 62554920.186 62554920.456 62554920.650 62554920.782 62554920.856 62554920.864 62554920.780 62554920.570 62554920.202 62554919.662 62554918.956 62554918.107 62554917.140 62554916.070
