Data/data_grav_rasters/EGM96_gravity_earth.asc
ncols         159
nrows         172
xllcorner     32.4820794100
yllcorner     29.1707288100
cellsize      0.0259688
nodata_value  9999999
[rows 50 to 74 of 172, columns 57 to 113 of 159]
979475.082 979472.745 979470.488 979468.337 979466.322 979464.470 979462.807 979461.360 979460.156 979459.218 979458.569 979458.229 979458.215 979458.545 979459.229 979460.277 979461.694 979463.483 979465.642 979468.165 979471.044 979474.264 979477.809 979481.659 979485.789 979490.171 979494.776 979499.570 979504.517 979509.579 979514.717 979519.891 979525.059 979530.178 979535.208 979532.464 979532.164 979533.153 979540.388 979547.786 979547.764 979540.594 979529.398 979514.346 979509.470 979483.248 979449.873 979443.134 979414.279 979425.536 979394.449 979387.319 979437.940 979455.868 979461.660 979443.225 979419.901
979473.610 979471.279 979469.033 979466.897 979464.901 979463.071 979461.435 979460.020 979458.850 979457.950 979457.342 979457.046 979457.078 979457.455 979458.188 979459.284 979460.750 979462.587 979464.792 979467.359 979470.278 979473.536 979477.114 979480.993 979485.148 979489.549 979494.168 979498.970 979503.920 979508.980 979514.110 979519.270 979524.419 979529.516 979528.248 979530.604 979530.924 979529.926 979535.946 979544.276 979545.556 979533.503 979528.240 979499.148 979480.693 979489.812 979483.163 979465.552 979441.924 979415.170 979401.046 979413.329 979461.666 979505.577 979488.718 979468.519 979485.596
979472.304 979469.988 979467.758 979465.643 979463.671 979461.869 979460.265 979458.884 979457.752 979456.892 979456.327 979456.075 979456.153 979456.576 979457.355 979458.497 979460.008 979461.887 979464.132 979466.737 979469.689 979472.976 979476.580 979480.478 979484.646 979489.056 979493.678 979498.476 979503.416 979508.460 979513.569 979518.703 979523.820 979528.881 979531.539 979530.861 979531.675 979529.386 979531.354 979540.610 979539.632 979523.305 979514.769 979493.769 979480.763 979465.706 979478.283 979471.413 979431.798 979398.616 979388.475 979406.997 979463.756 979507.062 979537.298 979488.235 979469.783
979471.158 979468.861 979466.654 979464.566 979462.623 979460.854 979459.285 979457.942 979456.851 979456.034 979455.512 979455.305 979455.428 979455.897 979456.720 979457.905 979459.456 979461.373 979463.653 979466.287 979469.266 979472.574 979476.193 979480.101 979484.272 979488.679 979493.291 979498.073 979502.991 979508.006 979513.080 979518.174 979523.246 979528.256 979529.980 979529.252 979530.866 979526.085 979528.110 979537.057 979529.220 979514.637 979502.375 979491.337 979476.630 979476.790 979453.988 979442.219 979434.500 979422.184 979352.606 979343.751 979414.143 979388.769 979476.526 979556.439 979564.751
979470.159 979467.888 979465.710 979463.654 979461.746 979460.013 979458.484 979457.183 979456.134 979455.362 979454.885 979454.723 979454.891 979455.403 979456.268 979457.493 979459.081 979461.031 979463.339 979465.997 979468.994 979472.315 979475.940 979479.847 979484.011 979488.404 979492.994 979497.747 979502.630 979507.603 979512.629 979517.668 979522.681 979527.627 979524.460 979524.431 979528.788 979527.611 979530.102 979532.406 979524.106 979512.369 979495.372 979481.808 979461.486 979455.745 979443.974 979423.670 979396.252 979366.175 979350.128 979393.565 979420.047 979400.472 979376.309 979438.690 979538.916
979469.295 979467.056 979464.913 979462.893 979461.024 979459.333 979457.847 979456.590 979455.587 979454.860 979454.430 979454.313 979454.526 979455.080 979455.985 979457.246 979458.866 979460.844 979463.175 979465.851 979468.858 979472.183 979475.804 979479.701 979483.847 979488.214 979492.770 979497.483 979502.316 979507.234 979512.198 979517.169 979522.109 979526.977 979517.444 979520.052 979521.995 979528.151 979535.883 979526.556 979513.453 979494.925 979484.254 979474.107 979463.183 979441.096 979434.762 979428.420 979409.816 979393.812 979367.109 979401.034 979389.209 979413.416 979405.353 979397.789 979469.400
979468.552 979466.350 979464.246 979462.268 979460.442 979458.797 979457.357 979456.147 979455.192 979454.513 979454.130 979454.059 979454.315 979454.910 979455.852 979457.146 979458.795 979460.796 979463.144 979465.830 979468.840 979472.160 979475.770 979479.646 979483.763 979488.093 979492.604 979497.263 979502.035 979506.884 979511.772 979516.661 979521.513 979520.486 979511.820 979517.993 979525.433 979533.916 979535.877 979527.896 979511.410 979491.268 979484.698 979478.718 979460.863 979455.041 979443.296 979420.139 979400.716 979382.292 979402.233 979394.342 979360.595 979344.412 979350.580 979435.625 979482.618
979467.912 979465.752 979463.692 979461.760 979459.982 979458.385 979456.995 979455.836 979454.931 979454.301 979453.965 979453.940 979454.239 979454.873 979455.850 979457.175 979458.848 979460.867 979463.226 979465.916 979468.923 979472.230 979475.818 979479.664 979483.742 979488.023 979492.477 979497.070 979501.768 979506.535 979511.334 979516.128 979520.879 979515.534 979515.414 979525.181 979532.059 979535.192 979534.596 979520.558 979516.804 979510.669 979491.113 979471.102 979452.608 979443.410 979438.384 979434.527 979402.268 979380.526 979392.745 979385.747 979355.689 979352.010 979407.695 979461.138 979496.992
979467.357 979465.243 979463.232 979461.350 979459.624 979458.079 979456.742 979455.636 979454.783 979454.203 979453.916 979453.936 979454.278 979454.950 979455.960 979457.312 979459.006 979461.038 979463.403 979466.090 979469.085 979472.372 979475.930 979479.736 979483.765 979487.987 979492.372 979496.888 979501.500 979506.172 979510.869 979515.554 979520.190 979519.342 979523.384 979526.792 979528.997 979532.998 979532.571 979518.557 979512.684 979490.937 979477.345 979459.190 979435.936 979426.053 979410.600 979400.153 979381.947 979384.716 979389.153 979370.820 979333.993 979350.529 979416.514 979462.462 979524.618
979466.867 979464.805 979462.846 979461.018 979459.347 979457.858 979456.576 979455.525 979454.726 979454.198 979453.960 979454.026 979454.409 979455.118 979456.159 979457.535 979459.246 979461.288 979463.653 979466.332 979469.309 979472.567 979476.087 979479.845 979483.814 979487.967 979492.273 979496.699 979501.213 979505.778 979510.360 979514.923 979518.084 979510.035 979513.884 979515.231 979522.761 979527.565 979522.542 979508.614 979496.355 979484.333 979462.766 979451.469 979446.509 979424.333 979406.262 979402.628 979393.994 979384.736 979370.051 979342.231 979318.648 979322.994 979373.473 979468.833 979549.447
979466.423 979464.415 979462.512 979460.742 979459.129 979457.699 979456.475 979455.481 979454.738 979454.264 979454.076 979454.188 979454.612 979455.356 979456.426 979457.824 979459.549 979461.595 979463.956 979466.620 979469.573 979472.796 979476.270 979479.970 979483.871 979487.945 979492.161 979496.487 979500.891 979505.338 979509.793 979514.221 979511.072 979511.138 979510.730 979511.380 979518.562 979521.526 979513.648 979499.108 979487.916 979475.590 979468.715 979448.775 979439.259 979443.169 979425.848 979405.653 979385.646 979353.959 979341.455 979338.586 979330.986 979322.593 979377.686 979484.230 979549.902
979466.003 979464.053 979462.210 979460.500 979458.948 979457.580 979456.417 979455.482 979454.796 979454.377 979454.239 979454.398 979454.863 979455.642 979456.739 979458.156 979459.891 979461.939 979464.291 979466.936 979469.858 979473.039 979476.459 979480.094 979483.918 979487.903 979492.020 979496.236 979500.519 979504.836 979509.153 979509.233 979509.262 979513.470 979516.039 979517.960 979520.297 979518.985 979510.462 979494.578 979483.120 979473.803 979447.597 979429.940 979409.337 979418.373 979409.363 979378.328 979357.489 979329.213 979309.585 979323.497 979328.243 979330.839 979361.211 979430.725 979546.699
979465.585 979463.696 979461.916 979460.270 979458.783 979457.478 979456.378 979455.506 979454.879 979454.515 979454.429 979454.634 979455.140 979455.952 979457.075 979458.510 979460.253 979462.298 979464.637 979467.258 979470.144 979473.277 979476.636 979480.199 979483.938 979487.826 979491.834 979495.930 979500.082 979504.259 979508.427 979502.940 979504.163 979509.735 979514.168 979517.055 979518.509 979518.398 979507.515 979493.520 979477.729 979472.515 979444.221 979418.008 979405.659 979392.372 979371.018 979345.254 979323.554 979342.750 979293.341 979275.879 979331.007 979370.990 979359.369 979426.114 979539.842
979465.149 979463.324 979461.610 979460.030 979458.610 979457.371 979456.337 979455.528 979454.962 979454.655 979454.622 979454.874 979455.420 979456.266 979457.413 979458.863 979460.612 979462.652 979464.975 979467.566 979470.411 979473.491 979476.784 979480.267 979483.913 979487.697 979491.587 979495.555 979499.568 979503.595 979505.372 979499.486 979499.289 979501.904 979506.581 979513.304 979515.331 979514.346 979509.486 979494.371 979476.642 979465.554 979452.773 979416.341 979401.834 979388.193 979357.187 979331.053 979325.143 979330.585 979292.021 979264.739 979303.468 979375.550 979408.816 979439.973 979539.445
979464.675 979462.916 979461.269 979459.759 979458.407 979457.238 979456.272 979455.528 979455.024 979454.776 979454.797 979455.096 979455.683 979456.561 979457.732 979459.196 979460.948 979462.981 979465.283 979467.843 979470.642 979473.663 979476.884 979480.282 979483.830 979487.501 979491.267 979495.098 979498.963 979501.394 979501.776 979499.796 979498.457 979499.129 979500.689 979504.734 979507.931 979507.838 979491.320 979486.722 979481.072 979463.526 979433.616 979421.118 979403.963 979380.758 979340.703 979312.124 979302.337 979291.894 979289.362 979290.367 979320.324 979344.140 979397.553 979499.267 979535.410
979464.141 979462.451 979460.875 979459.435 979458.156 979457.057 979456.161 979455.485 979455.045 979454.857 979454.932 979455.280 979455.907 979456.818 979458.012 979459.489 979461.243 979463.266 979465.546 979468.070 979470.820 979473.778 979476.922 979480.229 979483.672 979487.226 979490.861 979494.548 979498.258 979497.190 979500.877 979500.948 979500.522 979499.230 979495.188 979498.171 979503.429 979501.469 979489.191 979478.526 979465.930 979454.735 979448.937 979430.562 979399.198 979380.154 979346.546 979316.877 979283.519 979276.679 979287.297 979322.723 979343.993 979363.895 979438.155 979521.340 979531.119
979463.529 979461.910 979460.406 979459.040 979457.835 979456.810 979455.985 979455.378 979455.004 979454.877 979455.008 979455.405 979456.074 979457.017 979458.235 979459.724 979461.479 979463.489 979465.745 979468.230 979470.929 979473.820 979476.884 979480.095 979483.429 979486.858 979490.357 979493.894 979497.443 979494.439 979498.246 979500.543 979497.915 979494.777 979494.394 979493.354 979496.440 979494.771 979485.811 979473.786 979456.730 979447.733 979438.668 979423.801 979390.651 979351.606 979317.816 979295.489 979274.355 979287.917 979306.548 979334.999 979369.306 979415.258 979460.090 979489.784 979526.589
979462.823 979461.276 979459.847 979458.556 979457.426 979456.477 979455.726 979455.190 979454.883 979454.819 979455.007 979455.454 979456.165 979457.142 979458.382 979459.883 979461.638 979463.636 979465.865 979468.310 979470.954 979473.776 979476.755 979479.867 979483.087 979486.389 979489.746 979493.129 979490.417 979489.515 979494.485 979498.255 979495.016 979493.353 979491.446 979491.534 979485.401 979479.712 979480.753 979473.178 979459.811 979455.671 979445.826 979409.001 979373.205 979343.644 979313.654 979298.575 979289.868 979304.329 979338.836 979350.535 979361.551 979414.925 979450.898 979469.013 979492.295
979462.006 979460.533 979459.180 979457.967 979456.915 979456.042 979455.367 979454.904 979454.667 979454.667 979454.913 979455.412 979456.166 979457.176 979458.440 979459.952 979461.706 979463.691 979465.892 979468.296 979470.883 979473.633 979476.525 979479.536 979482.639 979485.809 979489.020 979487.766 979487.239 979487.765 979489.461 979494.909 979493.523 979494.329 979493.416 979487.101 979475.210 979460.296 979467.547 979466.813 979449.184 979443.738 979421.746 979372.980 979328.691 979310.122 979292.566 979294.228 979296.547 979295.664 979327.368 979360.063 979407.719 979440.821 979475.247 979493.008 979516.892
979461.065 979459.668 979458.392 979457.258 979456.285 979455.492 979454.894 979454.505 979454.340 979454.406 979454.712 979455.263 979456.061 979457.106 979458.393 979459.918 979461.672 979463.642 979465.816 979468.176 979470.705 979473.382 979476.186 979479.091 979482.075 979485.111 979488.173 979486.481 979485.744 979483.576 979483.178 979487.970 979489.565 979490.697 979487.628 979481.527 979475.755 979472.053 979462.843 979446.629 979432.627 979413.334 979378.880 979342.908 979301.370 979280.257 979285.852 979291.396 979297.267 979281.953 979319.635 979360.042 979407.248 979437.534 979447.832 979474.895 979511.773
979459.989 979458.669 979457.472 979456.418 979455.526 979454.814 979454.295 979453.983 979453.890 979454.024 979454.392 979454.996 979455.840 979456.920 979458.232 979459.769 979461.523 979463.479 979465.624 979467.942 979470.412 979473.015 979475.728 979478.528 979481.390 979484.290 979487.201 979484.796 979482.775 979480.907 979480.294 979478.959 979481.326 979484.388 979481.059 979473.847 979471.740 979467.549 979450.129 979431.143 979413.477 979383.515 979347.874 979328.074 979314.031 979304.969 979310.069 979297.381 979282.483 979276.926 979311.394 979366.803 979405.318 979436.825 979452.532 979470.908 979506.508
979458.769 979457.526 979456.409 979455.438 979454.629 979453.998 979453.560 979453.327 979453.308 979453.511 979453.942 979454.602 979455.492 979456.608 979457.946 979459.497 979461.251 979463.194 979465.311 979467.585 979469.996 979472.524 979475.147 979477.840 979480.580 979483.342 979482.458 979480.533 979482.985 979482.664 979482.106 979482.280 979481.136 979477.534 979473.560 979464.474 979453.965 979458.108 979450.171 979429.295 979434.767 979395.733 979351.394 979324.844 979326.240 979328.803 979305.711 979267.958 979276.460 979294.005 979315.692 979349.798 979383.433 979415.455 979435.250 979472.512 979501.126
979457.399 979456.234 979455.199 979454.310 979453.585 979453.038 979452.682 979452.529 979452.586 979452.860 979453.355 979454.073 979455.011 979456.165 979457.530 979459.095 979460.850 979462.780 979464.870 979467.101 979469.453 979471.907 979474.438 979477.025 979479.642 979478.299 979473.782 979475.812 979479.050 979477.851 979477.703 979478.175 979477.117 979474.425 979464.518 979453.916 979448.526 979440.245 979427.762 979431.342 979422.072 979362.630 979327.547 979324.541 979318.131 979301.646 979281.147 979274.815 979273.119 979286.238 979322.765 979356.610 979373.474 979383.480 979418.627 979485.601 979495.655
979455.874 979454.789 979453.835 979453.031 979452.391 979451.929 979451.657 979451.585 979451.720 979452.067 979452.628 979453.404 979454.391 979455.585 979456.978 979458.559 979460.316 979462.234 979464.297 979466.486 979468.780 979471.159 979473.600 979476.080 979473.475 979473.752 979473.491 979470.318 979473.824 979475.087 979472.921 979470.759 979470.193 979465.760 979455.451 979449.790 979441.363 979431.363 979405.476 979404.344 979389.574 979356.495 979318.083 979294.448 979278.386 979273.431 979252.302 979252.301 979283.407 979311.268 979327.153 979335.023 979372.012 979403.287 979448.880 979481.933 979476.794
979454.195 979453.189 979452.318 979451.599 979451.045 979450.669 979450.483 979450.493 979450.707 979451.128 979451.757 979452.592 979453.631 979454.865 979456.287 979457.886 979459.646 979461.554 979463.591 979465.739 979467.976 979470.282 979472.633 979475.008 979473.245 979467.099 979469.700 979465.237 979464.071 979471.220 979469.491 979465.445 979460.169 979452.304 979446.650 979442.746 979435.641 979418.702 979413.503 979397.670 979391.343 979362.017 979331.002 979314.513 979295.301 979252.206 979223.108 979250.273 979281.754 979301.755 979321.798 979346.013 979375.434 979418.605 979460.146 979471.956 979484.565
