Data/data_grav_rasters/EGM96_gravity_earth.asc
ncols         159
nrows         172
xllcorner     32.4820794100
yllcorner     29.1707288100
cellsize      0.0259688
nodata_value  9999999
[rows 125 to 149 of 172, columns 57 to 113 of 159]
979280.760 979283.247 979282.926 979284.452 979284.612 979284.760 979283.838 979282.004 979278.710 979273.760 979264.689 979247.736 979250.948 979257.016 979265.082 979258.520 979255.878 979249.602 979226.320 979196.881 979206.673 979197.995 979200.426 979189.311 979161.039 979123.227 979131.936 979158.417 979189.810 979197.062 979198.051 979204.896 979231.748 979240.505 979251.769 979251.712 979254.452 979262.243 979252.610 979234.742 979223.589 979235.804 979261.552 979274.608 979304.202 979314.544 979315.210 979314.025 979308.697 979298.231 979293.910 979285.964 979268.685 979254.403 979228.836 979187.157 979077.822
979271.876 979273.253 979277.237 979278.735 979280.691 979280.939 979280.613 979279.757 979277.738 979272.681 979257.926 979244.880 979258.669 979267.658 979265.211 979261.444 979258.299 979254.673 979243.556 979229.546 979236.804 979229.333 979221.690 979201.142 979181.251 979170.946 979143.938 979124.575 979147.106 979185.812 979182.276 979180.352 979207.603 979236.081 979243.596 979257.307 979272.532 979274.224 979276.785 979268.026 979253.480 979275.209 979298.379 979296.841 979293.557 979293.326 979297.067 979306.033 979301.925 979294.937 979287.884 979269.775 979241.820 979224.906 979197.732 979165.332 979088.876
979263.144 979256.782 979263.999 979271.525 979275.336 979277.128 979276.805 979275.612 979275.191 979274.127 979271.367 979268.803 979269.318 979268.430 979266.246 979263.903 979261.449 979257.606 979250.794 979248.873 979245.053 979236.330 979223.164 979209.266 979205.170 979195.659 979189.574 979180.643 979170.928 979183.062 979173.699 979195.474 979221.299 979241.399 979255.121 979264.835 979256.376 979244.502 979261.809 979261.762 979276.513 979272.875 979261.709 979258.076 979272.469 979287.062 979299.148 979298.909 979293.060 979287.384 979277.566 979259.111 979228.850 979196.010 979164.657 979077.535 979050.128
979240.106 979221.611 979228.136 979259.258 979269.078 979270.205 979272.603 979273.055 979271.899 979271.656 979270.597 979269.271 979268.462 979267.185 979266.578 979265.022 979261.724 979257.696 979255.197 979251.939 979246.863 979239.063 979229.452 979222.249 979219.151 979212.894 979204.693 979198.539 979196.057 979172.125 979149.052 979204.819 979226.718 979242.863 979252.391 979244.233 979234.086 979227.412 979228.757 979255.154 979275.352 979268.231 979262.171 979271.472 979283.651 979289.752 979295.483 979291.042 979282.987 979276.105 979265.994 979249.712 979230.444 979206.479 979160.774 979090.747 979071.340
979197.032 979208.458 979226.993 979255.617 979261.852 979260.144 979264.486 979267.993 979268.212 979266.986 979267.244 979266.886 979266.509 979265.707 979264.580 979262.736 979260.520 979258.192 979255.340 979250.261 979244.749 979237.967 979234.385 979230.551 979221.938 979216.003 979209.387 979203.854 979210.443 979201.300 979180.564 979216.477 979237.361 979248.245 979239.010 979225.942 979221.753 979221.458 979232.258 979258.945 979265.927 979269.798 979269.661 979277.615 979285.184 979286.226 979292.261 979287.004 979278.230 979263.174 979254.393 979236.472 979222.150 979196.656 979161.732 979107.110 979052.292
979240.000 979242.859 979251.213 979253.888 979254.658 979254.938 979257.893 979259.024 979263.387 979264.388 979264.777 979265.047 979264.535 979263.534 979261.986 979260.278 979258.782 979257.034 979253.830 979249.543 979244.049 979239.915 979237.048 979232.748 979208.447 979210.834 979212.123 979201.522 979210.814 979216.558 979214.240 979230.144 979240.630 979246.666 979236.997 979232.633 979231.438 979239.834 979256.357 979253.109 979261.020 979268.618 979273.425 979278.678 979284.310 979289.091 979287.747 979281.231 979274.369 979265.891 979244.264 979222.342 979208.199 979185.843 979167.737 979113.721 979033.891
979244.700 979246.190 979247.160 979246.230 979246.802 979247.757 979252.497 979254.063 979255.185 979256.522 979258.871 979258.708 979259.430 979260.294 979259.108 979257.813 979255.314 979253.428 979251.309 979248.068 979244.981 979240.955 979236.837 979231.203 979210.679 979202.849 979208.958 979208.726 979210.168 979222.731 979228.355 979235.973 979240.159 979235.008 979233.662 979234.506 979241.066 979246.073 979248.484 979254.210 979263.451 979265.435 979269.265 979278.149 979282.695 979283.797 979285.153 979278.470 979278.467 979276.730 979231.570 979204.558 979198.192 979170.325 979163.731 979105.141 979059.230
979239.185 979241.240 979241.029 979239.880 979239.501 979239.903 979244.672 979246.891 979247.795 979247.966 979249.760 979254.100 979254.003 979253.309 979253.561 979253.379 979253.629 979252.346 979250.092 979245.504 979242.256 979239.387 979226.053 979221.129 979220.637 979202.470 979206.314 979210.880 979211.380 979216.691 979231.602 979238.184 979229.901 979225.988 979223.708 979219.677 979235.080 979234.430 979246.821 979257.153 979262.384 979267.572 979273.081 979276.773 979279.066 979277.688 979284.776 979282.452 979287.677 979275.815 979200.147 979170.208 979144.770 979078.600 979112.781 979076.340 978994.294
979228.505 979227.828 979233.513 979234.212 979233.209 979232.691 979234.206 979238.891 979240.936 979240.045 979241.088 979246.035 979247.718 979246.945 979245.758 979245.446 979245.646 979246.198 979245.258 979242.138 979238.938 979232.906 979224.985 979205.268 979205.799 979200.878 979203.367 979210.968 979214.765 979216.581 979226.126 979225.536 979219.968 979217.904 979209.947 979211.628 979236.802 979245.892 979251.256 979252.429 979253.847 979263.261 979267.712 979269.338 979270.144 979273.393 979284.221 979289.698 979289.120 979257.494 979190.215 979159.118 979118.060 979073.742 979052.537 979035.635 978896.741
979224.341 979222.215 979223.627 979225.749 979226.866 979226.230 979225.423 979230.223 979233.986 979232.615 979235.265 979236.946 979237.900 979238.598 979235.999 979230.366 979234.516 979236.800 979239.156 979238.823 979236.050 979231.546 979219.862 979200.504 979196.475 979195.311 979202.209 979211.183 979216.964 979218.422 979216.399 979207.852 979205.076 979208.765 979197.338 979208.889 979236.299 979243.578 979242.227 979246.680 979251.366 979255.327 979256.914 979252.532 979265.763 979274.601 979287.421 979291.607 979285.879 979234.103 979183.061 979149.241 979044.902 979015.004 979040.124 978968.559 978910.003
979221.539 979217.819 979213.531 979215.594 979213.934 979212.669 979218.350 979222.769 979225.168 979224.714 979222.589 979218.840 979215.062 979220.142 979211.319 979200.276 979201.880 979219.326 979229.254 979228.625 979228.238 979215.815 979185.845 979188.590 979197.906 979199.717 979202.551 979207.602 979213.459 979217.258 979207.622 979199.527 979194.924 979202.097 979209.681 979224.055 979231.818 979233.964 979237.002 979240.498 979243.203 979243.048 979240.463 979243.014 979246.906 979270.579 979290.545 979288.040 979272.323 979225.524 979203.768 979146.755 979023.960 978983.323 979013.090 978969.016 978899.135
979214.866 979212.895 979208.358 979205.530 979203.244 979199.454 979209.793 979211.841 979212.584 979217.969 979214.441 979203.648 979206.938 979205.712 979205.075 979202.851 979200.271 979197.609 979211.615 979216.980 979210.308 979182.645 979185.468 979189.465 979195.940 979199.461 979203.008 979205.790 979208.785 979208.640 979202.904 979197.319 979193.828 979199.816 979210.997 979218.560 979219.572 979222.177 979228.761 979229.708 979232.336 979226.889 979219.736 979229.170 979252.091 979288.692 979290.003 979284.750 979262.179 979217.282 979192.426 979128.804 979062.564 978984.616 978982.976 978944.576 978890.916
979213.278 979209.615 979204.573 979199.602 979195.524 979194.961 979199.697 979201.113 979200.861 979208.036 979205.042 979203.102 979205.078 979204.261 979200.462 979192.943 979187.361 979188.689 979187.206 979185.803 979177.221 979174.814 979181.147 979187.921 979190.520 979191.053 979191.098 979195.522 979197.986 979200.090 979194.908 979190.211 979190.387 979194.809 979194.455 979193.213 979199.041 979204.636 979209.120 979222.221 979221.360 979219.001 979217.440 979228.492 979274.817 979294.297 979288.715 979278.947 979246.540 979224.960 979191.209 979161.732 979116.266 978987.502 978982.553 978969.533 978909.279
979208.553 979205.195 979199.346 979193.200 979186.214 979183.227 979191.178 979187.191 979191.744 979194.427 979197.555 979191.154 979192.727 979195.199 979194.797 979189.558 979187.531 979184.285 979179.600 979162.943 979161.382 979167.684 979174.040 979178.821 979179.606 979178.466 979183.340 979187.816 979189.107 979191.695 979185.839 979180.967 979180.620 979181.704 979182.406 979179.782 979184.723 979188.088 979195.868 979211.498 979203.808 979208.371 979218.705 979268.882 979298.882 979295.316 979287.598 979269.111 979238.347 979220.683 979190.215 979151.928 979069.527 978982.886 979019.151 979015.764 978990.705
979198.996 979200.556 979192.426 979188.437 979179.483 979170.802 979178.306 979170.235 979180.065 979179.604 979184.844 979184.518 979176.618 979186.628 979181.753 979172.862 979170.457 979174.996 979171.372 979151.292 979143.103 979152.315 979160.034 979163.823 979168.254 979172.846 979176.529 979179.402 979183.670 979182.488 979176.899 979172.927 979170.952 979172.602 979171.884 979172.180 979173.388 979180.213 979197.865 979210.941 979201.064 979194.201 979230.921 979285.757 979303.700 979298.886 979290.613 979258.461 979221.562 979199.995 979146.334 979109.336 979063.830 979077.358 979047.675 979031.817 979019.885
979198.029 979197.624 979186.029 979179.447 979172.376 979164.300 979159.797 979160.395 979161.696 979161.425 979163.765 979173.062 979163.887 979171.260 979168.530 979163.944 979166.328 979162.754 979154.439 979133.279 979132.572 979143.682 979149.235 979153.794 979157.817 979162.382 979168.394 979173.043 979172.061 979171.895 979169.275 979166.095 979164.077 979162.770 979160.981 979163.891 979163.655 979183.994 979204.571 979208.103 979198.515 979197.465 979269.917 979303.672 979306.128 979302.161 979278.932 979227.805 979203.734 979175.244 979103.693 979091.267 979087.884 979071.827 979055.939 979042.066 979033.126
979191.512 979193.718 979190.777 979184.340 979175.353 979170.658 979156.844 979148.892 979146.366 979140.392 979148.286 979156.341 979151.764 979137.615 979163.586 979159.402 979149.627 979150.510 979138.859 979119.687 979129.332 979135.296 979137.659 979143.422 979151.044 979157.254 979164.140 979163.580 979162.586 979160.874 979158.844 979156.794 979153.495 979151.220 979152.354 979161.216 979174.016 979194.964 979203.435 979197.157 979192.407 979225.512 979297.541 979310.160 979308.397 979302.663 979274.113 979227.432 979164.948 979156.168 979098.811 979076.202 979030.855 979051.031 979060.495 979048.775 979022.268
979183.503 979187.855 979186.707 979183.394 979178.381 979169.793 979159.045 979156.537 979148.726 979135.719 979131.139 979146.709 979136.230 979127.371 979151.812 979148.975 979143.879 979140.107 979131.196 979120.683 979128.977 979133.601 979138.859 979142.581 979148.580 979152.398 979154.354 979154.068 979152.143 979150.289 979148.689 979146.279 979142.644 979139.670 979145.508 979164.632 979180.115 979189.562 979195.476 979179.910 979185.230 979256.507 979299.491 979311.754 979310.869 979299.951 979244.435 979182.572 979173.707 979116.182 979074.234 979041.588 979048.670 979067.838 979068.623 979053.476 979048.742
979178.860 979182.647 979180.130 979175.479 979173.909 979170.431 979166.178 979157.024 979142.176 979134.546 979126.047 979133.922 979133.518 979121.935 979138.221 979129.811 979134.138 979132.771 979123.577 979119.640 979125.159 979130.236 979132.333 979136.008 979140.007 979144.085 979143.324 979143.492 979142.882 979140.955 979138.733 979136.179 979130.948 979131.711 979149.161 979161.177 979171.663 979177.079 979168.110 979154.830 979197.285 979271.203 979300.730 979312.972 979312.662 979299.514 979207.641 979125.751 979128.595 979067.591 979023.851 979044.755 979065.326 979079.302 979074.705 979064.569 979067.124
979173.533 979177.812 979171.217 979161.916 979161.798 979157.870 979157.403 979158.217 979149.017 979126.329 979120.771 979118.425 979118.623 979118.450 979123.949 979130.307 979124.623 979114.331 979113.154 979117.729 979121.865 979125.918 979128.542 979129.575 979132.603 979133.746 979132.584 979132.794 979133.333 979130.681 979128.667 979126.747 979123.796 979126.157 979148.467 979156.071 979153.307 979155.389 979142.288 979139.610 979212.203 979288.926 979311.231 979314.560 979315.954 979272.018 979140.031 979113.440 979075.228 979041.088 979011.494 979038.166 979067.418 979085.116 979083.855 979078.868 979074.589
979165.799 979172.260 979165.400 979151.821 979143.164 979150.114 979139.835 979141.573 979147.314 979132.902 979108.957 979108.594 979101.085 979107.346 979118.417 979127.434 979122.651 979116.036 979109.293 979113.092 979116.555 979118.693 979118.925 979116.896 979120.859 979123.276 979121.833 979122.514 979123.059 979119.678 979112.932 979113.974 979115.281 979113.823 979136.126 979144.028 979134.926 979128.606 979111.962 979143.505 979225.624 979301.781 979311.308 979313.867 979308.244 979189.593 979076.548 979078.803 979050.975 979022.586 978993.527 979004.073 979056.607 979092.773 979089.884 979086.458 979086.783
979168.859 979167.580 979162.596 979149.036 979134.391 979137.181 979136.455 979122.889 979129.817 979138.751 979117.299 979102.242 979094.900 979084.615 979107.451 979117.658 979116.629 979113.819 979106.692 979106.256 979107.795 979106.788 979101.971 979105.745 979108.536 979112.036 979110.367 979111.845 979112.035 979110.373 979107.005 979101.414 979101.593 979092.550 979116.820 979121.672 979110.345 979105.365 979106.826 979193.609 979274.157 979297.533 979307.969 979308.999 979274.277 979100.514 979013.402 979026.951 979023.820 979027.599 979012.097 979017.799 979076.279 979098.345 979091.126 979094.634 979094.392
979167.897 979164.208 979160.943 979151.103 979132.680 979123.481 979116.548 979106.462 979127.714 979133.663 979127.576 979114.389 979097.165 979089.116 979102.908 979107.491 979104.007 979099.640 979097.552 979097.261 979096.365 979090.246 979090.017 979093.935 979096.751 979100.502 979099.856 979101.097 979100.389 979099.848 979093.791 979088.813 979082.854 979072.248 979088.949 979094.380 979083.983 979126.348 979215.392 979237.688 979272.760 979295.012 979302.551 979283.873 979215.617 979043.437 978945.632 978972.992 978997.438 979018.473 979034.241 979045.850 979097.394 979102.923 979097.974 979100.954 979096.546
979163.018 979158.786 979155.897 979149.126 979142.806 979128.324 979113.183 979108.260 979113.277 979126.050 979123.509 979117.395 979110.080 979096.984 979102.374 979100.684 979095.236 979091.443 979087.317 979084.969 979082.899 979079.996 979076.652 979080.159 979084.249 979088.424 979089.672 979090.389 979088.279 979082.452 979074.620 979072.840 979064.654 979056.807 979053.618 979079.350 979068.331 979122.329 979227.343 979237.096 979276.308 979294.630 979291.062 979252.728 979160.880 978980.923 978940.189 978965.539 978985.247 978977.530 979048.309 979071.303 979104.444 979106.638 979107.101 979105.347 979084.280
979157.919 979153.667 979150.498 979142.229 979137.885 979131.636 979123.263 979113.341 979101.579 979114.927 979116.878 979111.201 979105.416 979101.346 979097.584 979091.817 979086.303 979081.177 979074.823 979069.694 979069.274 979064.382 979062.886 979067.342 979071.492 979075.502 979079.415 979079.571 979079.315 979076.877 979074.517 979069.097 979057.875 979044.773 979043.108 979062.120 979095.626 979136.184 979216.483 979248.931 979276.715 979288.437 979275.858 979228.910 979110.827 979010.493 978950.369 978982.921 978994.667 978997.215 979054.931 979099.390 979108.680 979110.828 979110.744 979105.724 979097.434
