Data/data_grav_rasters/EGM96_geoid.asc
ncols         159
nrows         172
xllcorner     32.4820794100
yllcorner     29.1707288100
cellsize      0.0259688
nodata_value  999
[rows 96 to 127 of 172, columns 71 to 141 of 159]
18.139 18.194 18.248 18.298 18.345 18.389 18.429 18.463 18.493 18.518 18.538 18.552 18.561 18.564 18.562 18.555 18.543 18.527 18.507 18.483 18.457 18.428 18.398 18.367 18.336 18.305 18.276 18.250 18.226 18.206 18.190 18.180 18.175 18.177 18.185 18.200 18.224 18.254 18.293 18.340 18.394 18.457 18.526 18.603 18.687 18.776 18.872 18.971 19.075 19.183 19.292 19.404 19.515 19.627 19.737 19.846 19.951 20.053 20.149 20.241 20.326 20.405 20.477 20.540 20.596 20.643 20.681 20.711 20.731 20.742 20.744
18.149 18.203 18.255 18.304 18.350 18.391 18.429 18.462 18.489 18.512 18.528 18.540 18.545 18.546 18.540 18.530 18.515 18.496 18.473 18.446 18.417 18.386 18.353 18.319 18.286 18.254 18.223 18.195 18.171 18.150 18.134 18.124 18.120 18.122 18.132 18.149 18.174 18.207 18.248 18.298 18.355 18.421 18.494 18.574 18.661 18.754 18.853 18.957 19.065 19.176 19.289 19.403 19.519 19.633 19.747 19.858 19.965 20.069 20.168 20.261 20.348 20.428 20.501 20.565 20.621 20.668 20.706 20.735 20.755 20.765 20.766
18.160 18.213 18.264 18.311 18.356 18.396 18.431 18.462 18.487 18.507 18.521 18.529 18.532 18.530 18.521 18.508 18.490 18.468 18.442 18.412 18.380 18.346 18.311 18.276 18.240 18.206 18.174 18.145 18.120 18.099 18.083 18.073 18.069 18.072 18.083 18.102 18.129 18.164 18.208 18.260 18.320 18.389 18.465 18.549 18.639 18.736 18.839 18.946 19.057 19.171 19.288 19.406 19.524 19.642 19.758 19.871 19.981 20.087 20.188 20.282 20.370 20.451 20.524 20.589 20.645 20.692 20.730 20.759 20.778 20.787 20.787
18.172 18.225 18.274 18.321 18.363 18.402 18.435 18.464 18.487 18.504 18.516 18.522 18.522 18.516 18.505 18.489 18.468 18.443 18.414 18.381 18.347 18.310 18.273 18.235 18.198 18.163 18.129 18.099 18.073 18.052 18.036 18.026 18.023 18.027 18.039 18.059 18.088 18.125 18.172 18.226 18.290 18.361 18.441 18.528 18.621 18.722 18.827 18.938 19.053 19.170 19.290 19.411 19.532 19.652 19.770 19.886 19.998 20.105 20.208 20.304 20.393 20.474 20.548 20.613 20.669 20.716 20.753 20.781 20.799 20.807 20.806
18.186 18.238 18.286 18.332 18.373 18.409 18.441 18.467 18.488 18.503 18.513 18.516 18.513 18.505 18.491 18.472 18.448 18.420 18.389 18.354 18.317 18.278 18.238 18.199 18.160 18.123 18.088 18.057 18.031 18.009 17.993 17.983 17.981 17.986 17.999 18.021 18.052 18.091 18.140 18.197 18.263 18.337 18.420 18.510 18.607 18.710 18.819 18.933 19.051 19.171 19.294 19.417 19.541 19.664 19.784 19.902 20.016 20.125 20.228 20.325 20.415 20.497 20.571 20.636 20.692 20.738 20.775 20.801 20.818 20.825 20.823
18.202 18.253 18.300 18.344 18.384 18.419 18.449 18.473 18.492 18.505 18.511 18.512 18.507 18.496 18.480 18.458 18.432 18.401 18.367 18.329 18.290 18.249 18.207 18.166 18.126 18.087 18.052 18.020 17.992 17.970 17.954 17.945 17.943 17.950 17.964 17.987 18.020 18.061 18.112 18.172 18.240 18.317 18.403 18.496 18.596 18.702 18.814 18.931 19.051 19.174 19.300 19.426 19.552 19.676 19.799 19.918 20.033 20.144 20.248 20.346 20.436 20.518 20.592 20.657 20.713 20.758 20.794 20.820 20.836 20.841 20.837
18.219 18.269 18.315 18.358 18.396 18.430 18.458 18.480 18.497 18.508 18.512 18.511 18.503 18.490 18.471 18.447 18.418 18.385 18.348 18.308 18.267 18.224 18.180 18.137 18.095 18.055 18.019 17.986 17.958 17.936 17.920 17.911 17.910 17.917 17.933 17.958 17.992 18.035 18.088 18.150 18.221 18.301 18.389 18.485 18.588 18.697 18.811 18.931 19.054 19.180 19.307 19.435 19.563 19.690 19.814 19.935 20.051 20.162 20.267 20.366 20.456 20.539 20.612 20.677 20.732 20.776 20.811 20.836 20.850 20.854 20.849
18.237 18.286 18.331 18.373 18.410 18.442 18.468 18.489 18.504 18.513 18.515 18.512 18.502 18.486 18.465 18.438 18.407 18.371 18.332 18.290 18.247 18.202 18.156 18.112 18.068 18.027 17.990 17.956 17.928 17.906 17.890 17.882 17.881 17.889 17.906 17.933 17.968 18.014 18.068 18.133 18.206 18.288 18.379 18.477 18.582 18.694 18.811 18.933 19.058 19.186 19.316 19.446 19.576 19.704 19.829 19.951 20.069 20.180 20.286 20.384 20.475 20.557 20.631 20.694 20.748 20.792 20.826 20.849 20.862 20.865 20.857
18.256 18.304 18.349 18.389 18.425 18.455 18.480 18.500 18.513 18.520 18.520 18.514 18.502 18.484 18.461 18.432 18.398 18.361 18.319 18.276 18.230 18.183 18.136 18.090 18.045 18.003 17.965 17.931 17.902 17.880 17.864 17.856 17.857 17.866 17.884 17.911 17.949 17.996 18.052 18.119 18.194 18.279 18.371 18.472 18.580 18.693 18.813 18.937 19.064 19.194 19.326 19.457 19.588 19.718 19.844 19.967 20.085 20.198 20.303 20.402 20.492 20.574 20.647 20.710 20.762 20.805 20.837 20.859 20.871 20.872 20.862
18.276 18.323 18.366 18.406 18.441 18.470 18.494 18.511 18.523 18.528 18.526 18.519 18.505 18.485 18.459 18.428 18.392 18.353 18.310 18.264 18.216 18.168 18.119 18.072 18.026 17.983 17.944 17.910 17.881 17.858 17.843 17.835 17.836 17.846 17.865 17.894 17.933 17.982 18.040 18.108 18.186 18.272 18.367 18.470 18.579 18.695 18.817 18.942 19.072 19.203 19.336 19.469 19.602 19.732 19.859 19.983 20.101 20.214 20.319 20.418 20.507 20.589 20.660 20.722 20.774 20.815 20.846 20.866 20.876 20.875 20.864
18.295 18.342 18.385 18.423 18.457 18.485 18.507 18.524 18.534 18.537 18.534 18.524 18.509 18.487 18.459 18.426 18.389 18.347 18.302 18.255 18.206 18.156 18.106 18.057 18.011 17.967 17.927 17.892 17.863 17.841 17.825 17.818 17.820 17.831 17.851 17.881 17.921 17.971 18.031 18.101 18.180 18.269 18.365 18.470 18.581 18.699 18.822 18.950 19.080 19.213 19.347 19.481 19.615 19.746 19.874 19.997 20.116 20.228 20.334 20.431 20.521 20.601 20.671 20.732 20.783 20.822 20.852 20.870 20.878 20.875 20.862
18.315 18.361 18.403 18.441 18.474 18.501 18.522 18.537 18.545 18.547 18.543 18.532 18.514 18.491 18.461 18.427 18.388 18.344 18.298 18.249 18.198 18.147 18.096 18.046 17.999 17.954 17.914 17.879 17.849 17.827 17.812 17.805 17.808 17.819 17.840 17.872 17.913 17.964 18.026 18.097 18.178 18.268 18.366 18.472 18.586 18.705 18.829 18.958 19.090 19.224 19.359 19.494 19.628 19.759 19.887 20.011 20.129 20.241 20.346 20.443 20.531 20.610 20.680 20.739 20.788 20.826 20.854 20.870 20.876 20.872 20.857
18.334 18.380 18.421 18.458 18.490 18.516 18.537 18.550 18.558 18.559 18.553 18.540 18.521 18.496 18.465 18.429 18.388 18.344 18.296 18.246 18.194 18.141 18.089 18.039 17.990 17.945 17.904 17.869 17.840 17.817 17.803 17.796 17.799 17.812 17.834 17.866 17.908 17.961 18.024 18.097 18.179 18.270 18.370 18.477 18.592 18.712 18.838 18.968 19.100 19.235 19.371 19.506 19.640 19.772 19.900 20.023 20.141 20.252 20.356 20.452 20.539 20.617 20.685 20.743 20.790 20.827 20.852 20.867 20.871 20.864 20.847
18.353 18.398 18.439 18.475 18.506 18.532 18.551 18.564 18.570 18.570 18.563 18.549 18.529 18.502 18.470 18.433 18.391 18.345 18.296 18.245 18.192 18.138 18.085 18.034 17.985 17.939 17.898 17.863 17.833 17.811 17.797 17.791 17.795 17.808 17.831 17.864 17.908 17.961 18.025 18.099 18.183 18.275 18.376 18.485 18.600 18.721 18.848 18.978 19.112 19.247 19.383 19.518 19.652 19.783 19.911 20.034 20.151 20.261 20.364 20.459 20.545 20.622 20.688 20.744 20.789 20.824 20.848 20.860 20.862 20.853 20.834
18.370 18.415 18.455 18.491 18.522 18.546 18.565 18.577 18.583 18.581 18.573 18.558 18.537 18.510 18.476 18.438 18.395 18.348 18.298 18.246 18.192 18.138 18.084 18.032 17.983 17.937 17.896 17.860 17.831 17.809 17.795 17.790 17.794 17.808 17.832 17.866 17.910 17.965 18.030 18.105 18.189 18.283 18.385 18.494 18.610 18.732 18.859 18.990 19.124 19.259 19.395 19.530 19.664 19.794 19.921 20.043 20.159 20.269 20.371 20.464 20.548 20.623 20.688 20.742 20.785 20.818 20.839 20.850 20.850 20.839 20.818
18.385 18.430 18.470 18.506 18.536 18.560 18.578 18.590 18.594 18.592 18.583 18.568 18.546 18.517 18.483 18.444 18.400 18.353 18.302 18.249 18.194 18.140 18.086 18.033 17.984 17.938 17.896 17.861 17.832 17.810 17.797 17.792 17.797 17.811 17.836 17.871 17.916 17.972 18.038 18.113 18.199 18.293 18.395 18.505 18.622 18.744 18.871 19.002 19.136 19.271 19.407 19.541 19.674 19.804 19.930 20.051 20.166 20.274 20.374 20.466 20.549 20.622 20.684 20.736 20.778 20.808 20.828 20.836 20.834 20.821 20.798
18.399 18.443 18.483 18.518 18.548 18.572 18.590 18.601 18.605 18.602 18.593 18.577 18.554 18.525 18.491 18.451 18.406 18.358 18.307 18.253 18.199 18.144 18.089 18.037 17.987 17.941 17.900 17.865 17.836 17.815 17.802 17.798 17.803 17.818 17.843 17.879 17.925 17.982 18.048 18.125 18.210 18.305 18.408 18.518 18.635 18.758 18.885 19.016 19.149 19.284 19.419 19.553 19.685 19.813 19.938 20.058 20.171 20.278 20.376 20.466 20.547 20.617 20.678 20.728 20.767 20.795 20.812 20.819 20.814 20.799 20.774
18.410 18.454 18.494 18.529 18.558 18.582 18.599 18.610 18.614 18.611 18.602 18.585 18.562 18.533 18.498 18.458 18.413 18.365 18.313 18.259 18.204 18.149 18.095 18.043 17.993 17.947 17.907 17.872 17.843 17.823 17.810 17.807 17.813 17.828 17.854 17.891 17.937 17.994 18.062 18.139 18.225 18.320 18.423 18.533 18.650 18.773 18.899 19.030 19.162 19.296 19.430 19.563 19.694 19.822 19.945 20.063 20.174 20.279 20.375 20.463 20.542 20.610 20.669 20.716 20.753 20.779 20.794 20.798 20.791 20.774 20.747
18.418 18.462 18.502 18.537 18.566 18.590 18.607 18.618 18.622 18.619 18.609 18.592 18.569 18.540 18.505 18.465 18.420 18.371 18.320 18.266 18.211 18.157 18.102 18.050 18.001 17.956 17.916 17.881 17.853 17.833 17.822 17.819 17.825 17.842 17.868 17.905 17.953 18.010 18.078 18.155 18.242 18.337 18.440 18.550 18.667 18.789 18.915 19.044 19.176 19.309 19.442 19.573 19.703 19.829 19.950 20.066 20.176 20.278 20.373 20.458 20.534 20.601 20.657 20.702 20.737 20.760 20.773 20.774 20.765 20.746 20.716
18.422 18.466 18.506 18.541 18.571 18.594 18.612 18.623 18.627 18.624 18.614 18.598 18.575 18.546 18.511 18.471 18.426 18.378 18.327 18.274 18.219 18.165 18.111 18.060 18.011 17.966 17.927 17.893 17.866 17.847 17.836 17.834 17.841 17.858 17.885 17.923 17.971 18.029 18.096 18.174 18.261 18.356 18.458 18.568 18.684 18.806 18.931 19.060 19.190 19.322 19.453 19.583 19.711 19.835 19.954 20.068 20.176 20.276 20.368 20.451 20.525 20.589 20.642 20.685 20.717 20.738 20.748 20.747 20.736 20.715 20.683
18.423 18.467 18.507 18.542 18.572 18.596 18.614 18.625 18.629 18.626 18.617 18.601 18.578 18.550 18.515 18.476 18.432 18.384 18.334 18.281 18.228 18.174 18.121 18.070 18.023 17.979 17.940 17.907 17.881 17.863 17.852 17.851 17.859 17.877 17.905 17.943 17.991 18.050 18.118 18.195 18.282 18.377 18.479 18.588 18.704 18.824 18.948 19.076 19.205 19.335 19.464 19.593 19.718 19.840 19.957 20.069 20.174 20.272 20.361 20.442 20.513 20.574 20.625 20.665 20.694 20.713 20.721 20.718 20.704 20.680 20.647
18.419 18.463 18.504 18.539 18.569 18.594 18.612 18.623 18.628 18.626 18.617 18.602 18.580 18.552 18.518 18.480 18.436 18.390 18.340 18.288 18.236 18.183 18.131 18.082 18.035 17.992 17.955 17.923 17.898 17.881 17.871 17.871 17.880 17.899 17.927 17.966 18.014 18.073 18.141 18.219 18.305 18.399 18.501 18.610 18.724 18.843 18.966 19.092 19.220 19.348 19.475 19.601 19.725 19.844 19.959 20.068 20.171 20.266 20.352 20.430 20.498 20.557 20.605 20.643 20.669 20.685 20.691 20.685 20.669 20.644 20.608
18.411 18.455 18.496 18.532 18.562 18.587 18.606 18.618 18.623 18.622 18.614 18.599 18.578 18.551 18.519 18.481 18.439 18.394 18.345 18.295 18.244 18.192 18.142 18.094 18.048 18.007 17.971 17.940 17.917 17.900 17.892 17.893 17.903 17.922 17.951 17.991 18.040 18.098 18.167 18.244 18.330 18.424 18.525 18.633 18.746 18.864 18.985 19.109 19.235 19.361 19.486 19.610 19.731 19.848 19.960 20.066 20.166 20.258 20.342 20.417 20.482 20.538 20.583 20.618 20.642 20.655 20.658 20.650 20.632 20.604 20.567
18.398 18.442 18.483 18.519 18.550 18.576 18.595 18.608 18.614 18.614 18.607 18.594 18.574 18.548 18.517 18.481 18.440 18.396 18.349 18.300 18.251 18.201 18.152 18.106 18.062 18.022 17.988 17.959 17.936 17.922 17.915 17.917 17.928 17.948 17.978 18.018 18.067 18.126 18.194 18.271 18.357 18.450 18.550 18.657 18.769 18.885 19.005 19.127 19.250 19.374 19.497 19.618 19.736 19.851 19.960 20.063 20.160 20.249 20.330 20.402 20.464 20.517 20.559 20.591 20.612 20.623 20.623 20.613 20.593 20.563 20.523
18.379 18.424 18.465 18.502 18.533 18.559 18.579 18.593 18.601 18.602 18.596 18.584 18.565 18.541 18.512 18.477 18.438 18.396 18.351 18.304 18.257 18.209 18.162 18.117 18.076 18.038 18.005 17.978 17.957 17.944 17.939 17.942 17.954 17.975 18.006 18.046 18.096 18.155 18.223 18.300 18.385 18.477 18.577 18.682 18.792 18.907 19.025 19.145 19.266 19.387 19.508 19.626 19.741 19.853 19.959 20.059 20.152 20.238 20.316 20.385 20.444 20.494 20.533 20.562 20.581 20.589 20.587 20.574 20.551 20.519 20.478
18.355 18.400 18.442 18.479 18.511 18.538 18.559 18.574 18.582 18.584 18.580 18.569 18.553 18.530 18.503 18.470 18.433 18.393 18.351 18.306 18.261 18.215 18.171 18.128 18.089 18.053 18.022 17.997 17.979 17.967 17.963 17.968 17.981 18.004 18.035 18.076 18.127 18.186 18.254 18.330 18.415 18.506 18.604 18.708 18.817 18.930 19.045 19.163 19.282 19.401 19.518 19.634 19.746 19.854 19.957 20.054 20.144 20.227 20.301 20.367 20.423 20.469 20.506 20.532 20.547 20.553 20.548 20.533 20.508 20.474 20.431
18.325 18.371 18.412 18.450 18.483 18.510 18.532 18.548 18.558 18.562 18.559 18.550 18.535 18.515 18.490 18.459 18.425 18.387 18.347 18.305 18.262 18.220 18.178 18.138 18.101 18.068 18.039 18.017 18.000 17.991 17.989 17.995 18.010 18.033 18.066 18.108 18.158 18.218 18.286 18.362 18.445 18.536 18.633 18.735 18.842 18.953 19.067 19.182 19.298 19.414 19.529 19.641 19.750 19.855 19.954 20.048 20.135 20.214 20.285 20.347 20.400 20.443 20.476 20.499 20.512 20.515 20.507 20.490 20.463 20.427 20.382
18.289 18.335 18.377 18.415 18.448 18.476 18.499 18.517 18.528 18.533 18.532 18.526 18.513 18.495 18.472 18.444 18.413 18.378 18.340 18.301 18.261 18.222 18.183 18.146 18.112 18.081 18.056 18.035 18.021 18.014 18.014 18.022 18.039 18.063 18.097 18.140 18.191 18.251 18.319 18.394 18.477 18.567 18.662 18.763 18.869 18.977 19.088 19.201 19.315 19.428 19.539 19.648 19.754 19.855 19.951 20.041 20.125 20.200 20.268 20.326 20.376 20.416 20.446 20.466 20.476 20.476 20.466 20.446 20.417 20.379 20.332
18.247 18.293 18.335 18.373 18.407 18.436 18.461 18.479 18.492 18.499 18.500 18.495 18.485 18.470 18.449 18.424 18.396 18.364 18.330 18.294 18.257 18.221 18.185 18.151 18.120 18.093 18.070 18.053 18.041 18.037 18.039 18.049 18.067 18.094 18.129 18.172 18.224 18.284 18.352 18.427 18.510 18.598 18.693 18.792 18.895 19.002 19.110 19.221 19.331 19.441 19.549 19.655 19.757 19.855 19.948 20.034 20.114 20.186 20.249 20.305 20.351 20.387 20.414 20.431 20.438 20.435 20.423 20.400 20.369 20.329 20.281
18.199 18.244 18.286 18.325 18.360 18.390 18.415 18.435 18.449 18.458 18.461 18.459 18.451 18.439 18.421 18.400 18.374 18.346 18.315 18.283 18.249 18.216 18.184 18.154 18.127 18.103 18.083 18.069 18.061 18.059 18.064 18.076 18.096 18.124 18.161 18.205 18.258 18.318 18.386 18.461 18.543 18.630 18.723 18.821 18.922 19.027 19.133 19.240 19.348 19.454 19.559 19.662 19.760 19.855 19.943 20.026 20.102 20.170 20.230 20.282 20.324 20.358 20.381 20.395 20.399 20.394 20.378 20.354 20.321 20.279 20.229
18.144 18.189 18.231 18.270 18.305 18.336 18.362 18.384 18.400 18.411 18.416 18.416 18.411 18.402 18.387 18.369 18.347 18.322 18.295 18.267 18.238 18.208 18.180 18.154 18.130 18.110 18.094 18.083 18.078 18.079 18.087 18.102 18.124 18.154 18.192 18.238 18.291 18.352 18.420 18.495 18.576 18.663 18.754 18.850 18.950 19.052 19.155 19.260 19.364 19.468 19.570 19.668 19.763 19.854 19.939 20.018 20.090 20.154 20.211 20.259 20.298 20.327 20.348 20.358 20.360 20.351 20.334 20.307 20.271 20.227 20.176
18.083 18.127 18.169 18.208 18.244 18.276 18.303 18.326 18.344 18.356 18.364 18.367 18.365 18.358 18.347 18.332 18.314 18.293 18.270 18.246 18.221 18.196 18.172 18.150 18.131 18.115 18.103 18.095 18.094 18.098 18.109 18.126 18.151 18.183 18.223 18.270 18.324 18.386 18.454 18.528 18.609 18.695 18.785 18.879 18.977 19.077 19.178 19.280 19.381 19.481 19.580 19.675 19.766 19.853 19.934 20.009 20.077 20.138 20.190 20.235 20.270 20.296 20.313 20.321 20.319 20.308 20.288 20.259 20.221 20.176 20.122
