Data/data_grav_rasters/EGM96_geoid.asc
ncols         159
nrows         172
xllcorner     32.4820794100
yllcorner     29.1707288100
cellsize      0.0259688
nodata_value  999
[rows 64 to 95 of 172, columns 71 to 141 of 159]
17.503 17.587 17.679 17.778 17.884 17.996 18.115 18.239 18.368 18.502 18.639 18.779 18.922 19.066 19.211 19.355 19.499 19.641 19.781 19.918 20.052 20.182 20.307 20.427 20.542 20.651 20.753 20.849 20.938 21.020 21.095 21.162 21.223 21.276 21.323 21.362 21.395 21.422 21.444 21.459 21.470 21.477 21.479 21.478 21.474 21.468 21.459 21.449 21.438 21.426 21.414 21.403 21.391 21.380 21.371 21.362 21.354 21.348 21.343 21.340 21.338 21.337 21.337 21.337 21.339 21.341 21.343 21.345 21.346 21.347 21.347
17.560 17.643 17.734 17.832 17.936 18.046 18.163 18.284 18.410 18.541 18.674 18.811 18.949 19.089 19.228 19.368 19.506 19.643 19.778 19.910 20.038 20.162 20.282 20.397 20.506 20.610 20.707 20.798 20.882 20.959 21.030 21.094 21.150 21.200 21.244 21.281 21.312 21.337 21.357 21.372 21.382 21.389 21.391 21.391 21.387 21.382 21.375 21.366 21.357 21.347 21.337 21.327 21.318 21.309 21.302 21.295 21.289 21.285 21.281 21.279 21.278 21.278 21.278 21.279 21.281 21.282 21.284 21.285 21.285 21.285 21.283
17.616 17.698 17.788 17.884 17.986 18.095 18.208 18.327 18.450 18.577 18.707 18.840 18.973 19.108 19.243 19.377 19.510 19.642 19.771 19.897 20.020 20.138 20.252 20.362 20.465 20.563 20.655 20.741 20.820 20.893 20.960 21.019 21.072 21.119 21.160 21.194 21.223 21.247 21.265 21.279 21.289 21.295 21.298 21.298 21.295 21.291 21.285 21.278 21.271 21.263 21.255 21.248 21.241 21.234 21.229 21.224 21.221 21.218 21.217 21.216 21.216 21.217 21.218 21.220 21.221 21.223 21.224 21.224 21.224 21.222 21.219
17.669 17.751 17.839 17.934 18.034 18.141 18.252 18.368 18.488 18.611 18.737 18.865 18.994 19.124 19.254 19.383 19.511 19.637 19.760 19.881 19.997 20.110 20.218 20.322 20.420 20.512 20.599 20.679 20.754 20.822 20.884 20.940 20.989 21.032 21.070 21.102 21.129 21.150 21.168 21.181 21.190 21.196 21.199 21.200 21.198 21.195 21.191 21.186 21.181 21.175 21.169 21.164 21.160 21.156 21.153 21.151 21.149 21.149 21.149 21.150 21.152 21.154 21.156 21.159 21.161 21.162 21.163 21.163 21.162 21.160 21.155
17.720 17.801 17.888 17.981 18.080 18.184 18.292 18.405 18.522 18.642 18.764 18.887 19.012 19.137 19.262 19.385 19.508 19.628 19.745 19.860 19.971 20.078 20.180 20.277 20.370 20.457 20.538 20.613 20.682 20.746 20.803 20.855 20.900 20.941 20.975 21.005 21.029 21.049 21.065 21.077 21.086 21.092 21.096 21.097 21.097 21.095 21.093 21.090 21.086 21.083 21.080 21.078 21.076 21.074 21.074 21.074 21.075 21.077 21.080 21.083 21.086 21.090 21.094 21.097 21.100 21.102 21.103 21.103 21.101 21.098 21.093
17.768 17.848 17.934 18.026 18.122 18.224 18.330 18.440 18.553 18.669 18.787 18.906 19.026 19.146 19.266 19.384 19.501 19.615 19.727 19.835 19.940 20.041 20.137 20.229 20.315 20.396 20.472 20.542 20.606 20.665 20.718 20.765 20.807 20.844 20.876 20.903 20.925 20.943 20.958 20.970 20.978 20.984 20.988 20.990 20.991 20.991 20.991 20.990 20.989 20.988 20.988 20.988 20.989 20.990 20.993 20.996 21.000 21.004 21.009 21.014 21.020 21.025 21.030 21.035 21.039 21.042 21.043 21.043 21.041 21.038 21.032
17.814 17.892 17.977 18.067 18.162 18.261 18.365 18.471 18.581 18.694 18.807 18.922 19.037 19.152 19.266 19.379 19.490 19.598 19.704 19.807 19.905 20.000 20.090 20.176 20.257 20.332 20.402 20.467 20.526 20.580 20.628 20.672 20.710 20.743 20.772 20.796 20.817 20.834 20.847 20.858 20.866 20.873 20.877 20.880 20.883 20.884 20.886 20.887 20.888 20.890 20.893 20.896 20.900 20.905 20.910 20.916 20.923 20.930 20.938 20.945 20.953 20.960 20.967 20.973 20.978 20.982 20.984 20.985 20.983 20.979 20.972
17.856 17.934 18.017 18.105 18.198 18.295 18.396 18.500 18.606 18.714 18.824 18.934 19.044 19.154 19.263 19.370 19.475 19.578 19.678 19.774 19.867 19.956 20.040 20.119 20.194 20.264 20.328 20.388 20.442 20.491 20.535 20.574 20.608 20.639 20.664 20.686 20.705 20.720 20.733 20.743 20.751 20.758 20.763 20.767 20.771 20.775 20.778 20.782 20.786 20.791 20.796 20.803 20.810 20.818 20.826 20.836 20.845 20.856 20.866 20.876 20.886 20.896 20.905 20.912 20.919 20.924 20.927 20.928 20.926 20.922 20.916
17.894 17.971 18.053 18.140 18.231 18.325 18.423 18.524 18.627 18.731 18.837 18.942 19.048 19.152 19.256 19.358 19.457 19.554 19.648 19.738 19.825 19.907 19.985 20.059 20.128 20.191 20.250 20.305 20.354 20.398 20.438 20.473 20.504 20.531 20.554 20.573 20.590 20.604 20.616 20.625 20.634 20.640 20.647 20.652 20.658 20.663 20.669 20.675 20.682 20.690 20.699 20.708 20.719 20.730 20.742 20.755 20.768 20.781 20.794 20.808 20.820 20.832 20.843 20.853 20.861 20.867 20.871 20.873 20.872 20.869 20.862
17.930 18.006 18.086 18.171 18.260 18.352 18.448 18.545 18.644 18.745 18.846 18.947 19.048 19.147 19.245 19.342 19.435 19.526 19.614 19.699 19.779 19.855 19.927 19.995 20.058 20.116 20.170 20.218 20.262 20.302 20.338 20.369 20.396 20.420 20.440 20.458 20.473 20.485 20.496 20.506 20.514 20.521 20.529 20.536 20.543 20.550 20.559 20.568 20.578 20.589 20.601 20.614 20.628 20.643 20.658 20.674 20.691 20.707 20.724 20.740 20.756 20.770 20.784 20.795 20.805 20.813 20.818 20.821 20.821 20.818 20.811
17.961 18.036 18.116 18.199 18.286 18.376 18.468 18.563 18.658 18.755 18.852 18.948 19.044 19.139 19.232 19.322 19.410 19.495 19.577 19.656 19.730 19.800 19.866 19.928 19.985 20.038 20.086 20.129 20.168 20.204 20.235 20.262 20.286 20.307 20.325 20.340 20.353 20.365 20.375 20.384 20.393 20.401 20.409 20.418 20.427 20.437 20.448 20.460 20.473 20.487 20.503 20.520 20.537 20.556 20.575 20.595 20.615 20.635 20.655 20.674 20.693 20.710 20.726 20.740 20.752 20.761 20.768 20.772 20.773 20.770 20.764
17.989 18.063 18.142 18.223 18.308 18.396 18.485 18.577 18.669 18.762 18.854 18.946 19.037 19.127 19.214 19.300 19.382 19.461 19.537 19.610 19.678 19.742 19.802 19.858 19.909 19.956 19.999 20.038 20.072 20.103 20.130 20.153 20.174 20.192 20.207 20.221 20.233 20.243 20.253 20.262 20.271 20.280 20.290 20.300 20.312 20.324 20.338 20.353 20.369 20.387 20.406 20.426 20.448 20.470 20.494 20.517 20.541 20.565 20.588 20.611 20.632 20.653 20.671 20.688 20.702 20.713 20.721 20.727 20.728 20.726 20.720
18.014 18.087 18.164 18.244 18.327 18.412 18.499 18.587 18.676 18.765 18.853 18.941 19.027 19.112 19.194 19.274 19.351 19.424 19.494 19.561 19.623 19.682 19.736 19.786 19.831 19.873 19.910 19.944 19.974 20.000 20.023 20.043 20.061 20.076 20.089 20.101 20.111 20.121 20.131 20.140 20.150 20.160 20.171 20.183 20.197 20.212 20.228 20.246 20.266 20.288 20.311 20.335 20.361 20.387 20.414 20.442 20.470 20.497 20.524 20.550 20.575 20.598 20.619 20.638 20.655 20.668 20.678 20.685 20.688 20.687 20.681
18.035 18.108 18.183 18.262 18.343 18.426 18.510 18.595 18.680 18.765 18.849 18.933 19.014 19.094 19.171 19.245 19.317 19.385 19.449 19.510 19.566 19.619 19.667 19.711 19.752 19.788 19.820 19.849 19.874 19.896 19.916 19.932 19.947 19.959 19.970 19.981 19.990 19.999 20.008 20.018 20.028 20.040 20.053 20.067 20.083 20.101 20.120 20.142 20.165 20.191 20.218 20.246 20.276 20.306 20.338 20.369 20.401 20.432 20.463 20.493 20.521 20.547 20.571 20.593 20.612 20.627 20.639 20.647 20.651 20.651 20.647
18.053 18.125 18.199 18.276 18.355 18.436 18.517 18.599 18.681 18.762 18.843 18.921 18.998 19.073 19.145 19.214 19.280 19.343 19.401 19.456 19.507 19.554 19.596 19.635 19.670 19.701 19.729 19.753 19.774 19.792 19.807 19.821 19.832 19.843 19.852 19.861 19.869 19.878 19.887 19.897 19.908 19.921 19.936 19.952 19.971 19.992 20.015 20.040 20.067 20.096 20.127 20.160 20.194 20.228 20.264 20.300 20.336 20.371 20.406 20.439 20.471 20.500 20.527 20.552 20.573 20.590 20.604 20.614 20.620 20.621 20.617
18.068 18.139 18.212 18.287 18.365 18.443 18.522 18.600 18.679 18.757 18.833 18.908 18.980 19.050 19.117 19.181 19.241 19.298 19.351 19.401 19.446 19.487 19.524 19.558 19.587 19.613 19.636 19.656 19.672 19.687 19.699 19.709 19.718 19.726 19.734 19.741 19.749 19.757 19.767 19.778 19.790 19.805 19.821 19.840 19.862 19.886 19.912 19.941 19.972 20.005 20.040 20.077 20.115 20.154 20.194 20.234 20.274 20.314 20.352 20.389 20.425 20.457 20.488 20.515 20.538 20.558 20.574 20.586 20.592 20.594 20.592
18.080 18.150 18.222 18.296 18.371 18.447 18.523 18.599 18.674 18.749 18.821 18.891 18.959 19.025 19.087 19.146 19.201 19.252 19.300 19.344 19.383 19.419 19.451 19.479 19.504 19.525 19.543 19.558 19.571 19.582 19.591 19.598 19.605 19.611 19.617 19.623 19.631 19.639 19.649 19.661 19.675 19.691 19.710 19.731 19.755 19.782 19.812 19.845 19.880 19.917 19.957 19.998 20.041 20.084 20.129 20.173 20.217 20.261 20.303 20.344 20.383 20.419 20.452 20.482 20.509 20.531 20.549 20.562 20.570 20.573 20.571
18.090 18.159 18.230 18.302 18.375 18.449 18.523 18.596 18.668 18.738 18.807 18.873 18.937 18.997 19.055 19.108 19.159 19.205 19.247 19.286 19.320 19.350 19.377 19.400 19.420 19.436 19.450 19.461 19.470 19.477 19.483 19.488 19.493 19.497 19.502 19.507 19.514 19.523 19.533 19.546 19.562 19.580 19.601 19.625 19.653 19.683 19.717 19.753 19.792 19.834 19.878 19.923 19.970 20.019 20.067 20.116 20.165 20.213 20.259 20.304 20.346 20.386 20.422 20.455 20.483 20.508 20.528 20.543 20.552 20.557 20.556
18.097 18.165 18.235 18.306 18.377 18.449 18.520 18.590 18.659 18.726 18.791 18.853 18.912 18.968 19.021 19.070 19.115 19.156 19.193 19.226 19.256 19.281 19.303 19.321 19.336 19.348 19.357 19.365 19.370 19.374 19.377 19.379 19.382 19.385 19.389 19.394 19.400 19.409 19.421 19.435 19.452 19.472 19.496 19.523 19.554 19.588 19.625 19.665 19.709 19.755 19.803 19.853 19.905 19.958 20.011 20.064 20.117 20.169 20.220 20.268 20.314 20.357 20.396 20.432 20.463 20.490 20.512 20.528 20.540 20.545 20.545
18.103 18.170 18.238 18.308 18.377 18.447 18.515 18.583 18.648 18.712 18.773 18.831 18.886 18.938 18.986 19.030 19.071 19.107 19.139 19.167 19.191 19.212 19.228 19.242 19.252 19.260 19.266 19.269 19.271 19.272 19.272 19.273 19.273 19.275 19.278 19.283 19.289 19.299 19.311 19.327 19.346 19.368 19.395 19.425 19.459 19.497 19.538 19.582 19.630 19.681 19.733 19.788 19.845 19.902 19.960 20.018 20.075 20.131 20.185 20.237 20.287 20.333 20.376 20.414 20.448 20.477 20.501 20.519 20.532 20.538 20.539
18.107 18.173 18.240 18.308 18.376 18.443 18.509 18.574 18.636 18.697 18.754 18.809 18.860 18.907 18.950 18.990 19.025 19.057 19.084 19.107 19.126 19.142 19.154 19.163 19.169 19.173 19.175 19.175 19.174 19.172 19.170 19.168 19.167 19.168 19.170 19.175 19.182 19.192 19.206 19.223 19.244 19.269 19.298 19.331 19.369 19.410 19.456 19.504 19.556 19.611 19.669 19.728 19.789 19.851 19.914 19.976 20.037 20.098 20.156 20.212 20.265 20.314 20.360 20.401 20.437 20.469 20.494 20.514 20.528 20.536 20.537
18.109 18.174 18.241 18.307 18.373 18.438 18.502 18.564 18.623 18.680 18.734 18.785 18.832 18.875 18.914 18.949 18.980 19.007 19.029 19.047 19.062 19.073 19.081 19.086 19.088 19.087 19.086 19.082 19.078 19.074 19.070 19.066 19.064 19.064 19.065 19.070 19.078 19.089 19.104 19.123 19.146 19.174 19.206 19.243 19.284 19.329 19.378 19.431 19.488 19.547 19.609 19.674 19.739 19.806 19.873 19.939 20.005 20.069 20.132 20.191 20.248 20.301 20.349 20.393 20.432 20.465 20.493 20.514 20.529 20.538 20.540
18.111 18.175 18.240 18.305 18.369 18.432 18.493 18.553 18.609 18.663 18.714 18.761 18.804 18.843 18.878 18.908 18.934 18.956 18.974 18.988 18.998 19.005 19.008 19.009 19.007 19.003 18.998 18.992 18.985 18.978 18.972 18.967 18.964 18.963 18.964 18.969 18.978 18.990 19.006 19.027 19.053 19.083 19.119 19.159 19.204 19.253 19.306 19.364 19.425 19.489 19.555 19.624 19.694 19.766 19.837 19.908 19.978 20.047 20.113 20.176 20.236 20.292 20.343 20.389 20.431 20.466 20.495 20.518 20.534 20.544 20.547
18.111 18.175 18.239 18.302 18.364 18.425 18.485 18.541 18.595 18.646 18.693 18.736 18.775 18.810 18.841 18.867 18.889 18.907 18.920 18.930 18.936 18.938 18.937 18.934 18.928 18.921 18.913 18.903 18.894 18.885 18.877 18.871 18.867 18.865 18.867 18.872 18.881 18.895 18.913 18.936 18.965 18.998 19.037 19.080 19.129 19.182 19.240 19.301 19.367 19.436 19.507 19.580 19.655 19.731 19.807 19.882 19.956 20.029 20.099 20.165 20.228 20.287 20.341 20.390 20.434 20.471 20.502 20.526 20.543 20.554 20.557
18.112 18.175 18.237 18.299 18.360 18.419 18.476 18.530 18.581 18.628 18.672 18.712 18.747 18.778 18.805 18.827 18.845 18.858 18.867 18.873 18.874 18.872 18.868 18.861 18.852 18.841 18.830 18.818 18.806 18.795 18.786 18.778 18.774 18.772 18.774 18.779 18.790 18.805 18.825 18.850 18.881 18.918 18.959 19.007 19.059 19.116 19.178 19.245 19.315 19.388 19.464 19.542 19.621 19.701 19.782 19.861 19.939 20.016 20.089 20.159 20.226 20.287 20.344 20.395 20.441 20.480 20.512 20.538 20.556 20.567 20.571
18.112 18.174 18.236 18.296 18.355 18.412 18.467 18.518 18.566 18.611 18.651 18.688 18.720 18.747 18.770 18.788 18.801 18.810 18.815 18.817 18.814 18.809 18.800 18.789 18.777 18.763 18.749 18.735 18.721 18.709 18.698 18.690 18.684 18.682 18.684 18.691 18.703 18.719 18.741 18.769 18.803 18.842 18.888 18.938 18.995 19.056 19.122 19.193 19.268 19.345 19.426 19.508 19.592 19.677 19.761 19.845 19.927 20.007 20.084 20.158 20.227 20.292 20.351 20.404 20.452 20.492 20.526 20.552 20.572 20.583 20.588
18.113 18.174 18.234 18.293 18.351 18.406 18.458 18.507 18.553 18.594 18.631 18.664 18.693 18.716 18.735 18.749 18.759 18.764 18.765 18.762 18.756 18.747 18.735 18.721 18.705 18.688 18.672 18.655 18.639 18.625 18.613 18.604 18.599 18.597 18.600 18.607 18.620 18.638 18.663 18.693 18.730 18.772 18.821 18.875 18.936 19.001 19.072 19.147 19.226 19.308 19.393 19.480 19.568 19.657 19.746 19.834 19.920 20.003 20.084 20.160 20.233 20.300 20.361 20.417 20.466 20.508 20.543 20.570 20.590 20.602 20.606
18.115 18.175 18.234 18.291 18.347 18.400 18.450 18.497 18.540 18.578 18.612 18.642 18.667 18.687 18.702 18.712 18.718 18.719 18.716 18.710 18.700 18.687 18.671 18.654 18.636 18.616 18.597 18.578 18.561 18.546 18.533 18.523 18.517 18.516 18.519 18.528 18.542 18.562 18.589 18.622 18.661 18.707 18.759 18.818 18.882 18.952 19.027 19.106 19.189 19.276 19.365 19.457 19.549 19.642 19.735 19.827 19.916 20.003 20.087 20.167 20.242 20.311 20.375 20.432 20.483 20.526 20.562 20.590 20.611 20.623 20.627
18.117 18.176 18.234 18.290 18.344 18.395 18.443 18.487 18.527 18.563 18.594 18.621 18.642 18.659 18.670 18.677 18.679 18.676 18.670 18.659 18.646 18.629 18.611 18.591 18.569 18.547 18.526 18.505 18.486 18.470 18.456 18.446 18.440 18.439 18.443 18.453 18.469 18.491 18.520 18.556 18.598 18.647 18.703 18.765 18.833 18.907 18.986 19.070 19.158 19.249 19.342 19.438 19.535 19.632 19.729 19.824 19.917 20.007 20.094 20.177 20.254 20.326 20.391 20.450 20.502 20.547 20.584 20.612 20.633 20.646 20.650
18.120 18.179 18.235 18.290 18.342 18.392 18.437 18.479 18.517 18.550 18.578 18.601 18.619 18.632 18.640 18.643 18.641 18.635 18.625 18.611 18.594 18.575 18.553 18.530 18.506 18.482 18.458 18.436 18.415 18.398 18.383 18.373 18.367 18.367 18.372 18.383 18.400 18.425 18.456 18.495 18.540 18.592 18.652 18.718 18.790 18.868 18.951 19.039 19.131 19.226 19.324 19.424 19.525 19.626 19.726 19.825 19.921 20.015 20.104 20.189 20.269 20.343 20.410 20.471 20.524 20.569 20.607 20.636 20.657 20.669 20.673
18.125 18.182 18.238 18.291 18.342 18.389 18.433 18.472 18.507 18.537 18.563 18.583 18.598 18.607 18.612 18.611 18.606 18.597 18.583 18.566 18.546 18.523 18.498 18.472 18.446 18.419 18.394 18.370 18.348 18.330 18.315 18.304 18.299 18.299 18.305 18.317 18.337 18.363 18.397 18.438 18.487 18.542 18.605 18.675 18.751 18.833 18.920 19.012 19.108 19.208 19.310 19.413 19.518 19.623 19.727 19.829 19.929 20.025 20.117 20.205 20.286 20.362 20.431 20.493 20.547 20.593 20.631 20.661 20.681 20.693 20.697
18.131 18.188 18.242 18.294 18.343 18.388 18.430 18.467 18.499 18.527 18.549 18.566 18.578 18.584 18.586 18.582 18.573 18.560 18.544 18.523 18.500 18.474 18.446 18.418 18.389 18.361 18.333 18.308 18.285 18.266 18.250 18.240 18.235 18.235 18.243 18.257 18.278 18.307 18.343 18.387 18.438 18.497 18.564 18.637 18.717 18.802 18.894 18.990 19.090 19.193 19.299 19.407 19.515 19.623 19.731 19.836 19.939 20.038 20.132 20.222 20.306 20.383 20.453 20.516 20.571 20.618 20.656 20.686 20.706 20.718 20.720
