Data/data_grav_rasters/EGM96_geoid.asc
ncols         159
nrows         172
xllcorner     32.4820794100
yllcorner     29.1707288100
cellsize      0.0259688
nodata_value  999
[rows 32 to 63 of 172, columns 71 to 141 of 159]
16.874 16.949 17.031 17.122 17.221 17.328 17.443 17.566 17.698 17.837 17.984 18.138 18.298 18.465 18.638 18.815 18.996 19.181 19.369 19.558 19.748 19.938 20.127 20.314 20.498 20.679 20.854 21.025 21.189 21.346 21.496 21.637 21.770 21.893 22.007 22.112 22.206 22.291 22.367 22.433 22.491 22.540 22.581 22.614 22.641 22.661 22.676 22.687 22.694 22.698 22.700 22.702 22.702 22.704 22.707 22.712 22.720 22.732 22.748 22.768 22.793 22.824 22.861 22.903 22.951 23.004 23.063 23.127 23.196 23.270 23.347
16.850 16.926 17.009 17.101 17.201 17.310 17.427 17.552 17.685 17.826 17.975 18.130 18.292 18.461 18.635 18.813 18.996 19.181 19.370 19.559 19.749 19.939 20.128 20.314 20.497 20.676 20.850 21.019 21.181 21.335 21.482 21.621 21.750 21.870 21.980 22.080 22.171 22.252 22.323 22.386 22.439 22.483 22.520 22.549 22.572 22.589 22.600 22.607 22.610 22.611 22.610 22.609 22.607 22.606 22.607 22.610 22.617 22.627 22.642 22.661 22.686 22.717 22.753 22.796 22.844 22.898 22.958 23.023 23.093 23.168 23.246
16.826 16.902 16.987 17.080 17.182 17.292 17.410 17.537 17.672 17.815 17.965 18.122 18.286 18.456 18.631 18.811 18.994 19.181 19.370 19.560 19.750 19.940 20.128 20.314 20.496 20.674 20.847 21.013 21.173 21.325 21.470 21.605 21.731 21.848 21.955 22.052 22.139 22.216 22.283 22.342 22.391 22.432 22.464 22.490 22.509 22.522 22.529 22.533 22.533 22.531 22.527 22.523 22.519 22.515 22.514 22.516 22.521 22.530 22.544 22.563 22.587 22.617 22.653 22.696 22.744 22.799 22.859 22.925 22.995 23.071 23.150
16.802 16.879 16.965 17.060 17.162 17.274 17.394 17.522 17.659 17.803 17.955 18.114 18.280 18.451 18.628 18.809 18.993 19.181 19.370 19.561 19.752 19.941 20.129 20.314 20.496 20.673 20.844 21.009 21.167 21.317 21.459 21.591 21.715 21.828 21.932 22.025 22.109 22.183 22.247 22.301 22.347 22.384 22.413 22.435 22.451 22.460 22.465 22.465 22.462 22.457 22.451 22.444 22.438 22.432 22.429 22.429 22.433 22.441 22.453 22.471 22.495 22.525 22.561 22.603 22.651 22.706 22.766 22.832 22.903 22.979 23.059
16.779 16.857 16.944 17.040 17.144 17.257 17.378 17.508 17.646 17.793 17.946 18.107 18.274 18.447 18.625 18.807 18.993 19.181 19.372 19.563 19.753 19.943 20.131 20.315 20.496 20.672 20.842 21.005 21.162 21.310 21.449 21.580 21.700 21.811 21.912 22.002 22.083 22.153 22.214 22.265 22.307 22.341 22.367 22.386 22.398 22.405 22.406 22.404 22.398 22.391 22.382 22.372 22.364 22.357 22.352 22.350 22.353 22.359 22.371 22.388 22.411 22.440 22.476 22.517 22.565 22.620 22.680 22.746 22.817 22.893 22.972
16.757 16.836 16.924 17.021 17.127 17.241 17.364 17.495 17.635 17.783 17.938 18.100 18.269 18.443 18.623 18.806 18.993 19.182 19.373 19.565 19.756 19.946 20.133 20.318 20.498 20.672 20.841 21.003 21.158 21.304 21.442 21.570 21.688 21.796 21.894 21.982 22.059 22.127 22.185 22.233 22.272 22.303 22.326 22.342 22.351 22.355 22.354 22.349 22.341 22.330 22.319 22.308 22.298 22.289 22.282 22.279 22.280 22.285 22.296 22.312 22.334 22.363 22.397 22.439 22.486 22.540 22.600 22.665 22.736 22.811 22.891
16.737 16.817 16.906 17.004 17.111 17.227 17.351 17.484 17.626 17.775 17.932 18.096 18.266 18.441 18.622 18.807 18.994 19.185 19.376 19.568 19.760 19.950 20.137 20.321 20.500 20.674 20.842 21.003 21.156 21.300 21.436 21.562 21.678 21.783 21.879 21.964 22.039 22.104 22.159 22.205 22.241 22.269 22.290 22.303 22.309 22.311 22.307 22.300 22.289 22.277 22.264 22.251 22.239 22.228 22.220 22.216 22.215 22.219 22.229 22.244 22.265 22.292 22.326 22.367 22.414 22.467 22.526 22.591 22.660 22.735 22.814
16.720 16.801 16.891 16.990 17.098 17.215 17.341 17.475 17.618 17.769 17.927 18.092 18.264 18.441 18.623 18.809 18.997 19.188 19.381 19.573 19.765 19.955 20.142 20.325 20.504 20.678 20.844 21.004 21.156 21.298 21.432 21.556 21.670 21.773 21.867 21.950 22.022 22.085 22.137 22.180 22.215 22.240 22.258 22.269 22.273 22.272 22.266 22.257 22.244 22.230 22.215 22.200 22.186 22.174 22.165 22.159 22.157 22.160 22.169 22.183 22.203 22.229 22.262 22.301 22.347 22.399 22.457 22.521 22.590 22.664 22.741
16.705 16.787 16.878 16.978 17.087 17.205 17.333 17.469 17.613 17.765 17.925 18.092 18.264 18.443 18.626 18.812 19.002 19.194 19.387 19.580 19.771 19.961 20.148 20.332 20.510 20.682 20.848 21.007 21.157 21.298 21.430 21.552 21.664 21.766 21.857 21.938 22.008 22.069 22.119 22.160 22.192 22.215 22.231 22.239 22.242 22.238 22.231 22.219 22.205 22.189 22.173 22.156 22.141 22.127 22.117 22.109 22.106 22.108 22.115 22.128 22.147 22.172 22.204 22.242 22.287 22.338 22.395 22.457 22.524 22.596 22.672
16.693 16.776 16.868 16.969 17.079 17.199 17.328 17.465 17.611 17.764 17.925 18.093 18.267 18.447 18.631 18.818 19.009 19.201 19.395 19.588 19.780 19.970 20.156 20.339 20.517 20.689 20.854 21.011 21.160 21.299 21.430 21.550 21.660 21.760 21.850 21.929 21.997 22.055 22.104 22.143 22.173 22.194 22.208 22.214 22.215 22.210 22.200 22.187 22.172 22.154 22.136 22.118 22.102 22.087 22.075 22.066 22.062 22.063 22.068 22.080 22.098 22.122 22.152 22.189 22.232 22.282 22.337 22.398 22.463 22.534 22.608
16.685 16.769 16.862 16.964 17.075 17.196 17.326 17.464 17.611 17.766 17.929 18.098 18.273 18.453 18.638 18.826 19.018 19.211 19.404 19.598 19.790 19.980 20.166 20.348 20.525 20.696 20.860 21.016 21.164 21.302 21.431 21.550 21.658 21.757 21.844 21.921 21.988 22.045 22.091 22.128 22.157 22.176 22.188 22.193 22.192 22.186 22.175 22.160 22.143 22.124 22.105 22.086 22.068 22.052 22.039 22.029 22.024 22.023 22.028 22.038 22.054 22.077 22.106 22.141 22.183 22.231 22.284 22.343 22.407 22.475 22.546
16.681 16.766 16.859 16.962 17.075 17.197 17.328 17.467 17.615 17.771 17.935 18.105 18.281 18.462 18.648 18.837 19.029 19.222 19.416 19.609 19.802 19.991 20.177 20.359 20.535 20.705 20.868 21.023 21.169 21.306 21.434 21.551 21.658 21.755 21.841 21.916 21.981 22.036 22.081 22.117 22.143 22.162 22.172 22.176 22.173 22.165 22.153 22.137 22.119 22.099 22.079 22.058 22.039 22.022 22.008 21.997 21.991 21.989 21.992 22.001 22.016 22.037 22.065 22.098 22.138 22.184 22.235 22.292 22.353 22.419 22.488
16.682 16.767 16.861 16.965 17.078 17.201 17.333 17.474 17.623 17.780 17.944 18.115 18.292 18.474 18.660 18.850 19.042 19.236 19.430 19.623 19.815 20.004 20.190 20.371 20.547 20.716 20.877 21.031 21.176 21.311 21.437 21.553 21.659 21.754 21.839 21.913 21.976 22.030 22.073 22.107 22.132 22.149 22.159 22.161 22.157 22.148 22.135 22.118 22.099 22.078 22.056 22.035 22.015 21.997 21.982 21.970 21.962 21.959 21.961 21.969 21.983 22.002 22.028 22.060 22.098 22.141 22.190 22.245 22.303 22.366 22.433
16.686 16.772 16.867 16.972 17.086 17.210 17.343 17.485 17.635 17.792 17.957 18.129 18.306 18.489 18.676 18.866 19.058 19.252 19.445 19.639 19.830 20.019 20.204 20.384 20.559 20.727 20.887 21.039 21.183 21.317 21.442 21.556 21.661 21.754 21.837 21.910 21.972 22.024 22.066 22.099 22.123 22.139 22.147 22.149 22.144 22.134 22.120 22.102 22.082 22.060 22.038 22.016 21.995 21.976 21.960 21.947 21.938 21.934 21.935 21.941 21.953 21.971 21.995 22.025 22.061 22.102 22.149 22.200 22.256 22.316 22.380
16.696 16.782 16.878 16.983 17.099 17.223 17.357 17.499 17.650 17.808 17.974 18.146 18.324 18.507 18.694 18.884 19.076 19.269 19.463 19.656 19.847 20.035 20.219 20.398 20.572 20.738 20.898 21.049 21.191 21.324 21.447 21.560 21.662 21.755 21.837 21.908 21.969 22.020 22.061 22.092 22.115 22.130 22.137 22.138 22.132 22.121 22.106 22.088 22.067 22.045 22.022 21.999 21.977 21.958 21.941 21.927 21.917 21.912 21.911 21.916 21.927 21.943 21.965 21.993 22.026 22.065 22.109 22.158 22.211 22.268 22.329
16.710 16.797 16.893 16.999 17.115 17.240 17.375 17.518 17.669 17.828 17.994 18.166 18.344 18.527 18.714 18.904 19.096 19.289 19.482 19.675 19.865 20.052 20.235 20.413 20.585 20.751 20.908 21.058 21.198 21.330 21.451 21.563 21.664 21.755 21.836 21.906 21.965 22.015 22.055 22.086 22.108 22.122 22.128 22.128 22.121 22.110 22.094 22.075 22.054 22.031 22.008 21.984 21.962 21.942 21.924 21.909 21.899 21.892 21.891 21.894 21.903 21.918 21.938 21.964 21.995 22.031 22.072 22.118 22.168 22.222 22.279
16.729 16.816 16.913 17.020 17.136 17.262 17.397 17.540 17.692 17.851 18.017 18.190 18.368 18.551 18.737 18.927 19.118 19.311 19.503 19.695 19.884 20.070 20.252 20.428 20.599 20.763 20.919 21.067 21.206 21.336 21.456 21.566 21.666 21.755 21.834 21.903 21.961 22.010 22.049 22.079 22.100 22.113 22.119 22.118 22.111 22.099 22.083 22.064 22.042 22.019 21.995 21.971 21.948 21.927 21.909 21.894 21.882 21.875 21.872 21.874 21.882 21.894 21.913 21.936 21.965 21.999 22.037 22.080 22.127 22.177 22.230
16.753 16.840 16.938 17.045 17.162 17.288 17.423 17.566 17.718 17.877 18.044 18.216 18.394 18.576 18.763 18.952 19.142 19.334 19.525 19.716 19.904 20.088 20.269 20.444 20.612 20.774 20.929 21.075 21.212 21.340 21.459 21.568 21.666 21.754 21.832 21.899 21.956 22.004 22.042 22.071 22.091 22.104 22.109 22.107 22.100 22.088 22.071 22.052 22.030 22.006 21.982 21.958 21.935 21.914 21.895 21.879 21.867 21.858 21.854 21.855 21.861 21.872 21.888 21.910 21.936 21.967 22.003 22.042 22.086 22.133 22.182
16.781 16.869 16.967 17.074 17.191 17.318 17.453 17.597 17.748 17.907 18.073 18.246 18.423 18.605 18.790 18.978 19.168 19.358 19.549 19.737 19.924 20.107 20.285 20.458 20.625 20.785 20.938 21.082 21.218 21.344 21.461 21.568 21.665 21.751 21.827 21.894 21.950 21.996 22.033 22.061 22.081 22.093 22.097 22.095 22.088 22.075 22.059 22.039 22.017 21.994 21.969 21.945 21.922 21.900 21.881 21.864 21.851 21.842 21.837 21.837 21.841 21.850 21.865 21.884 21.908 21.936 21.969 22.005 22.045 22.088 22.134
16.814 16.902 17.000 17.108 17.225 17.352 17.487 17.630 17.782 17.941 18.106 18.278 18.454 18.635 18.820 19.007 19.195 19.384 19.573 19.760 19.944 20.125 20.301 20.472 20.637 20.795 20.945 21.088 21.221 21.346 21.461 21.566 21.661 21.746 21.821 21.886 21.941 21.986 22.022 22.049 22.068 22.080 22.084 22.082 22.074 22.061 22.045 22.025 22.003 21.979 21.955 21.931 21.908 21.886 21.866 21.849 21.836 21.826 21.820 21.818 21.821 21.829 21.841 21.858 21.879 21.905 21.935 21.968 22.005 22.044 22.086
16.851 16.940 17.038 17.146 17.263 17.389 17.524 17.667 17.818 17.977 18.141 18.312 18.488 18.667 18.851 19.036 19.223 19.410 19.597 19.782 19.964 20.143 20.317 20.485 20.648 20.803 20.951 21.092 21.223 21.345 21.458 21.561 21.655 21.738 21.811 21.875 21.929 21.973 22.008 22.035 22.053 22.064 22.068 22.065 22.057 22.045 22.028 22.009 21.987 21.963 21.939 21.915 21.892 21.870 21.850 21.833 21.819 21.808 21.801 21.798 21.800 21.806 21.817 21.831 21.850 21.873 21.900 21.930 21.963 21.999 22.037
16.893 16.981 17.080 17.187 17.304 17.430 17.565 17.708 17.858 18.015 18.179 18.349 18.523 18.701 18.883 19.067 19.252 19.437 19.621 19.804 19.984 20.159 20.331 20.497 20.657 20.810 20.955 21.093 21.222 21.342 21.453 21.554 21.645 21.727 21.799 21.861 21.913 21.956 21.990 22.016 22.034 22.044 22.048 22.045 22.037 22.025 22.009 21.989 21.967 21.944 21.920 21.897 21.873 21.852 21.832 21.814 21.800 21.789 21.781 21.777 21.778 21.782 21.791 21.804 21.820 21.841 21.864 21.891 21.921 21.953 21.987
16.938 17.027 17.125 17.232 17.349 17.474 17.608 17.750 17.900 18.056 18.219 18.387 18.560 18.736 18.916 19.098 19.280 19.463 19.645 19.825 20.002 20.175 20.343 20.506 20.663 20.814 20.957 21.091 21.218 21.335 21.444 21.543 21.632 21.712 21.782 21.842 21.894 21.936 21.969 21.994 22.011 22.021 22.024 22.022 22.014 22.001 21.985 21.966 21.945 21.922 21.899 21.875 21.852 21.831 21.811 21.793 21.779 21.767 21.759 21.754 21.753 21.757 21.764 21.774 21.789 21.806 21.827 21.851 21.878 21.906 21.936
16.986 17.075 17.173 17.280 17.397 17.521 17.655 17.796 17.944 18.099 18.260 18.427 18.598 18.772 18.950 19.129 19.309 19.489 19.668 19.845 20.019 20.189 20.354 20.514 20.668 20.815 20.955 21.087 21.210 21.325 21.431 21.528 21.615 21.693 21.761 21.820 21.869 21.910 21.942 21.967 21.983 21.993 21.996 21.993 21.985 21.973 21.957 21.939 21.918 21.896 21.873 21.850 21.827 21.806 21.787 21.769 21.754 21.743 21.734 21.729 21.727 21.729 21.734 21.743 21.755 21.771 21.789 21.810 21.833 21.858 21.884
17.038 17.126 17.224 17.331 17.447 17.571 17.703 17.843 17.990 18.143 18.303 18.467 18.636 18.808 18.983 19.160 19.337 19.514 19.690 19.863 20.034 20.200 20.362 20.519 20.669 20.813 20.950 21.079 21.199 21.311 21.414 21.508 21.593 21.669 21.735 21.792 21.840 21.880 21.911 21.934 21.950 21.959 21.962 21.960 21.952 21.940 21.925 21.907 21.887 21.865 21.843 21.820 21.799 21.778 21.759 21.742 21.727 21.715 21.706 21.700 21.697 21.698 21.702 21.709 21.719 21.732 21.748 21.766 21.786 21.807 21.830
17.092 17.180 17.278 17.384 17.499 17.622 17.753 17.892 18.037 18.189 18.346 18.509 18.675 18.845 19.017 19.191 19.365 19.538 19.710 19.880 20.047 20.209 20.368 20.521 20.667 20.808 20.941 21.066 21.184 21.293 21.393 21.484 21.567 21.640 21.704 21.759 21.806 21.844 21.874 21.897 21.912 21.921 21.923 21.921 21.913 21.902 21.887 21.870 21.850 21.829 21.808 21.786 21.765 21.745 21.727 21.710 21.695 21.683 21.674 21.668 21.665 21.664 21.667 21.673 21.681 21.692 21.705 21.721 21.737 21.756 21.775
17.148 17.236 17.333 17.439 17.553 17.675 17.805 17.942 18.085 18.235 18.390 18.550 18.714 18.881 19.050 19.220 19.391 19.560 19.728 19.894 20.057 20.216 20.370 20.519 20.662 20.799 20.928 21.050 21.164 21.270 21.367 21.455 21.535 21.605 21.667 21.721 21.766 21.802 21.831 21.853 21.868 21.876 21.879 21.876 21.869 21.858 21.844 21.827 21.809 21.789 21.768 21.747 21.727 21.708 21.690 21.674 21.660 21.648 21.639 21.632 21.628 21.627 21.629 21.633 21.640 21.649 21.660 21.673 21.687 21.702 21.718
17.206 17.294 17.390 17.495 17.608 17.728 17.857 17.992 18.134 18.281 18.434 18.591 18.752 18.916 19.082 19.248 19.415 19.580 19.745 19.906 20.065 20.219 20.369 20.514 20.653 20.785 20.911 21.029 21.139 21.241 21.335 21.421 21.497 21.565 21.625 21.676 21.720 21.755 21.783 21.803 21.817 21.825 21.828 21.825 21.819 21.808 21.795 21.779 21.761 21.742 21.723 21.703 21.684 21.666 21.649 21.633 21.620 21.609 21.600 21.593 21.589 21.587 21.588 21.591 21.597 21.604 21.613 21.623 21.634 21.646 21.659
17.265 17.352 17.448 17.552 17.663 17.783 17.909 18.043 18.182 18.328 18.478 18.632 18.789 18.950 19.112 19.274 19.437 19.598 19.758 19.915 20.069 20.219 20.365 20.505 20.640 20.768 20.889 21.003 21.110 21.208 21.298 21.380 21.454 21.520 21.577 21.626 21.667 21.701 21.727 21.747 21.761 21.768 21.771 21.768 21.762 21.752 21.740 21.725 21.708 21.690 21.672 21.654 21.636 21.619 21.603 21.588 21.576 21.565 21.556 21.550 21.546 21.544 21.544 21.546 21.550 21.556 21.563 21.571 21.580 21.589 21.599
17.325 17.411 17.506 17.609 17.719 17.837 17.962 18.093 18.230 18.373 18.520 18.671 18.826 18.982 19.140 19.298 19.456 19.613 19.769 19.921 20.071 20.216 20.357 20.492 20.622 20.746 20.863 20.972 21.075 21.169 21.256 21.335 21.405 21.468 21.522 21.569 21.609 21.641 21.666 21.685 21.698 21.705 21.707 21.705 21.699 21.690 21.678 21.665 21.649 21.633 21.616 21.599 21.582 21.566 21.552 21.538 21.527 21.517 21.509 21.503 21.499 21.497 21.496 21.498 21.501 21.505 21.511 21.517 21.524 21.531 21.537
17.385 17.470 17.564 17.666 17.775 17.891 18.014 18.143 18.278 18.417 18.562 18.709 18.860 19.013 19.166 19.320 19.474 19.626 19.776 19.924 20.068 20.209 20.345 20.475 20.600 20.719 20.831 20.937 21.035 21.125 21.208 21.283 21.350 21.410 21.462 21.506 21.544 21.574 21.598 21.616 21.628 21.635 21.637 21.636 21.630 21.622 21.611 21.598 21.584 21.569 21.554 21.539 21.523 21.509 21.496 21.484 21.473 21.465 21.457 21.452 21.448 21.446 21.446 21.447 21.449 21.452 21.456 21.461 21.466 21.470 21.475
17.444 17.529 17.622 17.722 17.830 17.944 18.065 18.192 18.324 18.460 18.601 18.745 18.892 19.041 19.190 19.339 19.488 19.635 19.780 19.923 20.062 20.197 20.328 20.454 20.574 20.687 20.795 20.895 20.989 21.075 21.154 21.226 21.290 21.346 21.395 21.437 21.473 21.501 21.524 21.541 21.552 21.559 21.561 21.560 21.555 21.548 21.538 21.527 21.514 21.500 21.487 21.473 21.460 21.447 21.436 21.425 21.416 21.408 21.402 21.398 21.395 21.393 21.393 21.393 21.395 21.397 21.400 21.403 21.407 21.409 21.411
