Data/data_grav_rasters/EGM96_geoid.asc
ncols         159
nrows         172
xllcorner     32.4820794100
yllcorner     29.1707288100
cellsize      0.0259688
nodata_value  999
[rows 0 to 31 of 172, columns 0 to 70 of 159]
15.537 15.588 15.635 15.680 15.722 15.759 15.793 15.821 15.845 15.864 15.878 15.886 15.889 15.886 15.878 15.865 15.848 15.825 15.798 15.767 15.732 15.695 15.654 15.612 15.568 15.522 15.477 15.432 15.387 15.344 15.303 15.264 15.229 15.196 15.168 15.144 15.124 15.109 15.099 15.094 15.095 15.100 15.111 15.127 15.148 15.173 15.204 15.238 15.276 15.317 15.362 15.409 15.459 15.510 15.563 15.617 15.671 15.726 15.781 15.835 15.889 15.943 15.995 16.047 16.097 16.147 16.196 16.245 16.293 16.341 16.389
15.612 15.662 15.709 15.754 15.794 15.831 15.864 15.892 15.915 15.933 15.945 15.953 15.955 15.951 15.943 15.929 15.910 15.887 15.859 15.827 15.792 15.753 15.712 15.669 15.624 15.579 15.533 15.487 15.442 15.399 15.357 15.318 15.282 15.250 15.221 15.196 15.176 15.161 15.151 15.145 15.145 15.151 15.161 15.176 15.196 15.221 15.250 15.283 15.320 15.361 15.404 15.450 15.498 15.548 15.600 15.652 15.705 15.758 15.812 15.865 15.917 15.969 16.020 16.071 16.120 16.169 16.217 16.265 16.312 16.360 16.408
15.680 15.729 15.776 15.820 15.860 15.896 15.928 15.955 15.977 15.994 16.006 16.013 16.014 16.010 16.000 15.986 15.966 15.942 15.914 15.881 15.845 15.807 15.765 15.721 15.677 15.631 15.585 15.539 15.494 15.450 15.409 15.370 15.333 15.301 15.272 15.247 15.227 15.212 15.202 15.196 15.196 15.201 15.211 15.225 15.245 15.269 15.298 15.330 15.366 15.406 15.448 15.493 15.540 15.588 15.638 15.689 15.741 15.793 15.845 15.896 15.947 15.998 16.048 16.097 16.145 16.193 16.241 16.288 16.335 16.382 16.431
15.741 15.790 15.836 15.879 15.918 15.953 15.984 16.011 16.032 16.049 16.060 16.066 16.066 16.061 16.051 16.036 16.016 15.992 15.963 15.930 15.894 15.854 15.813 15.769 15.724 15.678 15.632 15.586 15.542 15.498 15.457 15.418 15.382 15.350 15.321 15.297 15.277 15.262 15.252 15.246 15.246 15.251 15.260 15.275 15.294 15.318 15.346 15.377 15.413 15.451 15.493 15.537 15.582 15.630 15.679 15.728 15.779 15.829 15.880 15.930 15.980 16.029 16.078 16.126 16.173 16.220 16.267 16.313 16.360 16.407 16.455
15.795 15.843 15.889 15.931 15.969 16.004 16.034 16.060 16.080 16.096 16.106 16.112 16.111 16.106 16.096 16.080 16.060 16.035 16.005 15.973 15.936 15.897 15.855 15.812 15.767 15.721 15.676 15.630 15.586 15.543 15.502 15.464 15.428 15.397 15.369 15.345 15.325 15.310 15.300 15.295 15.295 15.300 15.310 15.324 15.343 15.366 15.394 15.425 15.460 15.498 15.538 15.581 15.626 15.672 15.720 15.768 15.817 15.867 15.916 15.965 16.013 16.062 16.109 16.156 16.203 16.249 16.295 16.341 16.387 16.435 16.483
15.843 15.890 15.935 15.976 16.013 16.047 16.077 16.101 16.121 16.136 16.146 16.151 16.150 16.144 16.133 16.117 16.097 16.072 16.042 16.010 15.973 15.934 15.893 15.850 15.805 15.760 15.715 15.670 15.627 15.584 15.544 15.507 15.472 15.441 15.413 15.390 15.371 15.357 15.348 15.343 15.343 15.348 15.358 15.373 15.392 15.415 15.442 15.473 15.507 15.544 15.584 15.626 15.670 15.716 15.762 15.810 15.857 15.905 15.953 16.001 16.049 16.096 16.142 16.188 16.234 16.279 16.325 16.370 16.417 16.464 16.512
15.885 15.931 15.974 16.015 16.051 16.084 16.113 16.137 16.156 16.170 16.179 16.183 16.182 16.176 16.165 16.149 16.128 16.103 16.074 16.041 16.005 15.966 15.926 15.883 15.839 15.795 15.750 15.706 15.664 15.622 15.583 15.546 15.513 15.483 15.456 15.434 15.416 15.402 15.394 15.390 15.390 15.396 15.406 15.421 15.440 15.463 15.490 15.521 15.555 15.591 15.630 15.672 15.715 15.759 15.805 15.851 15.898 15.945 15.992 16.038 16.085 16.131 16.176 16.221 16.266 16.311 16.356 16.401 16.447 16.495 16.543
15.921 15.966 16.008 16.047 16.083 16.115 16.142 16.166 16.184 16.198 16.206 16.210 16.208 16.202 16.190 16.174 16.153 16.129 16.100 16.067 16.032 15.994 15.954 15.912 15.869 15.825 15.782 15.739 15.697 15.657 15.619 15.584 15.551 15.522 15.497 15.475 15.458 15.446 15.438 15.435 15.436 15.442 15.453 15.468 15.487 15.511 15.538 15.568 15.602 15.638 15.677 15.717 15.760 15.803 15.848 15.893 15.939 15.985 16.031 16.076 16.122 16.167 16.211 16.256 16.300 16.344 16.389 16.434 16.479 16.527 16.576
15.952 15.996 16.037 16.075 16.109 16.140 16.167 16.189 16.207 16.220 16.228 16.231 16.229 16.222 16.211 16.195 16.174 16.149 16.121 16.089 16.054 16.017 15.978 15.937 15.895 15.852 15.810 15.768 15.728 15.689 15.652 15.618 15.587 15.559 15.535 15.515 15.499 15.488 15.481 15.479 15.481 15.488 15.499 15.515 15.534 15.558 15.585 15.615 15.648 15.684 15.722 15.762 15.804 15.847 15.891 15.935 15.980 16.025 16.070 16.114 16.159 16.203 16.246 16.290 16.334 16.377 16.422 16.466 16.512 16.560 16.609
15.978 16.021 16.060 16.097 16.130 16.160 16.186 16.207 16.224 16.237 16.244 16.247 16.245 16.238 16.226 16.210 16.190 16.166 16.138 16.107 16.073 16.036 15.998 15.958 15.917 15.876 15.835 15.795 15.756 15.718 15.683 15.650 15.621 15.595 15.572 15.553 15.539 15.529 15.523 15.521 15.525 15.532 15.544 15.560 15.580 15.604 15.631 15.661 15.694 15.730 15.768 15.807 15.848 15.890 15.933 15.977 16.020 16.064 16.108 16.152 16.196 16.239 16.282 16.325 16.368 16.411 16.455 16.500 16.545 16.593 16.643
16.000 16.041 16.080 16.115 16.147 16.176 16.201 16.221 16.238 16.249 16.256 16.259 16.256 16.249 16.238 16.222 16.202 16.178 16.151 16.121 16.088 16.052 16.015 15.976 15.937 15.897 15.858 15.819 15.781 15.746 15.712 15.681 15.653 15.628 15.607 15.590 15.577 15.568 15.563 15.563 15.567 15.575 15.588 15.605 15.625 15.649 15.676 15.707 15.739 15.775 15.812 15.851 15.891 15.933 15.975 16.018 16.061 16.104 16.147 16.189 16.232 16.274 16.317 16.359 16.402 16.444 16.488 16.533 16.578 16.626 16.676
16.019 16.058 16.095 16.130 16.160 16.188 16.212 16.231 16.247 16.258 16.265 16.267 16.264 16.257 16.246 16.231 16.211 16.188 16.161 16.132 16.100 16.065 16.029 15.992 15.954 15.916 15.878 15.841 15.805 15.771 15.739 15.710 15.683 15.660 15.641 15.625 15.613 15.606 15.602 15.603 15.608 15.618 15.631 15.648 15.669 15.693 15.721 15.751 15.784 15.819 15.856 15.894 15.934 15.975 16.016 16.058 16.100 16.142 16.184 16.226 16.268 16.309 16.351 16.393 16.435 16.477 16.521 16.565 16.611 16.659 16.710
16.035 16.073 16.108 16.141 16.171 16.197 16.220 16.239 16.253 16.264 16.270 16.272 16.269 16.262 16.251 16.236 16.217 16.195 16.169 16.140 16.109 16.076 16.042 16.006 15.969 15.933 15.896 15.861 15.827 15.795 15.765 15.737 15.712 15.691 15.673 15.659 15.649 15.643 15.641 15.643 15.649 15.659 15.673 15.691 15.712 15.737 15.764 15.795 15.827 15.862 15.898 15.936 15.975 16.015 16.056 16.097 16.138 16.179 16.220 16.261 16.302 16.343 16.384 16.425 16.467 16.509 16.552 16.597 16.643 16.691 16.742
16.049 16.085 16.119 16.150 16.178 16.204 16.225 16.243 16.258 16.268 16.273 16.275 16.272 16.265 16.255 16.240 16.222 16.200 16.175 16.147 16.117 16.086 16.052 16.018 15.983 15.948 15.914 15.880 15.848 15.818 15.789 15.764 15.741 15.721 15.705 15.692 15.684 15.679 15.678 15.681 15.689 15.700 15.714 15.733 15.754 15.779 15.807 15.837 15.869 15.904 15.940 15.977 16.015 16.055 16.094 16.135 16.175 16.215 16.255 16.296 16.336 16.376 16.416 16.456 16.497 16.539 16.582 16.627 16.673 16.722 16.773
16.061 16.095 16.127 16.157 16.185 16.209 16.229 16.247 16.260 16.269 16.275 16.276 16.274 16.267 16.256 16.242 16.224 16.204 16.180 16.153 16.125 16.094 16.062 16.030 15.996 15.963 15.931 15.899 15.868 15.840 15.813 15.789 15.768 15.751 15.736 15.725 15.718 15.715 15.715 15.719 15.728 15.739 15.755 15.774 15.796 15.821 15.848 15.878 15.910 15.944 15.980 16.016 16.054 16.093 16.131 16.171 16.210 16.249 16.289 16.328 16.367 16.406 16.446 16.486 16.526 16.568 16.611 16.655 16.702 16.751 16.803
16.071 16.104 16.135 16.164 16.189 16.212 16.232 16.249 16.261 16.270 16.275 16.277 16.274 16.268 16.257 16.244 16.227 16.207 16.184 16.158 16.131 16.102 16.072 16.041 16.009 15.978 15.947 15.917 15.888 15.862 15.837 15.815 15.796 15.780 15.767 15.758 15.752 15.750 15.751 15.757 15.766 15.778 15.794 15.814 15.836 15.861 15.888 15.918 15.950 15.984 16.018 16.054 16.091 16.129 16.167 16.205 16.243 16.281 16.320 16.358 16.396 16.435 16.474 16.513 16.553 16.594 16.637 16.681 16.728 16.777 16.830
16.082 16.113 16.142 16.169 16.194 16.216 16.235 16.250 16.262 16.271 16.276 16.277 16.274 16.268 16.258 16.245 16.229 16.210 16.188 16.164 16.138 16.110 16.081 16.052 16.022 15.992 15.963 15.935 15.909 15.884 15.861 15.841 15.823 15.809 15.798 15.790 15.785 15.785 15.787 15.794 15.804 15.817 15.833 15.853 15.875 15.900 15.928 15.957 15.988 16.021 16.055 16.091 16.126 16.163 16.200 16.237 16.274 16.311 16.349 16.386 16.423 16.461 16.499 16.538 16.577 16.618 16.661 16.705 16.752 16.802 16.855
16.092 16.121 16.149 16.175 16.198 16.219 16.237 16.252 16.263 16.271 16.276 16.277 16.274 16.269 16.259 16.247 16.231 16.213 16.192 16.169 16.145 16.118 16.091 16.063 16.035 16.008 15.980 15.954 15.929 15.906 15.885 15.867 15.851 15.838 15.829 15.822 15.819 15.819 15.823 15.830 15.841 15.855 15.871 15.891 15.913 15.938 15.965 15.994 16.025 16.057 16.091 16.125 16.160 16.195 16.231 16.267 16.303 16.339 16.375 16.411 16.448 16.485 16.522 16.560 16.599 16.640 16.682 16.726 16.773 16.823 16.877
16.102 16.130 16.156 16.180 16.203 16.222 16.239 16.254 16.265 16.272 16.277 16.278 16.275 16.270 16.261 16.249 16.235 16.217 16.198 16.176 16.153 16.128 16.102 16.076 16.050 16.024 15.998 15.974 15.951 15.930 15.910 15.894 15.879 15.868 15.860 15.855 15.853 15.854 15.859 15.867 15.878 15.892 15.909 15.929 15.951 15.975 16.002 16.031 16.061 16.092 16.124 16.157 16.191 16.225 16.260 16.294 16.329 16.364 16.399 16.434 16.469 16.505 16.542 16.579 16.618 16.658 16.700 16.744 16.791 16.842 16.896
16.113 16.139 16.164 16.187 16.208 16.227 16.243 16.256 16.267 16.274 16.279 16.280 16.278 16.272 16.264 16.253 16.239 16.223 16.204 16.184 16.162 16.139 16.114 16.090 16.065 16.041 16.017 15.995 15.973 15.954 15.936 15.921 15.908 15.898 15.891 15.887 15.887 15.889 15.894 15.903 15.914 15.929 15.946 15.965 15.987 16.011 16.037 16.065 16.094 16.125 16.156 16.188 16.220 16.253 16.286 16.319 16.353 16.386 16.420 16.454 16.488 16.523 16.558 16.595 16.633 16.673 16.715 16.759 16.806 16.857 16.912
16.124 16.149 16.172 16.194 16.214 16.232 16.248 16.260 16.270 16.278 16.282 16.283 16.281 16.276 16.268 16.258 16.245 16.230 16.212 16.193 16.172 16.151 16.128 16.105 16.082 16.059 16.037 16.017 15.997 15.979 15.963 15.949 15.938 15.929 15.924 15.921 15.921 15.924 15.930 15.939 15.950 15.965 15.982 16.001 16.023 16.046 16.072 16.098 16.126 16.155 16.185 16.216 16.247 16.278 16.310 16.342 16.374 16.406 16.438 16.471 16.504 16.537 16.572 16.608 16.645 16.684 16.726 16.770 16.818 16.869 16.924
16.137 16.160 16.182 16.203 16.222 16.239 16.253 16.266 16.275 16.282 16.286 16.288 16.286 16.282 16.274 16.265 16.253 16.238 16.222 16.204 16.185 16.165 16.143 16.122 16.101 16.080 16.059 16.040 16.022 16.006 15.991 15.979 15.969 15.961 15.956 15.954 15.955 15.959 15.965 15.974 15.986 16.001 16.017 16.036 16.057 16.080 16.104 16.130 16.157 16.185 16.213 16.242 16.272 16.301 16.331 16.362 16.392 16.422 16.453 16.484 16.516 16.548 16.582 16.617 16.654 16.692 16.734 16.778 16.825 16.877 16.932
16.151 16.172 16.193 16.213 16.231 16.247 16.261 16.273 16.282 16.289 16.293 16.294 16.293 16.289 16.282 16.273 16.262 16.249 16.234 16.217 16.199 16.180 16.161 16.141 16.121 16.101 16.083 16.065 16.048 16.033 16.020 16.009 16.000 15.994 15.990 15.989 15.990 15.994 16.001 16.010 16.022 16.036 16.052 16.070 16.091 16.112 16.136 16.160 16.185 16.212 16.239 16.266 16.294 16.322 16.350 16.378 16.407 16.436 16.465 16.495 16.525 16.556 16.589 16.623 16.659 16.697 16.738 16.782 16.829 16.881 16.937
16.166 16.186 16.206 16.224 16.241 16.257 16.270 16.281 16.290 16.297 16.301 16.303 16.302 16.298 16.292 16.284 16.274 16.262 16.248 16.232 16.215 16.198 16.180 16.161 16.143 16.125 16.108 16.091 16.076 16.062 16.051 16.041 16.033 16.027 16.024 16.024 16.025 16.030 16.037 16.046 16.057 16.071 16.086 16.104 16.123 16.144 16.166 16.189 16.212 16.237 16.262 16.288 16.314 16.340 16.366 16.392 16.419 16.446 16.474 16.502 16.531 16.561 16.592 16.625 16.660 16.698 16.738 16.782 16.830 16.882 16.938
16.182 16.201 16.220 16.237 16.253 16.268 16.281 16.292 16.301 16.307 16.311 16.313 16.313 16.310 16.304 16.297 16.288 16.276 16.263 16.249 16.234 16.218 16.201 16.184 16.167 16.150 16.134 16.119 16.105 16.093 16.082 16.073 16.066 16.062 16.059 16.059 16.061 16.066 16.072 16.081 16.092 16.105 16.120 16.136 16.154 16.174 16.194 16.215 16.238 16.260 16.284 16.307 16.331 16.355 16.379 16.404 16.429 16.454 16.479 16.506 16.533 16.562 16.592 16.624 16.658 16.695 16.735 16.779 16.826 16.878 16.936
16.199 16.217 16.235 16.252 16.267 16.281 16.294 16.304 16.313 16.319 16.323 16.326 16.325 16.323 16.318 16.312 16.303 16.293 16.281 16.268 16.254 16.239 16.224 16.208 16.192 16.177 16.162 16.149 16.136 16.125 16.115 16.107 16.101 16.097 16.095 16.095 16.097 16.101 16.108 16.116 16.127 16.139 16.153 16.168 16.185 16.202 16.221 16.241 16.261 16.282 16.303 16.324 16.346 16.368 16.390 16.412 16.435 16.458 16.482 16.507 16.532 16.559 16.588 16.619 16.652 16.689 16.728 16.772 16.819 16.872 16.929
16.218 16.235 16.251 16.267 16.282 16.296 16.308 16.318 16.326 16.333 16.337 16.340 16.340 16.338 16.334 16.328 16.321 16.312 16.301 16.289 16.276 16.262 16.248 16.234 16.220 16.206 16.192 16.180 16.168 16.158 16.149 16.142 16.136 16.133 16.131 16.131 16.133 16.137 16.143 16.151 16.161 16.172 16.185 16.199 16.214 16.230 16.247 16.265 16.283 16.301 16.320 16.339 16.359 16.378 16.398 16.418 16.439 16.460 16.482 16.504 16.528 16.554 16.581 16.611 16.644 16.679 16.718 16.761 16.809 16.862 16.920
16.237 16.254 16.269 16.284 16.299 16.312 16.323 16.333 16.342 16.348 16.353 16.356 16.356 16.355 16.352 16.347 16.340 16.332 16.322 16.312 16.300 16.287 16.274 16.261 16.248 16.235 16.223 16.212 16.201 16.192 16.184 16.177 16.172 16.169 16.167 16.168 16.170 16.173 16.179 16.186 16.195 16.205 16.216 16.229 16.242 16.256 16.271 16.287 16.303 16.319 16.336 16.353 16.370 16.387 16.404 16.422 16.440 16.459 16.479 16.499 16.522 16.546 16.572 16.600 16.632 16.666 16.705 16.748 16.796 16.848 16.907
16.258 16.273 16.288 16.303 16.316 16.329 16.340 16.350 16.359 16.365 16.370 16.373 16.374 16.374 16.371 16.367 16.361 16.354 16.345 16.336 16.325 16.314 16.302 16.290 16.278 16.267 16.255 16.245 16.235 16.227 16.219 16.213 16.209 16.206 16.204 16.204 16.206 16.209 16.214 16.220 16.228 16.237 16.247 16.257 16.269 16.281 16.294 16.308 16.321 16.335 16.349 16.364 16.378 16.393 16.408 16.423 16.439 16.455 16.473 16.492 16.512 16.535 16.559 16.586 16.617 16.651 16.689 16.732 16.779 16.832 16.891
16.279 16.294 16.308 16.322 16.335 16.347 16.358 16.368 16.377 16.384 16.389 16.392 16.394 16.394 16.392 16.389 16.384 16.377 16.370 16.361 16.352 16.342 16.331 16.320 16.309 16.299 16.289 16.279 16.270 16.262 16.256 16.250 16.246 16.243 16.241 16.241 16.242 16.245 16.249 16.254 16.261 16.268 16.276 16.285 16.295 16.305 16.316 16.327 16.338 16.350 16.361 16.373 16.385 16.397 16.409 16.422 16.435 16.450 16.465 16.482 16.500 16.521 16.544 16.570 16.600 16.633 16.670 16.713 16.760 16.813 16.872
16.301 16.315 16.329 16.342 16.355 16.367 16.378 16.387 16.396 16.403 16.408 16.412 16.414 16.415 16.414 16.411 16.407 16.402 16.395 16.388 16.379 16.370 16.361 16.351 16.341 16.332 16.323 16.314 16.306 16.298 16.292 16.287 16.283 16.280 16.278 16.278 16.279 16.281 16.284 16.288 16.293 16.299 16.305 16.313 16.320 16.328 16.337 16.345 16.354 16.363 16.372 16.381 16.390 16.399 16.409 16.419 16.430 16.442 16.455 16.470 16.487 16.506 16.527 16.552 16.580 16.613 16.650 16.692 16.739 16.792 16.852
16.324 16.337 16.350 16.363 16.375 16.387 16.398 16.407 16.416 16.423 16.429 16.433 16.436 16.437 16.437 16.435 16.432 16.427 16.422 16.415 16.408 16.400 16.392 16.383 16.374 16.366 16.357 16.349 16.342 16.335 16.329 16.324 16.320 16.317 16.315 16.315 16.315 16.316 16.318 16.321 16.324 16.329 16.334 16.339 16.344 16.350 16.356 16.362 16.368 16.375 16.381 16.387 16.393 16.400 16.407 16.415 16.423 16.433 16.444 16.456 16.471 16.488 16.508 16.532 16.559 16.591 16.627 16.669 16.716 16.770 16.830
