Data/data_grav_rasters/EGM96_gravity_earth.asc
ncols         159
nrows         172
xllcorner     32.4820794100
yllcorner     29.1707288100
cellsize      0.0259688
nodata_value  9999999
[rows 75 to 99 of 172, columns 57 to 113 of 159]
979452.361 979451.435 979450.648 979450.014 979449.548 979449.260 979449.159 979449.254 979449.548 979450.044 979450.742 979451.639 979452.730 979454.007 979455.460 979457.076 979458.842 979460.740 979462.753 979464.860 979467.042 979469.276 979471.539 979473.808 979463.273 979462.919 979461.921 979457.255 979459.948 979465.275 979463.687 979461.230 979453.492 979444.306 979435.756 979428.364 979421.300 979401.605 979396.576 979376.529 979381.878 979365.236 979334.932 979305.593 979250.922 979212.363 979216.340 979231.713 979278.108 979295.459 979319.647 979356.604 979369.462 979399.589 979434.182 979445.057 979479.005
979450.378 979449.533 979448.829 979448.282 979447.903 979447.704 979447.690 979447.870 979448.246 979448.818 979449.587 979450.546 979451.691 979453.011 979454.496 979456.132 979457.904 979459.794 979461.784 979463.853 979465.980 979468.143 979470.320 979463.133 979458.043 979459.497 979456.671 979452.847 979451.673 979458.289 979456.431 979453.085 979447.830 979440.982 979431.470 979420.223 979406.046 979382.759 979373.435 979366.014 979358.964 979352.354 979318.973 979264.764 979211.880 979207.947 979207.257 979229.385 979254.140 979288.935 979342.174 979358.560 979374.356 979397.738 979423.878 979455.418 979473.472
979448.253 979447.488 979446.868 979446.408 979446.117 979446.006 979446.081 979446.347 979446.805 979447.455 979448.295 979449.318 979450.518 979451.883 979453.401 979455.059 979456.838 979458.722 979460.690 979462.722 979464.796 979466.891 979460.266 979459.161 979458.211 979453.521 979447.372 979445.958 979446.600 979450.423 979447.872 979445.719 979442.917 979433.294 979420.332 979411.533 979401.129 979386.644 979370.487 979358.882 979344.984 979330.556 979286.961 979238.597 979198.701 979204.342 979212.711 979231.160 979241.117 979268.098 979322.995 979362.717 979379.568 979417.502 979431.746 979467.088 979467.993
979445.994 979445.309 979444.773 979444.400 979444.198 979444.177 979444.340 979444.693 979445.234 979445.963 979446.875 979447.963 979449.218 979450.629 979452.182 979453.862 979455.650 979457.528 979459.476 979461.473 979463.016 979457.360 979458.499 979458.332 979452.269 979447.068 979447.276 979449.225 979445.345 979441.106 979435.985 979436.729 979434.144 979424.057 979415.456 979402.681 979391.095 979375.862 979360.871 979350.770 979333.921 979307.921 979258.407 979206.861 979179.620 979185.475 979194.670 979200.404 979235.006 979278.494 979312.085 979360.810 979398.686 979433.118 979451.539 979463.355 979462.594
979443.614 979443.008 979442.556 979442.270 979442.157 979442.225 979442.477 979442.917 979443.542 979444.349 979445.334 979446.488 979447.800 979449.258 979450.846 979452.549 979454.347 979456.222 979458.151 979460.058 979451.999 979453.957 979451.311 979454.746 979453.514 979453.608 979453.197 979449.715 979445.758 979439.749 979433.161 979427.771 979424.709 979414.223 979404.222 979393.326 979378.677 979365.940 979350.598 979337.535 979320.383 979276.236 979230.224 979193.766 979170.065 979174.047 979184.352 979202.739 979250.401 979304.902 979312.113 979333.898 979365.982 979388.632 979396.469 979457.959 979457.297
979441.125 979440.598 979440.229 979440.029 979440.005 979440.163 979440.504 979441.031 979441.740 979442.627 979443.685 979444.905 979446.274 979447.779 979449.404 979451.130 979452.940 979454.811 979456.723 979448.358 979449.465 979448.899 979448.236 979442.798 979439.108 979446.375 979445.412 979443.766 979436.437 979428.106 979430.085 979423.635 979415.358 979404.127 979393.128 979377.626 979369.988 979366.584 979352.867 979328.542 979279.407 979251.553 979220.831 979183.311 979176.891 979175.022 979179.262 979200.748 979263.493 979322.216 979328.510 979336.551 979345.891 979343.923 979359.448 979452.679 979452.124
979438.542 979438.093 979437.808 979437.694 979437.758 979438.005 979438.435 979439.048 979439.841 979440.808 979441.939 979443.225 979444.652 979446.204 979447.866 979449.617 979451.438 979453.308 979446.541 979445.229 979444.079 979443.883 979440.872 979434.456 979432.935 979434.973 979438.298 979434.055 979424.960 979417.510 979419.445 979415.833 979406.116 979400.475 979388.454 979374.080 979359.730 979349.968 979336.191 979302.906 979245.948 979212.598 979210.228 979190.989 979191.104 979188.560 979180.541 979224.871 979281.288 979307.462 979335.684 979350.650 979340.006 979341.713 979363.689 979447.535 979447.092
979435.882 979435.511 979435.308 979435.279 979435.431 979435.766 979436.284 979436.984 979437.861 979438.906 979440.111 979441.462 979442.947 979444.547 979446.245 979448.022 979449.855 979447.743 979443.052 979440.815 979438.837 979437.855 979433.112 979435.722 979428.967 979425.029 979425.050 979420.937 979419.399 979411.880 979409.648 979408.181 979401.378 979391.377 979378.457 979358.801 979345.469 979338.240 979326.167 979276.266 979232.285 979210.941 979215.547 979212.552 979205.337 979194.695 979210.778 979247.438 979283.366 979304.318 979324.044 979344.785 979364.051 979367.905 979378.453 979442.542 979442.218
979433.163 979432.869 979432.746 979432.802 979433.040 979433.463 979434.069 979434.854 979435.813 979436.937 979438.214 979439.632 979441.173 979442.821 979444.556 979446.357 979444.480 979444.917 979441.938 979435.881 979432.946 979429.089 979427.277 979426.216 979424.840 979423.795 979417.732 979412.053 979410.804 979404.225 979398.825 979395.733 979391.315 979380.083 979368.216 979348.916 979328.747 979316.842 979302.637 979261.020 979235.915 979238.602 979232.048 979219.149 979208.042 979201.203 979213.762 979247.167 979267.748 979295.575 979313.949 979338.315 979354.022 979376.224 979420.095 979437.714 979437.516
979430.404 979430.184 979430.141 979430.280 979430.604 979431.113 979431.805 979432.675 979433.716 979434.917 979436.266 979437.748 979439.346 979441.040 979442.811 979441.751 979438.179 979435.962 979440.569 979435.829 979431.028 979430.020 979427.194 979420.998 979417.642 979415.363 979411.575 979413.642 979409.468 979401.845 979397.155 979387.836 979381.657 979370.728 979353.091 979345.658 979327.242 979286.351 979273.081 979258.807 979255.710 979247.431 979229.638 979220.561 979213.796 979202.135 979217.188 979227.879 979255.640 979282.680 979306.930 979325.224 979341.443 979381.231 979421.238 979433.060 979432.995
979427.623 979427.477 979427.512 979427.732 979428.140 979428.734 979429.511 979430.464 979431.586 979432.863 979434.282 979435.827 979437.480 979439.220 979437.260 979434.599 979428.591 979426.747 979437.292 979435.034 979434.687 979433.673 979428.815 979423.397 979418.225 979415.239 979417.261 979415.764 979410.690 979405.145 979397.541 979386.452 979377.170 979365.641 979347.452 979333.973 979304.123 979271.384 979270.439 979265.414 979261.320 979246.523 979235.642 979223.339 979204.783 979190.854 979200.390 979226.330 979257.051 979274.643 979300.648 979314.085 979334.676 979368.390 979428.765 979428.590 979428.663
979424.840 979424.765 979424.876 979425.177 979425.666 979426.344 979427.204 979428.239 979429.439 979430.791 979432.279 979433.886 979435.592 979432.158 979429.956 979424.849 979421.244 979421.207 979429.393 979433.091 979432.352 979431.867 979430.045 979426.644 979423.779 979421.376 979417.853 979412.927 979408.549 979402.059 979393.760 979384.100 979373.307 979357.680 979326.050 979313.324 979294.285 979282.234 979286.037 979281.497 979268.777 979255.681 979231.510 979211.015 979189.701 979180.742 979224.631 979241.189 979250.032 979276.670 979306.701 979322.767 979347.677 979407.362 979424.353 979424.309 979424.525
979422.073 979422.068 979422.254 979422.632 979423.202 979423.961 979424.902 979426.017 979427.293 979428.717 979430.272 979431.600 979424.537 979422.764 979419.127 979413.978 979412.174 979412.758 979421.984 979424.968 979428.088 979427.145 979427.165 979425.779 979423.777 979420.211 979413.267 979406.667 979401.296 979392.570 979385.675 979378.763 979367.138 979345.249 979314.031 979316.692 979306.446 979310.586 979305.913 979286.680 979268.202 979252.243 979232.477 979211.343 979189.816 979227.149 979242.975 979250.196 979258.957 979297.292 979321.531 979333.957 979367.104 979420.306 979420.127 979420.218 979420.584
979419.342 979419.405 979419.662 979420.116 979420.764 979421.602 979422.622 979423.814 979425.165 979426.659 979426.614 979421.123 979415.618 979414.875 979413.578 979410.817 979409.044 979410.201 979413.428 979416.717 979424.130 979421.557 979420.770 979419.420 979417.345 979415.047 979412.353 979406.895 979397.933 979389.274 979380.427 979370.736 979357.001 979330.333 979312.180 979324.356 979326.186 979321.016 979303.164 979294.250 979282.578 979263.919 979237.249 979209.111 979216.961 979244.441 979257.948 979255.832 979271.926 979292.979 979306.655 979321.595 979326.010 979398.096 979416.088 979416.321 979416.840
979416.663 979416.791 979417.119 979417.646 979418.370 979419.285 979420.381 979421.648 979423.071 979420.473 979416.371 979415.451 979409.238 979413.335 979414.060 979412.198 979411.963 979407.910 979406.347 979411.913 979418.299 979417.154 979415.740 979412.659 979409.304 979404.054 979404.318 979401.380 979398.252 979392.816 979379.342 979366.370 979349.877 979327.468 979328.098 979334.135 979332.604 979317.960 979301.208 979300.973 979283.552 979257.629 979242.481 979251.775 979254.034 979257.100 979264.574 979266.452 979271.534 979260.197 979299.945 979319.306 979343.778 979406.584 979412.235 979412.613 979413.291
979414.053 979414.244 979414.640 979415.238 979416.035 979417.024 979418.194 979418.208 979414.515 979412.453 979409.703 979405.789 979407.330 979410.537 979414.995 979413.427 979408.355 979402.871 979400.607 979405.325 979410.602 979411.561 979410.574 979408.951 979405.289 979399.586 979394.468 979389.955 979384.467 979385.437 979378.273 979366.703 979351.704 979335.813 979337.792 979338.121 979328.534 979318.486 979309.819 979293.179 979275.890 979266.722 979271.191 979267.885 979265.250 979259.700 979260.399 979258.430 979241.124 979238.677 979287.506 979331.346 979381.706 979408.348 979408.566 979409.094 979409.932
979411.526 979411.779 979412.240 979412.907 979413.774 979414.794 979411.863 979409.209 979405.677 979403.711 979403.257 979402.515 979399.409 979404.676 979410.425 979408.450 979403.502 979399.444 979396.697 979400.743 979405.170 979406.763 979405.019 979403.533 979398.922 979395.175 979387.210 979380.205 979376.006 979374.865 979367.554 979359.137 979354.214 979348.651 979345.776 979337.310 979328.510 979320.714 979308.820 979294.739 979274.807 979282.622 979279.395 979273.960 979266.220 979262.831 979253.173 979239.957 979232.460 979256.102 979303.062 979333.682 979366.728 979402.074 979405.075 979405.756 979406.757
979409.097 979409.408 979409.932 979407.992 979406.899 979407.676 979406.197 979402.473 979399.347 979399.058 979399.442 979397.108 979398.328 979404.515 979405.743 979402.977 979399.860 979396.542 979396.233 979398.444 979399.806 979400.522 979400.185 979396.215 979391.611 979387.558 979381.340 979376.418 979373.692 979368.857 979360.581 979356.083 979351.831 979347.681 979339.978 979331.268 979327.162 979320.263 979308.936 979301.372 979294.164 979292.107 979285.481 979276.206 979267.817 979256.144 979247.302 979234.524 979224.232 979256.795 979304.959 979329.557 979364.511 979401.256 979401.759 979402.595 979403.761
979405.934 979403.973 979400.733 979401.601 979402.348 979400.708 979399.356 979397.228 979397.184 979395.765 979395.577 979395.864 979397.768 979401.344 979400.575 979396.672 979394.845 979395.104 979396.435 979394.790 979393.541 979394.044 979393.534 979392.846 979389.512 979385.685 979381.989 979376.847 979368.344 979358.457 979347.329 979341.168 979334.768 979332.945 979331.581 979316.686 979309.865 979312.295 979306.833 979301.273 979294.208 979286.194 979276.528 979265.320 979258.754 979256.279 979252.694 979260.903 979253.511 979308.529 979317.137 979327.938 979353.040 979395.478 979398.609 979399.601 979400.933
979398.224 979397.097 979396.373 979394.782 979391.807 979394.411 979395.068 979391.323 979390.375 979392.924 979394.188 979394.092 979395.581 979396.458 979396.138 979395.025 979394.850 979394.646 979392.772 979390.203 979388.268 979387.523 979386.897 979386.467 979383.051 979381.441 979377.095 979366.329 979363.477 979360.496 979352.699 979342.631 979331.001 979322.747 979319.045 979307.104 979292.774 979295.771 979290.851 979288.190 979283.151 979273.532 979262.043 979250.878 979240.361 979245.007 979273.944 979311.523 979310.819 979332.664 979327.795 979333.166 979357.801 979394.824 979395.619 979396.768 979398.266
979392.071 979390.340 979389.125 979388.806 979387.372 979388.069 979386.396 979384.172 979386.443 979389.444 979390.279 979391.892 979392.579 979393.868 979393.741 979393.635 979393.413 979391.965 979389.457 979387.695 979385.996 979382.879 979381.006 979380.304 979376.595 979374.361 979373.678 979366.105 979360.845 979355.616 979350.594 979342.658 979332.382 979318.002 979310.630 979302.355 979289.798 979285.673 979274.486 979275.722 979269.523 979256.521 979243.008 979229.645 979219.116 979247.828 979290.820 979315.165 979331.729 979340.767 979343.006 979355.254 979373.175 979391.839 979392.780 979394.086 979395.748
979386.886 979386.143 979385.421 979384.014 979382.946 979382.931 979382.496 979383.221 979383.413 979382.583 979381.854 979385.639 979386.434 979387.206 979387.312 979388.006 979390.017 979389.349 979385.597 979383.385 979380.890 979377.189 979374.503 979372.901 979370.577 979366.596 979369.231 979363.210 979353.529 979349.492 979343.686 979336.873 979329.557 979317.369 979301.944 979291.854 979283.378 979272.487 979266.117 979262.276 979252.016 979235.883 979217.853 979211.938 979241.474 979264.829 979279.864 979321.224 979313.923 979308.551 979317.656 979337.534 979356.890 979388.997 979390.085 979391.546 979393.371
979380.744 979381.214 979379.746 979378.863 979378.480 979378.733 979378.863 979379.002 979379.446 979378.643 979377.859 979379.117 979380.100 979379.803 979379.498 979380.988 979381.937 979381.260 979379.820 979377.787 979372.841 979370.048 979366.644 979366.336 979364.369 979355.922 979358.498 979359.109 979352.933 979345.701 979337.509 979327.986 979322.232 979313.827 979303.636 979289.211 979279.770 979271.681 979252.586 979238.753 979237.225 979217.711 979217.950 979240.952 979246.926 979236.263 979281.535 979292.729 979284.143 979282.258 979296.871 979317.580 979348.542 979386.293 979387.525 979389.139 979391.124
979377.449 979377.292 979375.558 979374.320 979373.451 979374.868 979375.507 979375.390 979375.946 979374.881 979374.870 979374.375 979374.548 979374.723 979375.159 979375.478 979375.303 979374.768 979373.362 979371.763 979367.204 979362.075 979357.476 979354.128 979354.857 979348.419 979351.539 979353.124 979348.951 979344.336 979336.162 979325.612 979312.818 979299.573 979300.332 979290.408 979274.400 979263.779 979226.720 979222.461 979232.178 979225.169 979226.025 979227.042 979225.997 979252.848 979280.136 979270.897 979262.428 979265.825 979289.130 979313.862 979369.985 979383.718 979385.093 979386.856 979388.997
979372.709 979373.353 979371.530 979367.997 979366.937 979369.746 979371.219 979371.746 979372.101 979372.375 979372.304 979371.349 979370.794 979370.730 979370.351 979371.586 979370.481 979368.438 979366.385 979364.722 979360.955 979352.401 979338.702 979342.561 979349.938 979343.988 979345.073 979346.528 979343.496 979337.362 979329.001 979315.641 979307.763 979291.844 979277.504 979267.216 979267.900 979247.426 979230.838 979225.855 979224.034 979229.866 979239.177 979239.908 979256.465 979266.543 979260.835 979257.970 979255.492 979258.287 979277.979 979323.980 979380.160 979381.267 979382.780 979384.689 979386.981
