Data/data_grav_rasters/EGM96_gravity_earth.asc
ncols         159
nrows         172
xllcorner     32.4820794100
yllcorner     29.1707288100
cellsize      0.0259688
nodata_value  9999999
[rows 0 to 24 of 172, columns 0 to 56 of 159]
979618.027 979619.427 979620.730 979621.914 979622.956 979623.835 979624.533 979625.032 979625.318 979625.377 979625.200 979624.780 979624.114 979623.200 979622.040 979620.640 979619.008 979617.156 979615.097 979612.849 979610.431 979607.864 979605.172 979602.381 979599.515 979596.603 979593.672 979590.751 979587.866 979585.045 979582.315 979579.699 979577.222 979574.904 979572.763 979570.817 979569.079 979567.560 979566.266 979565.204 979564.373 979563.772 979563.396 979563.236 979563.283 979563.521 979563.936 979564.508 979565.217 979566.042 979566.959 979567.944 979568.973 979570.021 979571.064 979572.077 979573.038
979617.950 979619.375 979620.700 979621.901 979622.957 979623.847 979624.553 979625.057 979625.344 979625.404 979625.225 979624.802 979624.131 979623.212 979622.046 979620.641 979619.004 979617.147 979615.085 979612.835 979610.416 979607.850 979605.161 979602.375 979599.516 979596.613 979593.693 979590.785 979587.915 979585.110 979582.397 979579.800 979577.341 979575.041 979572.920 979570.991 979569.269 979567.764 979566.483 979565.429 979564.604 979564.005 979563.626 979563.459 979563.493 979563.713 979564.104 979564.646 979565.319 979566.101 979566.970 979567.901 979568.869 979569.851 979570.823 979571.760 979572.642
979617.450 979618.891 979620.229 979621.441 979622.505 979623.400 979624.109 979624.615 979624.903 979624.962 979624.781 979624.357 979623.683 979622.762 979621.596 979620.190 979618.554 979616.700 979614.642 979612.399 979609.989 979607.435 979604.760 979601.989 979599.150 979596.269 979593.373 979590.490 979587.649 979584.874 979582.192 979579.626 979577.200 979574.933 979572.843 979570.946 979569.253 979567.776 979566.519 979565.487 979564.679 979564.093 979563.723 979563.559 979563.591 979563.803 979564.179 979564.701 979565.347 979566.096 979566.924 979567.808 979568.724 979569.648 979570.555 979571.424 979572.233
979616.545 979617.993 979619.335 979620.551 979621.617 979622.513 979623.222 979623.726 979624.012 979624.069 979623.887 979623.461 979622.788 979621.868 979620.704 979619.303 979617.674 979615.830 979613.784 979611.556 979609.164 979606.631 979603.981 979601.238 979598.429 979595.581 979592.722 979589.878 979587.077 979584.345 979581.707 979579.187 979576.806 979574.585 979572.540 979570.686 979569.036 979567.598 979566.378 979565.378 979564.600 979564.038 979563.687 979563.537 979563.577 979563.790 979564.161 979564.671 979565.298 979566.022 979566.818 979567.663 979568.534 979569.406 979570.257 979571.064 979571.807
979615.258 979616.704 979618.044 979619.256 979620.318 979621.209 979621.913 979622.413 979622.696 979622.750 979622.566 979622.140 979621.469 979620.553 979619.396 979618.005 979616.388 979614.559 979612.534 979610.328 979607.963 979605.461 979602.845 979600.140 979597.372 979594.569 979591.757 979588.964 979586.216 979583.539 979580.957 979578.494 979576.171 979574.008 979572.020 979570.222 979568.625 979567.238 979566.065 979565.110 979564.371 979563.844 979563.522 979563.395 979563.451 979563.675 979564.050 979564.555 979565.172 979565.877 979566.649 979567.462 979568.295 979569.123 979569.924 979570.677 979571.360
979613.618 979615.054 979616.384 979617.586 979618.637 979619.520 979620.215 979620.708 979620.984 979621.034 979620.849 979620.424 979619.756 979618.847 979617.700 979616.322 979614.724 979612.917 979610.917 979608.742 979606.412 979603.949 979601.376 979598.718 979596.002 979593.254 979590.501 979587.769 979585.085 979582.474 979579.960 979577.565 979575.311 979573.216 979571.296 979569.564 979568.032 979566.706 979565.591 979564.689 979563.999 979563.516 979563.232 979563.137 979563.218 979563.460 979563.845 979564.355 979564.968 979565.662 979566.415 979567.204 979568.005 979568.795 979569.553 979570.256 979570.886
979611.658 979613.076 979614.389 979615.574 979616.610 979617.478 979618.161 979618.644 979618.912 979618.957 979618.770 979618.346 979617.684 979616.783 979615.650 979614.290 979612.714 979610.935 979608.967 979606.830 979604.542 979602.125 979599.604 979597.003 979594.347 979591.664 979588.978 979586.318 979583.707 979581.172 979578.736 979576.420 979574.245 979572.229 979570.386 979568.730 979567.271 979566.015 979564.967 979564.128 979563.495 979563.063 979562.824 979562.768 979562.882 979563.149 979563.552 979564.071 979564.687 979565.376 979566.117 979566.886 979567.661 979568.419 979569.139 979569.799 979570.382
979609.413 979610.806 979612.095 979613.257 979614.272 979615.122 979615.790 979616.259 979616.518 979616.557 979616.368 979615.946 979615.290 979614.401 979613.284 979611.946 979610.397 979608.650 979606.720 979604.626 979602.387 979600.024 979597.562 979595.025 979592.438 979589.828 979587.219 979584.638 979582.111 979579.661 979577.311 979575.082 979572.995 979571.066 979569.309 979567.737 979566.359 979565.182 979564.207 979563.437 979562.868 979562.495 979562.308 979562.297 979562.449 979562.746 979563.172 979563.707 979564.330 979565.020 979565.753 979566.508 979567.262 979567.992 979568.678 979569.300 979569.840
979606.921 979608.282 979609.540 979610.674 979611.665 979612.493 979613.141 979613.595 979613.843 979613.875 979613.683 979613.264 979612.616 979611.741 979610.643 979609.330 979607.812 979606.101 979604.215 979602.169 979599.985 979597.683 979595.287 979592.821 979590.310 979587.779 979585.255 979582.761 979580.324 979577.967 979575.711 979573.577 979571.585 979569.750 979568.086 979566.605 979565.315 979564.221 979563.327 979562.632 979562.133 979561.823 979561.693 979561.732 979561.926 979562.259 979562.712 979563.266 979563.901 979564.594 979565.324 979566.068 979566.804 979567.510 979568.167 979568.754 979569.255
979604.219 979605.542 979606.765 979607.867 979608.828 979609.630 979610.257 979610.694 979610.929 979610.953 979610.760 979610.344 979609.705 979608.845 979607.769 979606.483 979605.000 979603.330 979601.491 979599.499 979597.375 979595.139 979592.814 979590.425 979587.996 979585.552 979583.118 979580.719 979578.378 979576.120 979573.964 979571.931 979570.040 979568.305 979566.739 979565.354 979564.157 979563.153 979562.343 979561.728 979561.302 979561.059 979560.990 979561.082 979561.321 979561.692 979562.175 979562.751 979563.400 979564.100 979564.828 979565.564 979566.285 979566.970 979567.600 979568.156 979568.621
979601.347 979602.627 979603.810 979604.876 979605.804 979606.578 979607.181 979607.599 979607.820 979607.836 979607.640 979607.229 979606.600 979605.757 979604.705 979603.450 979602.004 979600.379 979598.591 979596.657 979594.597 979592.432 979590.184 979587.877 979585.535 979583.183 979580.844 979578.544 979576.305 979574.150 979572.099 979570.172 979568.386 979566.755 979565.292 979564.007 979562.906 979561.994 979561.272 979560.738 979560.389 979560.215 979560.208 979560.356 979560.642 979561.052 979561.567 979562.166 979562.831 979563.538 979564.267 979564.995 979565.703 979566.368 979566.973 979567.499 979567.931
979598.344 979599.576 979600.715 979601.741 979602.634 979603.377 979603.954 979604.352 979604.559 979604.567 979604.369 979603.962 979603.346 979602.521 979601.495 979600.273 979598.867 979597.289 979595.556 979593.683 979591.691 979589.601 979587.433 979585.212 979582.962 979580.705 979578.466 979576.269 979574.136 979572.088 979570.146 979568.327 979566.649 979565.125 979563.767 979562.584 979561.581 979560.764 979560.131 979559.680 979559.407 979559.304 979559.360 979559.562 979559.897 979560.346 979560.892 979561.515 979562.194 979562.909 979563.638 979564.360 979565.054 979565.700 979566.280 979566.778 979567.177
979595.244 979596.426 979597.519 979598.502 979599.358 979600.069 979600.619 979600.996 979601.188 979601.188 979600.989 979600.587 979599.983 979599.179 979598.180 979596.993 979595.630 979594.103 979592.426 979590.618 979588.697 979586.684 979584.600 979582.469 979580.312 979578.154 979576.018 979573.926 979571.901 979569.963 979568.131 979566.423 979564.855 979563.439 979562.187 979561.106 979560.203 979559.479 979558.935 979558.567 979558.370 979558.336 979558.454 979558.711 979559.092 979559.579 979560.155 979560.800 979561.493 979562.214 979562.942 979563.656 979564.335 979564.962 979565.517 979565.985 979566.352
979592.085 979593.214 979594.258 979595.197 979596.014 979596.691 979597.214 979597.570 979597.747 979597.739 979597.539 979597.144 979596.554 979595.771 979594.801 979593.652 979592.333 979590.858 979589.241 979587.499 979585.652 979583.719 979581.721 979579.680 979577.620 979575.563 979573.531 979571.546 979569.630 979567.802 979566.082 979564.485 979563.027 979561.720 979560.573 979559.594 979558.788 979558.157 979557.700 979557.414 979557.291 979557.324 979557.502 979557.810 979558.234 979558.757 979559.360 979560.023 979560.728 979561.452 979562.177 979562.880 979563.543 979564.148 979564.676 979565.114 979565.447
979588.897 979589.972 979590.966 979591.860 979592.637 979593.281 979593.776 979594.110 979594.274 979594.258 979594.058 979593.670 979593.095 979592.336 979591.397 979590.286 979589.013 979587.592 979586.036 979584.363 979582.591 979580.739 979578.828 979576.881 979574.918 979572.962 979571.034 979569.157 979567.351 979565.634 979564.024 979562.538 979561.188 979559.987 979558.944 979558.065 979557.355 979556.814 979556.441 979556.232 979556.181 979556.277 979556.510 979556.866 979557.329 979557.883 979558.509 979559.188 979559.900 979560.624 979561.341 979562.030 979562.674 979563.254 979563.753 979564.158 979564.456
979585.711 979586.730 979587.674 979588.523 979589.261 979589.870 979590.338 979590.652 979590.802 979590.779 979590.580 979590.202 979589.643 979588.908 979588.001 979586.930 979585.705 979584.339 979582.846 979581.242 979579.546 979577.776 979575.954 979574.099 979572.234 979570.379 979568.556 979566.786 979565.088 979563.480 979561.980 979560.602 979559.359 979558.262 979557.319 979556.537 979555.918 979555.463 979555.170 979555.034 979555.049 979555.203 979555.487 979555.885 979556.383 979556.962 979557.606 979558.295 979559.008 979559.727 979560.432 979561.103 979561.723 979562.274 979562.741 979563.110 979563.369
979582.550 979583.515 979584.409 979585.214 979585.912 979586.489 979586.931 979587.225 979587.362 979587.334 979587.138 979586.769 979586.228 979585.518 979584.645 979583.615 979582.439 979581.129 979579.699 979578.166 979576.546 979574.859 979573.125 979571.363 979569.594 979567.840 979566.121 979564.456 979562.865 979561.364 979559.970 979558.697 979557.557 979556.560 979555.713 979555.023 979554.491 979554.116 979553.898 979553.830 979553.904 979554.111 979554.439 979554.873 979555.398 979555.997 979556.652 979557.344 979558.054 979558.762 979559.448 979560.096 979560.686 979561.204 979561.633 979561.962 979562.180
979579.438 979580.349 979581.194 979581.956 979582.617 979583.162 979583.579 979583.855 979583.981 979583.950 979583.756 979583.399 979582.877 979582.194 979581.355 979580.368 979579.241 979577.988 979576.623 979575.160 979573.617 979572.012 979570.365 979568.695 979567.022 979565.367 979563.749 979562.187 979560.699 979559.302 979558.010 979556.838 979555.797 979554.895 979554.140 979553.536 979553.084 979552.785 979552.634 979552.626 979552.753 979553.005 979553.370 979553.833 979554.378 979554.990 979555.649 979556.337 979557.035 979557.725 979558.387 979559.004 979559.560 979560.038 979560.424 979560.708 979560.880
979576.392 979577.251 979578.050 979578.770 979579.395 979579.911 979580.304 979580.564 979580.680 979580.647 979580.459 979580.114 979579.613 979578.959 979578.155 979577.211 979576.135 979574.939 979573.637 979572.245 979570.778 979569.254 979567.694 979566.114 979564.535 979562.977 979561.457 979559.995 979558.607 979557.309 979556.116 979555.040 979554.092 979553.280 979552.609 979552.085 979551.707 979551.475 979551.385 979551.430 979551.602 979551.891 979552.285 979552.768 979553.325 979553.940 979554.595 979555.271 979555.951 979556.614 979557.245 979557.825 979558.338 979558.771 979559.109 979559.343 979559.463
979573.426 979574.235 979574.989 979575.670 979576.262 979576.751 979577.124 979577.369 979577.478 979577.445 979577.264 979576.934 979576.454 979575.829 979575.062 979574.162 979573.136 979571.998 979570.760 979569.438 979568.046 979566.603 979565.127 979563.636 979562.149 979560.684 979559.259 979557.893 979556.601 979555.398 979554.298 979553.312 979552.451 979551.722 979551.130 979550.678 979550.366 979550.194 979550.155 979550.245 979550.454 979550.771 979551.184 979551.679 979552.240 979552.850 979553.491 979554.147 979554.799 979555.428 979556.019 979556.554 979557.018 979557.398 979557.682 979557.859 979557.922
979570.548 979571.312 979572.024 979572.669 979573.231 979573.695 979574.049 979574.283 979574.387 979574.355 979574.184 979573.870 979573.414 979572.819 979572.090 979571.234 979570.260 979569.179 979568.005 979566.751 979565.434 979564.070 979562.677 979561.271 979559.872 979558.498 979557.165 979555.890 979554.689 979553.576 979552.563 979551.662 979550.881 979550.228 979549.706 979549.319 979549.065 979548.944 979548.949 979549.074 979549.311 979549.647 979550.070 979550.567 979551.121 979551.717 979552.336 979552.962 979553.577 979554.164 979554.707 979555.189 979555.596 979555.916 979556.138 979556.252 979556.253
979567.766 979568.487 979569.161 979569.773 979570.308 979570.750 979571.089 979571.314 979571.415 979571.388 979571.227 979570.932 979570.501 979569.938 979569.247 979568.436 979567.514 979566.491 979565.379 979564.194 979562.950 979561.662 979560.349 979559.027 979557.714 979556.426 979555.180 979553.992 979552.876 979551.847 979550.916 979550.092 979549.385 979548.800 979548.341 979548.010 979547.807 979547.727 979547.767 979547.918 979548.172 979548.518 979548.942 979549.431 979549.969 979550.540 979551.128 979551.715 979552.284 979552.820 979553.305 979553.726 979554.068 979554.321 979554.474 979554.519 979554.451
979565.080 979565.762 979566.403 979566.986 979567.496 979567.921 979568.247 979568.466 979568.568 979568.547 979568.400 979568.124 979567.719 979567.189 979566.538 979565.773 979564.902 979563.936 979562.887 979561.769 979560.596 979559.383 979558.148 979556.906 979555.675 979554.469 979553.306 979552.200 979551.165 979550.214 979549.357 979548.605 979547.964 979547.439 979547.035 979546.752 979546.589 979546.543 979546.607 979546.776 979547.038 979547.383 979547.798 979548.269 979548.781 979549.318 979549.864 979550.403 979550.917 979551.392 979551.812 979552.163 979552.433 979552.610 979552.687 979552.656 979552.513
979562.488 979563.136 979563.747 979564.305 979564.795 979565.205 979565.523 979565.738 979565.843 979565.832 979565.700 979565.446 979565.070 979564.574 979563.963 979563.244 979562.425 979561.515 979560.528 979559.476 979558.372 979557.233 979556.073 979554.908 979553.755 979552.628 979551.543 979550.513 979549.553 979548.674 979547.886 979547.197 979546.615 979546.143 979545.786 979545.542 979545.411 979545.389 979545.469 979545.644 979545.905 979546.240 979546.636 979547.079 979547.555 979548.049 979548.544 979549.024 979549.474 979549.879 979550.225 979550.498 979550.687 979550.783 979550.776 979550.663 979550.439
979559.988 979560.606 979561.191 979561.728 979562.202 979562.601 979562.913 979563.128 979563.239 979563.239 979563.125 979562.895 979562.548 979562.088 979561.518 979560.845 979560.078 979559.225 979558.299 979557.311 979556.275 979555.206 979554.119 979553.028 979551.949 979550.897 979549.885 979548.927 979548.036 979547.223 979546.496 979545.865 979545.334 979544.908 979544.589 979544.376 979544.268 979544.261 979544.347 979544.521 979544.770 979545.085 979545.452 979545.859 979546.289 979546.730 979547.164 979547.577 979547.954 979548.280 979548.543 979548.731 979548.831 979548.837 979548.741 979548.539 979548.227
