Data/data_grav_rasters/EIGEN-6C4_gravity_anomaly.asc
ncols         159
nrows         172
xllcorner     32.4820794100
yllcorner     29.1707288100
cellsize      0.0259688
nodata_value  9999
[rows 62 to 92 of 172, columns 71 to 141 of 159]
-5.739 -1.641 0.901 1.182 -0.815 -4.332 -8.095 -10.816 -11.708 -10.752 -8.576 -6.034 -3.718 -1.678 0.508 3.384 7.213 11.804 16.575 21.051 25.128 29.171 33.775 39.325 45.662 52.138 58.078 63.366 68.274 73.842 80.777 88.643 95.695 99.450 97.804 90.563 75.735 58.166 40.148 23.771 11.852 2.870 -4.269 -9.373 -15.006 -20.295 -22.852 -20.142 -10.976 3.612 20.592 35.367 45.077 49.997 52.186 51.933 51.603 52.513 54.305 55.960 56.493 55.433 52.912 49.787 47.022 45.219 44.292 43.473 41.867 38.988 34.838
-5.225 -1.363 0.980 1.165 -0.846 -4.365 -8.169 -10.950 -11.822 -10.652 -8.030 -4.911 -2.113 0.063 1.907 4.046 7.052 11.126 15.957 21.092 26.144 30.990 35.749 40.596 45.576 50.581 55.599 60.927 67.092 74.463 83.265 92.386 99.352 102.031 98.960 89.155 72.581 53.609 35.085 18.756 7.259 0.230 -5.072 -9.100 -14.682 -21.127 -26.003 -26.405 -20.485 -8.471 7.546 23.328 35.787 43.881 48.483 49.964 50.417 51.187 52.119 52.909 53.056 52.358 50.971 49.450 48.303 47.695 47.310 46.381 44.417 41.024 36.481
-4.926 -1.526 0.651 1.047 -0.473 -3.440 -6.853 -9.513 -10.485 -9.479 -6.935 -3.765 -0.882 1.249 2.807 4.473 7.035 10.964 16.172 22.132 28.143 33.626 38.294 42.182 45.556 48.970 52.967 58.192 65.167 74.082 84.242 93.945 100.440 101.956 97.272 85.673 68.890 49.694 31.336 16.551 6.431 0.401 -2.311 -5.446 -11.079 -18.694 -25.831 -29.275 -26.574 -17.180 -2.671 14.001 28.982 40.399 47.375 50.854 52.527 53.219 53.276 53.114 52.672 52.045 51.384 50.971 50.903 51.039 50.953 49.828 47.649 44.146 39.670
-4.945 -2.267 -0.295 0.493 -0.214 -2.296 -5.100 -7.615 -8.868 -8.346 -6.224 -3.243 -0.315 1.969 3.642 5.347 7.910 11.991 17.611 24.178 30.722 36.357 40.560 43.315 45.217 47.276 50.520 55.800 63.549 73.469 84.198 93.976 99.903 100.181 93.550 81.219 64.486 45.908 28.456 15.093 6.384 2.263 0.606 -2.463 -8.728 -17.693 -26.836 -32.708 -32.421 -24.842 -11.002 6.418 23.878 38.308 48.272 54.194 56.772 57.413 56.823 55.831 54.905 54.293 54.144 54.466 55.029 55.500 55.246 53.768 51.232 47.622 43.443
-5.306 -3.566 -1.893 -0.708 -0.553 -1.710 -3.916 -6.355 -7.982 -8.012 -6.289 -3.338 -0.048 2.835 5.120 7.291 10.120 14.319 20.012 26.580 32.981 38.166 41.583 43.316 44.232 45.649 48.830 54.555 62.977 73.362 83.886 92.283 96.555 95.324 87.754 75.247 58.743 40.985 24.882 12.719 5.471 2.171 0.035 -4.027 -11.616 -22.052 -32.684 -39.922 -40.667 -33.500 -19.175 -0.275 19.741 37.295 50.046 57.963 61.338 61.653 60.050 58.591 57.470 57.070 57.481 58.446 59.449 59.923 59.383 57.331 54.140 50.314 46.423
-5.956 -5.203 -3.888 -2.412 -1.557 -1.981 -3.745 -6.167 -8.087 -8.434 -6.754 -3.404 0.684 4.548 7.725 10.439 13.408 17.368 22.549 28.444 34.071 38.444 41.027 42.173 42.909 44.594 48.466 55.049 64.108 74.248 83.561 90.144 92.158 88.912 80.086 66.872 50.778 34.023 19.562 8.688 2.112 -1.545 -5.009 -10.762 -19.982 -31.665 -42.971 -50.261 -50.452 -42.162 -26.194 -5.233 17.058 37.010 51.624 60.379 63.289 63.343 61.329 59.442 58.247 58.213 59.295 61.016 62.502 62.973 61.829 59.066 55.283 51.283 47.507
-6.798 -6.832 -5.807 -4.151 -2.846 -2.817 -4.322 -6.701 -8.654 -8.886 -6.760 -2.600 2.524 7.397 11.268 14.208 16.909 20.173 24.383 29.226 33.866 37.424 39.565 40.775 42.120 44.850 49.967 57.530 66.757 75.768 82.809 86.744 86.066 80.639 70.361 56.414 40.887 25.577 12.436 2.959 -3.110 -7.215 -11.997 -19.329 -29.875 -42.176 -53.183 -59.285 -57.604 -47.053 -28.751 -5.669 18.289 39.318 54.151 61.274 63.869 63.094 60.516 57.944 56.396 56.499 58.000 60.329 62.313 62.986 61.719 58.618 54.366 50.010 46.292
-7.749 -8.164 -7.230 -5.441 -3.913 -3.683 -5.036 -7.239 -8.864 -8.515 -5.558 -0.442 5.555 10.990 14.985 17.587 19.585 21.926 25.137 29.057 32.977 36.168 38.419 40.240 42.685 46.841 53.204 61.403 70.093 77.569 82.113 83.006 79.825 72.063 60.455 46.366 31.725 17.980 6.628 -1.315 -6.391 -10.788 -16.536 -24.836 -35.986 -48.113 -57.990 -62.097 -57.877 -44.695 -24.131 0.475 25.020 45.672 59.160 65.225 65.781 62.930 58.826 55.165 52.857 52.532 54.015 56.471 58.670 59.549 58.376 55.340 51.112 46.773 43.077
-8.800 -9.136 -8.050 -6.134 -4.547 -4.277 -5.480 -7.287 -8.207 -6.915 -2.976 2.906 9.241 14.497 17.888 19.660 20.809 22.431 25.119 28.710 32.506 35.818 38.516 41.153 44.736 50.088 57.332 65.613 73.392 79.291 81.891 80.373 74.721 64.991 52.628 39.147 25.771 13.668 4.323 -2.042 -6.224 -10.225 -16.070 -24.629 -35.674 -47.018 -55.326 -57.225 -50.539 -35.143 -13.111 11.890 35.685 53.804 64.065 67.688 66.681 62.663 57.521 52.672 49.325 48.075 48.800 50.727 52.695 53.561 52.732 50.193 46.491 42.565 39.129
-10.013 -9.930 -8.536 -6.525 -5.003 -4.766 -5.734 -6.887 -6.778 -4.329 0.529 6.768 12.757 17.099 19.369 20.144 20.697 22.197 25.118 29.078 33.210 36.805 39.836 43.020 47.331 53.445 61.359 69.558 76.425 80.735 81.712 78.479 70.959 60.449 48.546 36.008 24.100 13.880 6.155 0.937 -2.668 -6.443 -12.077 -20.544 -31.109 -41.396 -48.062 -47.950 -39.308 -22.533 -0.157 23.927 44.972 59.173 66.416 68.494 66.441 62.090 56.489 51.151 47.083 44.812 44.318 45.104 46.313 47.009 46.542 44.721 41.908 38.784 35.949
-11.449 -10.822 -9.121 -7.114 -5.769 -5.590 -6.200 -6.464 -5.089 -1.399 4.210 10.384 15.475 18.498 19.489 19.509 20.051 22.162 25.951 30.619 35.027 38.501 41.291 44.363 48.890 55.553 63.868 71.867 78.318 82.079 81.781 77.271 69.374 59.322 48.050 36.593 25.803 16.538 9.433 4.349 0.441 -3.482 -9.386 -17.829 -27.830 -36.951 -41.949 -39.979 -29.777 -12.297 9.499 31.024 48.171 59.249 64.436 64.793 62.733 58.949 54.391 49.889 46.114 43.318 41.674 41.109 41.260 41.526 41.322 40.312 38.582 36.527 34.593
-13.044 -11.926 -10.036 -8.179 -7.117 -7.003 -7.157 -6.376 -3.625 1.290 7.474 13.312 17.338 18.986 18.963 18.748 19.903 23.132 27.958 33.064 37.095 39.626 41.326 43.721 48.251 55.517 64.665 73.647 80.323 83.494 82.522 77.785 69.778 60.101 49.604 38.714 28.159 18.653 10.705 4.368 -0.828 -6.105 -12.922 -21.445 -30.789 -38.475 -41.465 -37.326 -25.394 -7.261 13.551 32.287 46.106 53.556 56.206 56.151 54.622 52.486 50.182 47.874 45.511 43.032 40.769 39.111 38.256 38.030 38.000 37.728 37.035 36.077 35.142
-14.537 -13.026 -11.078 -9.491 -8.783 -8.743 -8.414 -6.579 -2.503 3.511 10.112 15.506 18.543 19.136 18.584 18.667 20.825 25.235 30.730 35.499 38.238 38.924 38.950 40.536 45.446 54.077 65.132 75.864 83.672 87.201 85.767 79.718 71.092 61.483 50.831 39.560 28.231 17.349 7.431 -1.211 -8.770 -16.014 -23.868 -32.515 -40.858 -46.547 -46.801 -39.693 -25.260 -5.847 14.282 30.717 40.843 45.326 46.014 44.966 43.781 43.505 44.050 44.623 44.402 42.970 40.744 38.522 37.033 36.485 36.613 36.892 36.959 36.804 36.676
-15.515 -13.642 -11.681 -10.393 -10.050 -10.106 -9.370 -6.643 -1.486 5.362 12.158 17.137 19.361 19.308 18.681 19.384 22.570 27.807 33.287 36.907 37.580 35.983 34.383 35.701 41.750 52.661 66.390 79.528 88.568 91.864 88.763 81.579 72.309 61.488 50.039 37.626 24.855 12.036 -0.223 -11.387 -21.347 -30.260 -39.206 -47.520 -54.378 -57.473 -54.277 -43.374 -25.544 -3.793 16.328 30.653 37.943 39.829 37.867 35.042 33.679 34.815 37.737 40.822 42.594 42.418 40.651 38.401 36.781 36.249 36.594 37.202 37.595 37.744 37.997
-15.601 -13.318 -11.293 -10.238 -10.209 -10.388 -9.409 -6.106 -0.281 6.992 13.738 18.261 19.860 19.436 18.942 20.262 24.164 29.661 34.515 36.551 35.057 31.503 29.029 31.039 39.112 52.813 69.316 84.561 94.099 95.922 91.211 82.979 71.844 59.613 46.661 33.199 19.107 4.605 -9.442 -22.385 -33.854 -44.110 -53.213 -60.807 -65.969 -66.381 -59.675 -44.844 -23.312 0.950 21.499 34.639 40.758 39.813 34.773 29.934 27.855 29.408 33.379 37.812 40.750 41.350 39.995 38.042 36.741 36.603 37.294 38.043 38.292 38.103 38.077
-14.681 -11.961 -9.802 -8.868 -9.058 -9.375 -8.345 -4.842 1.194 8.407 14.836 18.772 19.818 19.140 18.744 20.402 24.534 29.777 33.709 34.237 31.208 26.760 24.490 27.920 38.540 54.974 73.525 89.457 97.973 98.197 91.722 81.716 69.071 55.602 41.820 27.878 13.311 -1.856 -16.631 -30.543 -42.375 -53.003 -61.534 -68.428 -72.342 -70.879 -61.689 -43.961 -19.518 6.947 28.549 42.200 47.119 43.303 36.690 30.424 27.298 28.277 32.120 36.570 39.489 40.006 38.748 37.184 36.525 37.107 38.306 39.111 38.884 37.829 36.896
-13.045 -9.999 -7.712 -6.803 -7.093 -7.508 -6.551 -3.112 2.658 9.474 15.315 18.629 19.204 18.225 17.719 19.330 23.210 27.869 30.925 30.587 27.138 23.060 22.098 27.506 40.173 58.119 77.028 91.698 97.934 95.712 87.646 76.258 63.047 49.616 36.656 23.487 9.566 -5.179 -19.960 -33.725 -45.517 -55.455 -63.758 -70.482 -74.200 -72.412 -62.652 -44.056 -18.506 8.531 30.167 44.357 48.751 46.584 40.093 33.586 30.045 30.471 33.546 37.020 38.945 38.671 37.141 35.899 36.063 37.614 39.533 40.482 39.708 37.580 35.390
-11.311 -8.230 -5.928 -4.986 -5.221 -5.602 -4.661 -1.492 3.856 10.081 15.307 18.086 18.212 16.902 16.119 17.351 20.664 24.605 27.076 26.646 23.844 21.159 22.067 29.132 42.692 60.254 77.386 88.725 92.093 88.066 78.784 67.129 54.833 43.162 32.141 20.773 8.199 -5.496 -19.588 -32.777 -44.130 -54.659 -63.128 -70.343 -74.945 -74.380 -66.018 -48.759 -24.230 2.249 23.356 38.175 45.193 45.397 40.978 35.538 32.795 33.310 35.725 37.949 38.458 37.188 35.284 34.377 35.443 38.097 40.903 42.202 41.135 38.164 34.826
-10.137 -7.407 -5.258 -4.230 -4.213 -4.304 -3.289 -0.271 4.649 10.290 14.944 17.366 17.269 15.792 14.717 15.411 17.954 21.205 23.386 23.440 21.946 21.126 23.681 31.533 44.561 59.886 72.847 80.675 81.377 75.595 66.423 55.825 45.790 36.944 28.668 19.490 8.088 -5.233 -19.285 -32.465 -44.059 -54.966 -63.765 -71.647 -77.459 -78.735 -72.761 -58.170 -36.177 -10.627 10.768 26.098 34.995 37.341 35.872 33.202 32.669 34.182 36.511 37.956 37.515 35.458 33.342 32.841 34.754 38.480 42.234 44.134 43.208 39.933 36.031
-9.887 -7.821 -5.935 -4.733 -4.235 -3.805 -2.458 0.542 5.139 10.315 14.606 16.854 16.826 15.402 14.161 14.336 16.124 18.723 20.795 21.545 21.468 22.292 26.041 33.801 44.925 56.667 65.301 69.143 67.818 61.596 53.276 44.953 37.996 32.254 26.464 18.568 7.486 -6.517 -21.568 -35.656 -47.866 -58.922 -67.637 -75.499 -81.685 -83.989 -79.806 -67.664 -48.432 -25.349 -3.067 12.739 22.865 26.862 27.362 27.816 29.539 32.423 35.217 36.485 35.684 33.415 31.451 31.450 34.111 38.650 43.179 45.749 45.375 42.535 38.882
-10.413 -9.112 -7.474 -5.975 -4.822 -3.696 -1.904 1.142 5.439 10.217 14.232 16.480 16.726 15.620 14.433 14.275 15.475 17.533 19.539 20.924 22.047 24.114 28.381 35.349 44.157 52.310 57.540 58.713 55.827 49.904 43.224 37.622 33.508 30.082 25.457 17.429 5.172 -10.436 -27.204 -42.508 -55.064 -65.808 -73.527 -80.062 -84.936 -86.326 -81.973 -70.596 -52.999 -31.748 -11.913 3.631 13.123 17.984 20.237 22.225 25.241 28.994 32.228 33.707 33.118 31.259 29.887 30.517 33.717 38.619 43.480 46.477 46.797 44.959 42.391
-11.126 -10.450 -8.925 -7.057 -5.234 -3.451 -1.317 1.637 5.482 9.719 13.424 15.739 16.340 15.718 14.839 14.623 15.487 17.193 19.169 21.042 23.028 25.881 30.321 36.414 43.254 48.965 52.139 52.087 48.890 44.092 39.471 36.046 33.570 30.760 25.383 15.770 1.425 -16.141 -34.290 -50.492 -63.649 -72.662 -78.577 -82.647 -84.595 -82.976 -76.052 -63.071 -45.175 -25.351 -7.361 5.839 13.320 16.239 17.016 18.427 21.340 25.270 28.751 30.435 30.336 29.403 28.981 30.331 33.841 38.645 43.223 46.173 47.007 46.275 45.198
-11.311 -10.966 -9.427 -7.227 -4.953 -2.820 -0.674 1.863 4.998 8.480 11.684 13.935 14.904 14.859 14.447 14.444 15.271 16.883 18.946 21.224 23.842 27.231 31.777 37.287 43.059 47.823 50.532 50.593 48.472 45.406 42.473 40.034 37.541 33.331 25.827 13.713 -2.761 -21.704 -40.325 -56.694 -69.154 -76.850 -80.986 -82.472 -80.916 -75.088 -63.829 -47.188 -27.052 -6.830 9.405 19.778 23.786 22.792 20.610 19.541 20.321 22.364 25.042 27.082 27.892 28.206 28.981 31.132 34.789 39.081 42.834 45.155 45.969 46.044 46.392
-10.519 -10.240 -8.653 -6.341 -3.990 -1.962 -0.238 1.554 3.748 6.335 8.930 11.012 12.251 12.704 12.833 13.228 14.284 16.061 18.372 21.060 24.176 27.974 32.631 37.974 43.599 48.509 51.897 53.265 52.984 51.601 49.535 46.767 42.756 36.266 25.993 11.361 -6.511 -25.649 -43.706 -59.052 -71.211 -78.153 -81.700 -81.803 -77.558 -67.688 -51.568 -30.199 -6.508 14.749 28.533 34.960 36.151 31.710 26.334 22.235 20.485 20.761 22.392 24.543 26.312 27.884 29.942 32.884 36.547 40.169 42.834 44.126 44.457 44.742 45.954
-8.871 -8.504 -6.974 -4.847 -2.822 -1.325 -0.325 0.585 1.848 3.626 5.690 7.603 9.006 9.860 10.467 11.294 12.703 14.799 17.464 20.547 24.012 28.010 32.685 38.031 43.817 49.317 53.814 56.910 58.257 58.062 56.159 52.424 47.002 37.692 24.609 8.525 -9.601 -27.904 -44.735 -59.588 -70.850 -78.904 -83.836 -84.567 -79.340 -66.602 -46.172 -20.052 6.920 28.220 43.263 48.469 45.600 38.651 30.851 24.566 20.971 20.171 21.624 23.637 26.316 28.826 31.679 35.068 38.601 41.583 43.330 43.684 43.300 43.299 44.697
-6.966 -6.488 -5.127 -3.431 -2.025 -1.254 -0.996 -0.772 -0.092 1.257 3.087 4.970 6.516 7.615 8.501 9.606 11.276 13.646 16.610 19.948 23.510 27.394 31.742 36.759 42.309 47.953 53.242 57.614 60.385 61.033 59.057 55.293 47.525 36.000 21.437 4.996 -12.389 -29.157 -44.691 -59.009 -71.406 -82.277 -90.431 -93.550 -88.886 -74.537 -50.733 -20.458 9.661 33.350 48.372 52.553 48.986 41.667 32.842 25.636 21.674 20.957 22.534 24.897 27.822 30.639 33.618 36.910 40.150 42.633 43.863 43.743 42.948 42.607 43.753
-5.578 -4.998 -3.849 -2.648 -1.884 -1.722 -1.913 -1.899 -1.230 0.236 2.235 4.268 5.905 7.036 7.914 8.991 10.674 13.111 16.155 19.482 22.819 26.184 29.713 33.687 38.274 43.526 49.025 54.006 57.479 58.567 57.272 52.704 43.905 31.374 16.634 0.688 -15.284 -30.559 -45.145 -60.218 -75.416 -90.144 -102.289 -108.337 -104.682 -89.212 -62.642 -28.890 5.587 32.563 47.506 51.683 48.709 40.804 32.160 25.736 22.833 23.258 25.546 28.403 30.992 33.128 35.276 37.739 40.363 42.541 43.824 43.909 43.316 42.981 43.846
-5.205 -4.503 -3.497 -2.649 -2.278 -2.360 -2.519 -2.189 -1.012 1.002 3.437 5.706 7.348 8.289 8.847 9.576 10.977 13.202 16.059 19.114 21.998 24.552 26.904 29.461 32.690 36.871 41.749 46.600 50.529 52.670 51.515 46.472 37.561 25.325 11.106 -3.861 -18.662 -33.302 -48.422 -65.273 -83.554 -102.027 -117.478 -125.477 -121.921 -104.799 -75.450 -38.683 -1.544 28.503 45.942 50.764 46.575 37.993 30.559 25.792 24.740 26.757 30.182 33.304 35.105 35.901 36.402 37.368 38.999 40.911 42.584 43.480 43.728 43.934 44.839
-5.890 -5.026 -4.007 -3.227 -2.853 -2.726 -2.409 -1.409 0.500 3.136 5.964 8.335 9.819 10.404 10.499 10.727 11.644 13.461 15.955 18.626 20.999 22.795 24.119 25.458 27.408 30.415 34.437 38.909 42.892 44.982 44.014 39.228 30.766 19.253 5.825 -8.256 -22.639 -37.697 -54.375 -73.515 -94.622 -115.670 -132.636 -140.590 -135.392 -115.472 -82.934 -43.390 -4.455 25.925 42.437 46.360 43.652 36.290 29.798 26.423 27.024 30.543 34.904 38.184 39.364 38.493 37.023 36.148 36.543 38.062 40.125 42.039 43.480 44.589 45.882
-7.241 -6.213 -5.042 -4.048 -3.307 -2.620 -1.594 0.128 2.626 5.599 8.475 10.662 11.794 11.966 11.641 11.457 11.962 13.373 15.489 17.830 19.876 21.317 22.241 23.083 24.456 26.818 30.199 34.061 37.491 39.193 37.998 33.317 25.077 14.009 1.169 -12.647 -27.403 -43.573 -62.044 -83.509 -106.547 -128.493 -144.895 -150.735 -142.218 -118.458 -82.355 -40.189 0.081 29.278 46.247 50.560 44.999 37.511 30.923 27.831 28.985 33.193 38.165 41.672 42.472 40.476 37.489 35.029 34.155 35.042 37.236 39.892 42.337 44.330 46.116
-8.715 -7.609 -6.254 -4.887 -3.571 -2.164 -0.425 1.812 4.496 7.313 9.785 11.483 12.196 12.086 11.592 11.279 11.623 12.796 14.651 16.803 18.830 20.485 21.820 23.158 24.938 27.431 30.574 33.850 36.325 36.886 34.632 29.071 20.415 9.227 -3.661 -17.686 -33.150 -50.560 -70.691 -93.779 -117.444 -138.753 -153.000 -155.364 -142.604 -114.572 -74.862 -30.218 11.035 38.751 53.103 57.967 51.997 42.653 34.650 30.269 30.429 34.190 39.182 42.938 43.897 41.839 38.358 35.125 33.346 33.422 35.226 37.954 40.764 43.160 45.189
