Data/data_grav_rasters/EIGEN-6C4_gravity_ell.asc
ncols         159
nrows         172
xllcorner     32.4820794100
yllcorner     29.1707288100
cellsize      0.0259688
nodata_value  9999999
[rows 0 to 24 of 172, columns 57 to 113 of 159]
979573.561 979573.301 979574.004 979575.434 979577.027 979578.167 979578.462 979577.892 979576.767 979575.541 979574.582 979574.025 979573.768 979573.582 979573.270 979572.770 979572.161 979571.584 979571.142 979570.840 979570.601 979570.330 979569.993 979569.647 979569.419 979569.445 979569.804 979570.501 979571.465 979572.593 979573.781 979574.946 979576.043 979577.083 979578.146 979579.385 979580.975 979583.032 979585.511 979588.158 979590.571 979592.370 979593.427 979594.025 979594.858 979596.812 979600.624 979606.564 979614.313 979623.110 979632.106 979640.741 979648.939 979657.016 979665.357 979674.089 979682.946
979573.330 979573.421 979574.233 979575.511 979576.770 979577.541 979577.591 979577.010 979576.123 979575.293 979574.731 979574.414 979574.149 979573.719 979573.034 979572.177 979571.343 979570.705 979570.301 979570.017 979569.678 979569.178 979568.583 979568.122 979568.080 979568.641 979569.781 979571.272 979572.789 979574.071 979575.043 979575.833 979576.686 979577.825 979579.342 979581.163 979583.108 979584.996 979586.731 979588.335 979589.933 979591.698 979593.811 979596.450 979599.784 979603.958 979609.051 979615.029 979621.714 979628.820 979636.032 979643.104 979649.923 979656.508 979662.954 979669.400 979676.040
979573.257 979573.638 979574.480 979575.515 979576.364 979576.735 979576.576 979576.077 979575.538 979575.180 979575.018 979574.863 979574.456 979573.645 979572.498 979571.278 979570.296 979569.724 979569.495 979569.346 979568.991 979568.322 979567.522 979567.007 979567.211 979568.352 979570.284 979572.537 979574.543 979575.909 979576.612 979576.994 979577.574 979578.755 979580.604 979582.818 979584.888 979586.391 979587.237 979587.768 979588.628 979590.504 979593.837 979598.657 979604.610 979611.131 979617.685 979623.942 979629.819 979635.391 979640.749 979645.881 979650.673 979655.026 979659.044 979663.193 979668.346
979573.411 979573.973 979574.790 979575.577 979576.041 979576.048 979575.697 979575.248 979574.961 979574.921 979574.975 979574.814 979574.165 979572.970 979571.457 979570.040 979569.098 979568.767 979568.855 979568.956 979568.696 979567.986 979567.122 979566.669 979567.176 979568.858 979571.445 979574.271 979576.583 979577.908 979578.295 979578.273 979578.567 979579.700 979581.696 979584.061 979586.046 979587.081 979587.142 979586.860 979587.305 979589.538 979594.144 979600.979 979609.230 979617.765 979625.586 979632.153 979637.462 979641.844 979645.648 979649.000 979651.798 979653.953 979655.758 979658.150 979662.665
979573.894 979574.587 979575.407 979576.033 979576.221 979575.936 979575.375 979574.839 979574.557 979574.532 979574.525 979574.192 979573.296 979571.873 979570.257 979568.923 979568.245 979568.278 979568.721 979569.082 979568.961 979568.317 979567.536 979567.271 979568.101 979570.197 979573.184 979576.275 979578.635 979579.796 979579.886 979579.561 979579.651 979580.710 979582.703 979585.014 979586.786 979587.425 979587.017 979586.413 979586.930 979589.792 979595.579 979603.942 979613.738 979623.494 979631.982 979638.616 979643.497 979647.129 979649.985 979652.225 979653.720 979654.417 979654.808 979656.212 979660.609
979574.757 979575.605 979576.507 979577.102 979577.154 979576.668 979575.880 979575.106 979574.566 979574.252 979573.944 979573.349 979572.305 979570.911 979569.514 979568.540 979568.262 979568.636 979569.301 979569.771 979569.714 979569.170 979568.582 979568.596 979569.722 979572.036 979575.090 979578.079 979580.225 979581.150 979581.070 979580.678 979580.778 979581.848 979583.770 979585.891 979587.394 979587.798 979587.333 979586.970 979588.066 979591.772 979598.499 979607.692 979618.034 979627.973 979636.325 979642.633 979647.156 979650.496 979653.137 979655.164 979656.365 979656.661 979656.627 979657.728 979662.043
979575.895 979576.908 979577.931 979578.579 979578.610 979578.028 979577.054 979575.988 979575.052 979574.284 979573.559 979572.707 979571.660 979570.539 979569.608 979569.140 979569.242 979569.770 979570.377 979570.693 979570.545 979570.090 979569.772 979570.125 979571.484 979573.787 979576.553 979579.085 979580.792 979581.479 979581.444 979581.317 979581.727 979582.961 979584.797 979586.629 979587.821 979588.135 979587.975 979588.335 979590.410 979595.069 979602.427 979611.743 979621.692 979630.894 979638.434 979644.123 979648.383 979651.838 979654.874 979657.431 979659.166 979659.927 979660.235 979661.447 979665.406
979577.037 979578.109 979579.162 979579.834 979579.897 979579.332 979578.304 979577.053 979575.780 979574.581 979573.461 979572.408 979571.460 979570.727 979570.338 979570.348 979570.669 979571.082 979571.327 979571.244 979570.888 979570.532 979570.567 979571.310 979572.836 979574.911 979577.076 979578.851 979579.959 979580.456 979580.700 979581.158 979582.151 979583.674 979585.388 979586.808 979587.613 979587.906 979588.291 979589.694 979592.998 979598.637 979606.363 979615.298 979624.263 979632.231 979638.694 979643.762 979647.956 979651.806 979655.513 979658.842 979661.359 979662.866 979663.788 979665.225 979668.567
979577.873 979578.764 979579.618 979580.169 979580.241 979579.799 979578.915 979577.715 979576.323 979574.856 979573.438 979572.221 979571.360 979570.963 979571.012 979571.343 979571.684 979571.769 979571.476 979570.900 979570.342 979570.175 979570.670 979571.857 979573.496 979575.179 979576.521 979577.349 979577.776 979578.145 979578.840 979580.081 979581.786 979583.603 979585.084 979585.942 979586.262 979586.557 979587.627 979590.265 979594.933 979601.557 979609.517 979617.876 979625.717 979632.468 979638.051 979642.800 979647.189 979651.518 979655.731 979659.462 979662.307 979664.166 979665.454 979667.014 979669.725
979578.264 979578.687 979579.066 979579.290 979579.290 979579.032 979578.479 979577.584 979576.329 979574.786 979573.158 979571.749 979570.853 979570.606 979570.893 979571.368 979571.605 979571.316 979570.516 979569.546 979568.923 979569.079 979570.129 979571.788 979573.497 979574.701 979575.135 979574.971 979574.735 979575.040 979576.255 979578.299 979580.654 979582.625 979583.703 979583.866 979583.662 979584.028 979585.923 979589.936 979596.054 979603.672 979611.849 979619.673 979626.576 979632.466 979637.628 979642.472 979647.253 979651.910 979656.104 979659.429 979661.692 979663.094 979664.209 979665.718 979668.041
979578.355 979578.126 979577.828 979577.545 979577.359 979577.265 979577.120 979576.679 979575.725 979574.227 979572.419 979570.741 979569.640 979569.335 979569.675 979570.193 979570.342 979569.805 979568.696 979567.542 979567.019 979567.582 979569.188 979571.268 979572.999 979573.725 979573.322 979572.294 979571.531 979571.855 979573.568 979576.273 979579.053 979580.941 979581.449 979580.879 979580.250 979580.879 979583.803 979589.335 979596.948 979605.540 979613.924 979621.307 979627.521 979632.927 979638.071 979643.288 979648.471 979653.125 979656.653 979658.733 979659.552 979659.783 979660.280 979661.654 979663.923
979578.489 979577.626 979576.612 979575.730 979575.234 979575.187 979575.367 979575.347 979574.704 979573.269 979571.272 979569.260 979567.840 979567.347 979567.651 979568.215 979568.391 979567.810 979566.622 979565.461 979565.099 979566.002 979568.010 979570.360 979572.051 979572.384 979571.369 979569.769 979568.731 979569.181 979571.311 979574.434 979577.327 979578.875 979578.713 979577.503 979576.696 979577.886 979582.078 979589.230 979598.296 979607.737 979616.216 979623.139 979628.763 979633.857 979639.123 979644.717 979650.114 979654.399 979656.809 979657.219 979656.295 979655.222 979655.127 979656.507 979658.968
979578.940 979577.648 979576.046 979574.578 979573.668 979573.476 979573.764 979573.979 979573.529 979572.118 979569.940 979567.617 979565.884 979565.197 979565.472 979566.135 979566.452 979565.975 979564.835 979563.698 979563.395 979564.409 979566.541 979568.940 979570.537 979570.633 979569.335 979567.553 979566.545 979567.232 979569.657 979572.911 979575.591 979576.585 979575.740 979574.082 979573.404 979575.446 979581.057 979589.787 979600.101 979610.114 979618.447 979624.771 979629.757 979634.514 979639.822 979645.613 979650.975 979654.682 979655.936 979654.904 979652.732 979651.005 979650.940 979652.735 979655.471
979579.655 979578.216 979576.249 979574.295 979572.916 979572.390 979572.526 979572.736 979572.334 979570.923 979568.646 979566.142 979564.220 979563.417 979563.696 979564.468 979564.936 979564.573 979563.458 979562.248 979561.802 979562.647 979564.615 979566.872 979568.363 979568.418 979567.181 979565.587 979564.865 979565.834 979568.384 979571.469 979573.656 979573.956 979572.492 979570.605 979570.311 979573.348 979580.316 979590.351 979601.514 979611.711 979619.631 979625.247 979629.602 979634.046 979639.353 979645.220 979650.436 979653.620 979654.089 979652.368 979650.011 979648.797 979649.750 979652.506 979655.452
979580.200 979578.843 979576.747 979574.469 979572.652 979571.685 979571.483 979571.510 979571.068 979569.700 979567.476 979564.989 979563.041 979562.196 979562.452 979563.238 979563.736 979563.377 979562.189 979560.800 979560.075 979560.588 979562.242 979564.283 979565.720 979565.915 979564.992 979563.810 979563.470 979564.640 979567.089 979569.735 979571.237 979570.819 979568.874 979566.970 979567.197 979571.167 979579.181 979590.024 979601.509 979611.497 979618.864 979623.894 979627.914 979632.377 979637.937 979644.035 979649.243 979652.166 979652.369 979650.778 979649.265 979649.609 979652.392 979656.484 979659.466
979579.973 979578.811 979576.789 979574.392 979572.266 979570.887 979570.297 979570.080 979569.596 979568.364 979566.362 979564.070 979562.206 979561.314 979561.427 979562.037 979562.381 979561.903 979560.605 979559.070 979558.134 979558.384 979559.786 979561.678 979563.148 979563.583 979563.054 979562.291 979562.230 979563.397 979565.502 979567.529 979568.314 979567.321 979565.155 979563.474 979564.290 979568.990 979577.586 979588.638 979599.903 979609.391 979616.271 979621.126 979625.442 979630.603 979637.003 979643.764 979649.273 979652.203 979652.443 979651.334 979651.013 979653.160 979657.835 979663.116 979665.832
979578.552 979577.611 979575.825 979573.533 979571.304 979569.647 979568.732 979568.301 979567.818 979566.803 979565.130 979563.120 979561.357 979560.333 979560.135 979560.380 979560.436 979559.824 979558.537 979557.085 979556.218 979556.473 979557.833 979559.709 979561.266 979561.917 979561.680 979561.157 979561.140 979562.065 979563.664 979565.065 979565.329 979564.131 979562.177 979561.063 979562.583 979567.827 979576.567 979587.287 979597.888 979606.707 979613.286 979618.480 979623.803 979630.412 979638.299 979646.193 979652.267 979655.269 979655.405 979654.409 979654.661 979657.774 979663.410 979669.058 979671.040
979575.933 979575.217 979573.796 979571.805 979569.672 979567.888 979566.737 979566.127 979565.660 979564.875 979563.543 979561.808 979560.100 979558.856 979558.245 979558.056 979557.844 979557.239 979556.224 979555.192 979554.739 979555.288 979556.795 979558.724 979560.324 979561.057 979560.910 979560.393 979560.203 979560.750 979561.860 979562.860 979563.038 979562.217 979561.084 979561.022 979563.487 979569.236 979577.852 979587.875 979597.509 979605.531 979611.905 979617.709 979624.402 979632.814 979642.466 979651.655 979658.311 979661.201 979660.761 979659.026 979658.600 979661.128 979666.125 979670.867 979671.544
979572.498 979572.024 979571.035 979569.444 979567.503 979565.659 979564.291 979563.481 979562.977 979562.360 979561.313 979559.816 979558.146 979556.700 979555.740 979555.243 979554.957 979554.609 979554.139 979553.781 979553.930 979554.867 979556.516 979558.411 979559.914 979560.563 979560.348 979559.717 979559.304 979559.543 979560.395 979561.408 979562.079 979562.307 979562.653 979564.178 979567.920 979574.283 979582.706 979591.867 979600.342 979607.385 979613.363 979619.538 979627.280 979637.107 979648.127 979658.268 979665.243 979667.774 979666.379 979663.234 979661.067 979661.623 979664.523 979667.213 979666.142
979568.724 979568.491 979567.895 979566.646 979564.835 979562.869 979561.215 979560.124 979559.495 979558.967 979558.158 979556.907 979555.367 979553.898 979552.843 979552.336 979552.269 979552.413 979552.619 979552.938 979553.570 979554.688 979556.236 979557.876 979559.124 979559.619 979559.352 979558.702 979558.241 979558.429 979559.378 979560.856 979562.543 979564.368 979566.696 979570.204 979575.482 979582.588 979590.851 979599.107 979606.298 979612.101 979617.210 979623.021 979630.837 979640.982 979652.343 979662.680 979669.603 979671.770 979669.627 979665.259 979661.321 979659.599 979659.941 979660.211 979657.390
979564.859 979564.781 979564.402 979563.287 979561.422 979559.198 979557.172 979555.744 979554.952 979554.490 979553.936 979553.025 979551.808 979550.608 979549.815 979549.651 979550.068 979550.808 979551.597 979552.313 979553.026 979553.895 979554.982 979556.149 979557.099 979557.555 979557.464 979557.081 979556.879 979557.322 979558.668 979560.905 979563.886 979567.539 979572.007 979577.570 979584.386 979592.204 979600.276 979607.604 979613.438 979617.769 979621.492 979626.065 979632.759 979641.871 979652.335 979662.027 979668.667 979670.901 979668.986 979664.668 979660.267 979657.412 979656.107 979654.680 979650.720
979560.791 979560.668 979560.229 979558.983 979556.877 979554.318 979551.938 979550.245 979549.371 979549.051 979548.836 979548.387 979547.688 979547.026 979546.794 979547.229 979548.254 979549.520 979550.616 979551.298 979551.609 979551.808 979552.179 979552.831 979553.639 979554.350 979554.779 979554.983 979555.283 979556.142 979557.971 979560.993 979565.228 979570.593 979576.992 979584.316 979592.333 979600.554 979608.224 979614.535 979619.003 979621.820 979623.942 979626.778 979631.558 979638.670 979647.333 979655.825 979662.217 979665.263 979664.987 979662.619 979659.886 979658.006 979656.937 979655.338 979651.306
979556.201 979555.772 979555.010 979553.449 979551.058 979548.267 979545.741 979544.025 979543.276 979543.236 979543.432 979543.496 979543.378 979543.346 979543.776 979544.859 979546.434 979548.032 979549.120 979549.407 979549.003 979548.367 979548.050 979548.401 979549.399 979550.711 979551.930 979552.857 979553.658 979554.828 979556.981 979560.599 979565.872 979572.663 979580.601 979589.178 979597.815 979605.877 979612.719 979617.814 979620.967 979622.510 979623.337 979624.665 979627.585 979632.575 979639.239 979646.431 979652.764 979657.248 979659.726 979660.859 979661.638 979662.674 979663.676 979663.433 979660.380
979550.898 979549.963 979548.749 979546.877 979544.366 979541.648 979539.350 979537.960 979537.587 979537.935 979538.522 979538.988 979539.304 979539.754 979540.699 979542.271 979544.206 979545.919 979546.798 979546.564 979545.461 979544.175 979543.503 979543.950 979545.492 979547.615 979549.632 979551.098 979552.095 979553.246 979555.451 979559.488 979565.674 979573.740 979582.943 979592.322 979600.968 979608.202 979613.641 979617.198 979619.080 979619.785 979620.063 979620.792 979622.749 979626.350 979631.497 979637.626 979643.970 979649.913 979655.243 979660.145 979664.909 979669.509 979673.308 979675.092 979673.489
979545.079 979543.601 979541.998 979540.008 979537.694 979535.443 979533.768 979533.019 979533.187 979533.918 979534.739 979535.345 979535.783 979536.394 979537.548 979539.336 979541.407 979543.088 979543.735 979543.117 979541.620 979540.116 979539.554 979540.481 979542.752 979545.610 979548.105 979549.637 979550.342 979551.112 979553.222 979557.746 979565.052 979574.600 979585.131 979595.134 979603.359 979609.169 979612.603 979614.210 979614.765 979615.022 979615.584 979616.868 979619.133 979622.492 979626.919 979632.271 979638.342 979644.948 979651.971 979659.322 979666.789 979673.855 979679.606 979682.821 979682.280
