Data/data_grav_rasters/EIGEN-6C4_gravity_ell.asc
ncols         159
nrows         172
xllcorner     32.4820794100
yllcorner     29.1707288100
cellsize      0.0259688
nodata_value  9999999
[rows 50 to 74 of 172, columns 0 to 56 of 159]
979489.702 979492.611 979495.596 979498.453 979500.978 979503.020 979504.554 979505.719 979506.778 979507.993 979509.486 979511.143 979512.661 979513.695 979514.061 979513.862 979513.464 979513.328 979513.770 979514.792 979516.073 979517.121 979517.512 979517.080 979515.963 979514.489 979512.994 979511.663 979510.501 979509.410 979508.319 979507.256 979506.323 979505.589 979505.004 979504.396 979503.577 979502.493 979501.312 979500.360 979499.932 979500.072 979500.473 979500.570 979499.809 979497.949 979495.219 979492.240 979489.727 979488.149 979487.516 979487.417 979487.282 979486.696 979485.601 979484.255 979483.006
979488.148 979491.265 979494.325 979497.134 979499.541 979501.461 979502.919 979504.069 979505.154 979506.404 979507.912 979509.557 979511.042 979512.035 979512.345 979512.051 979511.481 979511.069 979511.138 979511.742 979512.645 979513.446 979513.787 979513.516 979512.725 979511.663 979510.570 979509.551 979508.559 979507.481 979506.254 979504.933 979503.665 979502.580 979501.702 979500.932 979500.134 979499.268 979498.458 979497.942 979497.916 979498.345 979498.897 979499.036 979498.273 979496.426 979493.749 979490.839 979488.367 979486.762 979486.035 979485.814 979485.588 979484.979 979483.912 979482.584 979481.268
979486.497 979489.543 979492.507 979495.229 979497.595 979499.537 979501.065 979502.290 979503.414 979504.647 979506.102 979507.707 979509.214 979510.302 979510.737 979510.513 979509.868 979509.185 979508.811 979508.894 979509.329 979509.832 979510.096 979509.944 979509.386 979508.571 979507.666 979506.756 979505.818 979504.770 979503.570 979502.263 979500.970 979499.811 979498.833 979497.997 979497.241 979496.563 979496.069 979495.922 979496.212 979496.831 979497.434 979497.547 979496.784 979495.044 979492.597 979489.976 979487.731 979486.185 979485.304 979484.766 979484.170 979483.257 979482.020 979480.642 979479.328
979484.755 979487.407 979490.067 979492.638 979495.028 979497.132 979498.869 979500.243 979501.377 979502.473 979503.710 979505.132 979506.594 979507.814 979508.507 979508.541 979508.020 979507.244 979506.571 979506.251 979506.321 979506.608 979506.838 979506.778 979506.334 979505.562 979504.602 979503.587 979502.589 979501.609 979500.628 979499.640 979498.666 979497.734 979496.859 979496.037 979495.285 979494.674 979494.330 979494.368 979494.801 979495.461 979496.014 979496.071 979495.361 979493.868 979491.850 979489.723 979487.860 979486.420 979485.303 979484.247 979483.014 979481.537 979479.948 979478.461 979477.216
979483.170 979485.218 979487.425 979489.782 979492.217 979494.554 979496.571 979498.113 979499.192 979499.999 979500.811 979501.837 979503.090 979504.365 979505.339 979505.751 979505.543 979504.904 979504.179 979503.698 979503.617 979503.853 979504.143 979504.183 979503.773 979502.899 979501.715 979500.460 979499.346 979498.490 979497.889 979497.451 979497.042 979496.543 979495.889 979495.092 979494.253 979493.541 979493.134 979493.140 979493.524 979494.090 979494.531 979494.547 979493.977 979492.866 979491.431 979489.936 979488.543 979487.229 979485.825 979484.145 979482.143 979479.981 979477.956 979476.336 979475.198
979482.032 979483.494 979485.226 979487.330 979489.768 979492.302 979494.567 979496.233 979497.182 979497.582 979497.808 979498.248 979499.100 979500.269 979501.428 979502.204 979502.384 979502.037 979501.465 979501.045 979501.016 979501.357 979501.800 979501.971 979501.580 979500.567 979499.126 979497.618 979496.410 979495.725 979495.570 979495.749 979495.964 979495.931 979495.496 979494.682 979493.672 979492.737 979492.124 979491.957 979492.184 979492.598 979492.927 979492.952 979492.597 979491.939 979491.130 979490.277 979489.343 979488.147 979486.471 979484.219 979481.530 979478.769 979476.379 979474.661 979473.623
979481.454 979482.575 979483.948 979485.789 979488.130 979490.722 979493.104 979494.800 979495.570 979495.535 979495.134 979494.905 979495.218 979496.103 979497.264 979498.259 979498.756 979498.712 979498.373 979498.125 979498.253 979498.772 979499.408 979499.734 979499.398 979498.313 979496.713 979495.057 979493.829 979493.329 979493.559 979494.236 979494.927 979495.229 979494.927 979494.060 979492.882 979491.745 979490.949 979490.630 979490.727 979491.032 979491.307 979491.392 979491.264 979491.007 979490.705 979490.337 979489.723 979488.589 979486.712 979484.085 979480.987 979477.915 979475.376 979473.656 979472.684
979481.270 979482.418 979483.632 979485.226 979487.341 979489.794 979492.107 979493.728 979494.314 979493.919 979492.989 979492.146 979491.887 979492.359 979493.323 979494.324 979494.964 979495.117 979494.970 979494.888 979495.168 979495.844 979496.641 979497.114 979496.886 979495.856 979494.276 979492.646 979491.496 979491.152 979491.600 979492.512 979493.398 979493.817 979493.551 979492.669 979491.466 979490.325 979489.547 979489.252 979489.360 979489.664 979489.953 979490.105 979490.123 979490.077 979490.002 979489.804 979489.250 979488.058 979486.054 979483.311 979480.181 979477.184 979474.790 979473.200 979472.261
979481.108 979482.622 979483.880 979485.267 979487.053 979489.184 979491.259 979492.722 979493.164 979492.558 979491.297 979490.008 979489.249 979489.257 979489.871 979490.677 979491.269 979491.474 979491.429 979491.452 979491.821 979492.571 979493.447 979494.026 979493.943 979493.100 979491.731 979490.311 979489.331 979489.084 979489.541 979490.384 979491.162 979491.497 979491.231 979490.468 979489.502 979488.666 979488.200 979488.162 979488.440 979488.834 979489.159 979489.319 979489.321 979489.214 979489.002 979488.586 979487.770 979486.354 979484.260 979481.628 979478.807 979476.234 979474.243 979472.900 979471.977
979480.597 979482.655 979484.102 979485.344 979486.773 979488.495 979490.241 979491.514 979491.881 979491.229 979489.857 979488.330 979487.204 979486.772 979486.960 979487.437 979487.840 979487.992 979487.979 979488.058 979488.456 979489.199 979490.063 979490.685 979490.752 979490.182 979489.171 979488.102 979487.359 979487.153 979487.439 979487.968 979488.419 979488.561 979488.343 979487.895 979487.448 979487.213 979487.298 979487.669 979488.186 979488.672 979488.983 979489.047 979488.860 979488.441 979487.781 979486.825 979485.483 979483.700 979481.522 979479.136 979476.826 979474.870 979473.409 979472.358 979471.438
979479.576 979482.135 979483.816 979484.996 979486.141 979487.492 979488.923 979490.028 979490.383 979489.811 979488.500 979486.917 979485.569 979484.769 979484.530 979484.623 979484.771 979484.821 979484.821 979484.949 979485.360 979486.052 979486.838 979487.439 979487.627 979487.355 979486.768 979486.122 979485.647 979485.444 979485.460 979485.553 979485.592 979485.541 979485.472 979485.512 979485.772 979486.283 979486.981 979487.740 979488.417 979488.894 979489.095 979488.976 979488.509 979487.667 979486.434 979484.813 979482.854 979480.668 979478.428 979476.336 979474.575 979473.233 979472.253 979471.431 979470.484
979478.196 979481.008 979482.860 979484.052 979485.050 979486.162 979487.364 979488.341 979488.711 979488.266 979487.107 979485.591 979484.149 979483.086 979482.475 979482.200 979482.083 979482.024 979482.046 979482.248 979482.694 979483.338 979484.023 979484.558 979484.819 979484.808 979484.626 979484.396 979484.185 979483.975 979483.710 979483.371 979483.035 979482.864 979483.033 979483.632 979484.613 979485.799 979486.963 979487.915 979488.558 979488.880 979488.897 979488.591 979487.893 979486.714 979485.011 979482.845 979480.397 979477.929 979475.707 979473.920 979472.627 979471.736 979471.043 979470.291 979469.257
979476.868 979479.555 979481.411 979482.631 979483.599 979484.599 979485.645 979486.497 979486.840 979486.485 979485.487 979484.112 979482.700 979481.509 979480.638 979480.060 979479.704 979479.540 979479.592 979479.892 979480.414 979481.051 979481.656 979482.112 979482.398 979482.573 979482.712 979482.829 979482.845 979482.636 979482.147 979481.473 979480.874 979480.673 979481.109 979482.203 979483.738 979485.348 979486.684 979487.554 979487.961 979488.029 979487.871 979487.483 979486.732 979485.441 979483.529 979481.098 979478.438 979475.922 979473.862 979472.394 979471.444 979470.780 979470.121 979469.246 979468.055
979476.117 979478.271 979479.885 979481.038 979481.975 979482.877 979483.736 979484.370 979484.557 979484.179 979483.299 979482.117 979480.869 979479.724 979478.759 979477.994 979477.455 979477.198 979477.279 979477.693 979478.335 979479.029 979479.609 979480.008 979480.283 979480.557 979480.905 979481.266 979481.455 979481.272 979480.657 979479.792 979479.066 979478.908 979479.572 979480.993 979482.805 979484.510 979485.709 979486.271 979486.333 979486.163 979485.945 979485.653 979485.058 979483.886 979482.014 979479.587 979476.985 979474.654 979472.904 979471.780 979471.069 979470.439 979469.610 979468.469 979467.089
979476.397 979477.685 979478.777 979479.654 979480.397 979481.049 979481.547 979481.758 979481.578 979481.011 979480.169 979479.214 979478.264 979477.363 979476.507 979475.717 979475.091 979474.780 979474.903 979475.453 979476.266 979477.093 979477.726 979478.110 979478.358 979478.653 979479.095 979479.597 979479.915 979479.797 979479.178 979478.286 979477.574 979477.511 979478.328 979479.876 979481.687 979483.202 979484.050 979484.209 979483.963 979483.687 979483.585 979483.553 979483.242 979482.281 979480.532 979478.204 979475.773 979473.741 979472.378 979471.607 979471.078 979470.384 979469.295 979467.860 979466.341
979477.961 979478.206 979478.534 979478.864 979479.141 979479.272 979479.138 979478.658 979477.864 979476.907 979475.987 979475.244 979474.681 979474.184 979473.627 979472.989 979472.412 979472.138 979472.361 979473.099 979474.148 979475.184 979475.941 979476.350 979476.558 979476.809 979477.251 979477.814 979478.240 979478.250 979477.766 979477.015 979476.458 979476.544 979477.454 979478.974 979480.586 979481.745 979482.166 979481.964 979481.549 979481.346 979481.513 979481.817 979481.770 979480.925 979479.169 979476.819 979474.474 979472.687 979471.678 979471.234 979470.860 979470.097 979468.786 979467.147 979465.620
979480.772 979479.997 979479.435 979479.001 979478.555 979477.909 979476.902 979475.505 979473.883 979472.339 979471.177 979470.538 979470.327 979470.278 979470.125 979469.780 979469.399 979469.292 979469.724 979470.735 979472.090 979473.394 979474.312 979474.752 979474.891 979475.036 979475.408 979475.987 979476.529 979476.746 979476.533 979476.084 979475.813 979476.117 979477.111 979478.534 979479.866 979480.625 979480.649 979480.189 979479.746 979479.746 979480.242 979480.843 979480.922 979479.985 979477.986 979475.389 979472.935 979471.240 979470.471 979470.280 979470.044 979469.255 979467.829 979466.139 979464.768
979484.494 979482.893 979481.482 979480.225 979478.964 979477.456 979475.509 979473.129 979470.579 979468.298 979466.693 979465.938 979465.885 979466.155 979466.368 979466.364 979466.288 979466.481 979467.245 979468.621 979470.331 979471.913 979472.973 979473.401 979473.412 979473.391 979473.644 979474.217 979474.898 979475.389 979475.548 979475.513 979475.630 979476.219 979477.332 979478.672 979479.740 979480.138 979479.828 979479.182 979478.766 979478.973 979479.740 979480.522 979480.575 979479.384 979476.990 979474.007 979471.313 979469.581 979468.930 979468.898 979468.757 979467.969 979466.521 979464.909 979463.809
979488.527 979486.393 979484.332 979482.403 979480.477 979478.283 979475.584 979472.377 979468.969 979465.892 979463.656 979462.502 979462.292 979462.610 979463.012 979463.285 979463.545 979464.121 979465.299 979467.087 979469.146 979470.951 979472.071 979472.400 979472.210 979471.970 979472.076 979472.637 979473.461 979474.240 979474.791 979475.191 979475.718 979476.623 979477.898 979479.216 979480.095 979480.203 979479.602 979478.763 979478.302 979478.593 979479.486 979480.329 979480.299 979478.875 979476.164 979472.888 979470.015 979468.242 979467.641 979467.669 979467.536 979466.712 979465.254 979463.752 979462.934
979492.134 979489.755 979487.335 979485.052 979482.822 979480.343 979477.301 979473.620 979469.592 979465.794 979462.830 979461.041 979460.369 979460.434 979460.792 979461.204 979461.744 979462.693 979464.278 979466.434 979468.755 979470.665 979471.722 979471.856 979471.408 979470.932 979470.892 979471.436 979472.374 979473.376 979474.220 979474.946 979475.793 979476.965 979478.414 979479.776 979480.560 979480.459 979479.592 979478.496 979477.842 979478.026 979478.883 979479.722 979479.689 979478.252 979475.538 979472.290 979469.481 979467.782 979467.217 979467.202 979466.948 979465.976 979464.427 979462.964 979462.330
979494.634 979492.213 979489.727 979487.465 979485.375 979483.094 979480.193 979476.477 979472.171 979467.865 979464.241 979461.762 979460.486 979460.121 979460.265 979460.675 979461.384 979462.602 979464.471 979466.847 979469.263 979471.118 979471.990 979471.864 979471.156 979470.480 979470.335 979470.862 979471.847 979472.926 979473.858 979474.682 979475.642 979476.946 979478.523 979479.972 979480.759 979480.547 979479.456 979478.059 979477.090 979477.013 979477.721 979478.562 979478.691 979477.558 979475.238 979472.405 979469.945 979468.452 979467.906 979467.730 979467.199 979465.935 979464.172 979462.628 979462.030
979495.605 979493.244 979490.917 979488.988 979487.399 979485.699 979483.323 979479.946 979475.717 979471.217 979467.196 979464.221 979462.462 979461.718 979461.632 979461.963 979462.708 979464.014 979465.951 979468.316 979470.611 979472.248 979472.846 979472.459 979471.555 979470.774 979470.598 979471.120 979472.067 979473.041 979473.804 979474.439 979475.249 979476.489 979478.100 979479.646 979480.523 979480.320 979479.110 979477.467 979476.179 979475.807 979476.352 979477.252 979477.698 979477.108 979475.458 979473.280 979471.314 979470.052 979469.447 979468.979 979468.039 979466.377 979464.321 979462.610 979461.929
979495.003 979492.745 979490.714 979489.293 979488.372 979487.405 979485.712 979482.876 979478.997 979474.659 979470.649 979467.594 979465.719 979464.860 979464.679 979464.929 979465.584 979466.761 979468.504 979470.598 979472.562 979473.851 979474.145 979473.551 979472.562 979471.799 979471.680 979472.213 979473.051 979473.764 979474.141 979474.340 979474.764 979475.750 979477.278 979478.892 979479.919 979479.854 979478.694 979476.979 979475.528 979474.984 979475.462 979476.496 979477.321 979477.320 979476.355 979474.798 979473.238 979472.077 979471.275 979470.409 979469.012 979466.959 979464.640 979462.769 979461.953
979493.133 979491.017 979489.347 979488.458 979488.164 979487.838 979486.749 979484.465 979481.094 979477.238 979473.689 979471.057 979469.533 979468.914 979468.833 979469.028 979469.479 979470.321 979471.633 979473.244 979474.732 979475.614 979475.630 979474.914 979473.952 979473.307 979473.306 979473.861 979474.553 979474.930 979474.820 979474.466 979474.378 979474.987 979476.327 979477.946 979479.126 979479.292 979478.362 979476.824 979475.484 979475.018 979475.605 979476.845 979478.006 979478.444 979477.934 979476.727 979475.307 979474.033 979472.909 979471.626 979469.851 979467.549 979465.111 979463.172 979462.223
979490.456 979488.543 979487.252 979486.818 979486.967 979487.041 979486.340 979484.500 979481.699 979478.561 979475.839 979474.044 979473.246 979473.136 979473.284 979473.424 979473.573 979473.941 979474.688 979475.727 979476.711 979477.219 979477.027 979476.273 979475.402 979474.908 979475.027 979475.590 979476.129 979476.188 979475.634 979474.777 979474.204 979474.416 979475.499 979477.030 979478.297 979478.702 979478.123 979476.992 979476.058 979475.958 979476.857 979478.363 979479.755 979480.386 979480.001 979478.805 979477.249 979475.704 979474.238 979472.648 979470.692 979468.367 979466.002 979464.098 979463.005
