Data/data_grav_rasters/EIGEN-6C4_gravity_anomaly.asc
ncols         159
nrows         172
xllcorner     32.4820794100
yllcorner     29.1707288100
cellsize      0.0259688
nodata_value  9999
[rows 31 to 61 of 172, columns 71 to 141 of 159]
-40.757 -40.766 -40.873 -41.281 -42.042 -42.937 -43.495 -43.175 -41.650 -39.027 -35.856 -32.860 -30.488 -28.514 -25.931 -21.265 -13.217 -1.363 13.450 29.235 43.530 54.294 60.654 63.136 63.296 62.924 63.177 64.655 66.355 67.375 67.002 65.230 62.836 60.673 59.286 58.634 58.061 56.683 53.856 49.341 43.578 37.361 31.102 25.010 19.018 13.190 7.670 3.190 0.458 0.080 2.097 5.843 10.204 13.694 15.779 16.374 15.930 15.125 14.591 15.175 16.330 17.883 19.555 21.051 22.200 22.926 23.217 23.135 22.890 22.898 23.701
-43.481 -44.049 -44.648 -45.320 -45.990 -46.417 -46.220 -45.033 -42.691 -39.375 -35.578 -31.882 -28.610 -25.550 -21.913 -16.609 -8.756 1.830 14.404 27.492 39.441 49.080 56.143 61.260 65.490 69.308 72.860 76.863 79.242 78.591 75.430 70.746 66.166 63.127 62.061 62.504 63.206 62.532 59.529 54.068 47.634 40.783 34.138 28.048 22.458 16.837 11.318 6.339 2.865 1.650 2.865 5.895 9.547 12.421 13.940 14.106 13.360 12.749 13.121 14.258 16.032 17.939 19.586 20.750 21.535 22.168 22.824 23.540 24.304 25.163 26.310
-46.673 -47.634 -48.449 -49.033 -49.232 -48.819 -47.548 -45.250 -41.955 -37.943 -33.679 -29.611 -25.922 -22.357 -18.250 -12.789 -5.403 3.909 14.499 25.326 35.419 44.322 52.261 59.903 67.829 75.568 81.845 86.311 88.765 87.805 81.805 74.324 68.081 64.402 63.713 65.008 66.257 65.675 62.152 55.985 47.826 39.448 31.908 25.441 19.930 14.465 9.001 3.982 0.175 -1.444 -0.612 2.182 5.898 8.723 10.366 10.579 10.152 10.134 11.142 12.877 15.096 17.204 18.869 19.995 20.917 22.032 23.540 25.308 27.044 28.475 29.564
-49.859 -50.876 -51.542 -51.705 -51.176 -49.775 -47.388 -44.037 -39.934 -35.464 -31.078 -27.108 -23.579 -20.123 -16.078 -10.754 -3.764 4.757 14.185 23.713 32.773 41.350 49.970 59.307 69.605 79.659 87.325 91.994 92.537 90.557 83.773 74.031 66.384 62.201 61.728 63.534 65.116 64.327 59.799 52.009 42.495 32.732 23.845 16.697 10.861 5.500 0.594 -3.729 -7.002 -8.054 -6.682 -2.749 1.197 4.283 6.353 7.263 7.636 7.891 8.991 11.028 13.390 15.579 17.233 18.455 19.753 21.549 23.987 26.774 29.355 31.231 32.258
-52.441 -53.133 -53.342 -52.900 -51.623 -49.377 -46.143 -42.075 -37.508 -32.904 -28.705 -25.155 -22.136 -19.141 -15.421 -10.283 -3.413 4.954 14.128 23.313 32.039 40.439 49.160 58.905 69.773 80.436 88.699 93.013 92.710 87.549 80.320 69.651 60.945 56.326 56.041 58.191 59.956 59.142 54.470 46.172 35.459 24.074 13.877 5.955 0.084 -5.107 -9.819 -13.115 -14.890 -14.453 -11.639 -6.241 -1.976 2.295 5.351 6.975 7.556 8.099 9.408 11.248 12.980 14.829 16.008 17.000 18.303 20.408 23.407 26.854 30.011 32.258 33.453
-53.949 -54.060 -53.670 -52.635 -50.799 -48.056 -44.424 -40.094 -35.434 -30.921 -26.988 -23.834 -21.264 -18.671 -15.213 -10.135 -3.121 5.529 15.005 24.367 33.024 41.045 49.092 57.953 67.827 77.515 85.583 89.327 88.417 82.743 74.165 63.043 53.763 48.832 48.547 51.117 53.612 53.574 49.469 41.108 29.849 18.137 7.022 -1.686 -8.107 -12.557 -16.345 -19.494 -19.557 -17.131 -12.346 -6.026 0.316 5.748 9.058 10.548 11.222 11.784 12.813 14.163 15.495 16.281 16.795 17.006 17.732 19.506 22.368 25.854 29.173 31.664 33.158
-54.280 -53.774 -52.825 -51.336 -49.195 -46.318 -42.705 -38.494 -33.984 -29.598 -25.745 -22.631 -20.084 -17.502 -14.018 -8.830 -1.585 7.398 17.203 26.707 35.115 42.345 49.044 56.152 64.174 72.460 79.884 83.775 83.150 78.025 68.852 57.868 48.372 42.902 42.010 44.354 47.326 48.194 45.207 38.061 28.022 16.758 6.007 -3.399 -10.860 -15.699 -18.775 -21.245 -19.689 -15.221 -8.357 0.384 7.544 13.113 16.395 17.762 18.135 18.397 19.089 19.972 20.703 20.774 20.188 19.492 19.256 20.156 22.299 25.226 28.215 30.620 32.288
-53.764 -52.795 -51.420 -49.604 -47.308 -44.487 -41.110 -37.206 -32.925 -28.562 -24.477 -20.923 -17.847 -14.781 -10.943 -5.544 1.810 10.837 20.592 29.839 37.612 43.694 48.725 53.835 59.909 66.787 73.539 78.198 78.857 74.736 66.791 56.615 46.926 40.424 38.150 39.310 41.877 43.341 41.737 36.335 28.228 18.525 8.342 -1.151 -9.407 -15.693 -19.272 -20.000 -17.039 -10.695 -1.903 7.738 16.199 22.109 25.317 26.273 26.163 25.993 26.247 26.796 27.125 26.731 25.536 24.018 22.957 23.013 24.318 26.420 28.723 30.655 32.080
-52.975 -51.755 -50.055 -47.912 -45.408 -42.593 -39.435 -35.845 -31.777 -27.337 -22.794 -18.455 -14.448 -10.542 -6.145 -0.552 6.664 15.315 24.537 33.094 39.946 44.790 48.266 51.657 56.172 62.205 68.945 74.553 76.782 74.456 67.842 58.552 48.744 40.833 36.432 35.593 36.898 38.203 37.621 34.018 27.513 19.159 9.588 0.089 -8.227 -14.476 -18.134 -18.732 -14.434 -6.371 4.132 15.018 24.084 29.943 32.925 33.415 32.746 32.066 31.909 32.080 32.213 31.685 30.418 28.810 27.578 27.326 28.159 29.702 31.297 32.497 33.215
-52.364 -51.025 -48.993 -46.393 -43.478 -40.460 -37.367 -34.017 -30.156 -25.656 -20.649 -15.469 -10.439 -5.608 -0.643 5.028 11.858 19.799 28.159 35.812 41.733 45.565 47.908 50.103 53.517 58.938 65.646 72.084 75.837 75.132 69.696 60.769 50.846 41.714 35.225 32.145 31.650 32.014 31.458 28.793 23.518 16.040 7.138 -2.076 -10.480 -16.680 -19.449 -18.944 -13.206 -3.521 8.474 20.339 29.792 35.842 38.278 38.093 36.681 35.281 34.524 34.308 34.204 33.751 32.867 31.815 31.227 31.488 32.567 33.982 35.143 35.596 35.359
-51.951 -50.494 -48.051 -44.841 -41.319 -37.908 -34.742 -31.584 -27.982 -23.561 -18.278 -12.457 -6.588 -0.998 4.376 9.958 16.223 23.295 30.705 37.506 42.731 45.964 47.688 49.149 51.809 56.548 62.885 69.248 73.440 73.566 69.039 60.666 50.863 41.265 33.609 28.914 26.849 26.000 24.768 21.930 16.953 9.979 1.720 -6.858 -14.521 -20.026 -21.995 -19.470 -12.236 -1.105 12.094 24.778 34.475 40.356 42.398 41.495 39.138 36.730 34.967 33.908 33.275 32.751 32.273 32.125 32.678 34.069 35.993 37.763 38.750 38.593 37.454
-51.285 -49.639 -46.746 -42.904 -38.759 -34.935 -31.685 -28.738 -25.469 -21.278 -15.945 -9.766 -3.364 2.691 8.224 13.526 19.107 25.272 31.795 37.925 42.761 45.796 47.320 48.370 50.327 54.035 59.264 64.696 68.411 68.607 64.620 57.303 48.332 39.625 32.347 27.495 24.853 23.152 21.062 17.672 12.627 5.846 -2.342 -10.406 -16.964 -21.123 -21.683 -17.788 -9.310 2.856 16.832 30.005 39.920 45.659 47.188 45.545 42.223 38.608 35.492 33.119 31.427 30.348 29.971 30.529 32.173 34.752 37.664 39.996 40.969 40.396 38.564
-49.746 -47.878 -44.630 -40.350 -35.804 -31.758 -28.541 -25.851 -22.931 -19.006 -13.732 -7.395 -0.734 5.485 10.901 15.716 20.497 25.730 31.426 37.020 41.667 44.754 46.334 47.157 48.422 50.911 54.617 58.533 61.131 61.031 57.663 51.826 45.120 38.639 33.456 30.153 28.116 26.243 23.444 19.071 13.221 6.506 -0.634 -9.269 -14.807 -17.824 -17.314 -12.548 -3.444 9.134 23.375 36.444 46.324 52.076 53.417 51.113 47.044 42.315 37.859 34.085 31.051 29.076 28.309 29.023 31.222 34.499 38.037 40.711 41.635 40.759 38.472
-46.993 -44.970 -41.597 -37.219 -32.641 -28.670 -25.645 -23.222 -20.558 -16.790 -11.533 -5.114 1.610 7.725 12.752 16.863 20.708 24.950 29.807 34.880 39.375 42.590 44.362 45.175 45.979 47.498 49.856 52.364 53.904 53.641 51.282 47.601 43.681 40.463 38.506 37.708 37.057 35.495 32.130 26.727 19.793 12.298 4.999 -2.511 -8.140 -10.689 -9.871 -5.022 3.982 16.385 30.459 43.271 52.973 58.447 59.604 57.436 52.810 47.420 42.108 37.338 33.349 30.525 29.100 29.436 31.486 34.727 38.217 40.781 41.442 40.233 37.632
-43.273 -41.220 -37.955 -33.790 -29.493 -25.830 -23.092 -20.883 -18.324 -14.552 -9.234 -2.791 3.811 9.562 13.944 17.165 19.978 23.199 27.206 31.727 36.020 39.338 41.380 42.448 43.290 44.518 46.282 48.140 49.350 49.370 48.267 46.713 45.607 45.585 46.693 48.216 48.905 47.620 43.691 37.397 29.459 21.035 13.143 5.696 0.015 -2.843 -2.473 1.836 10.320 22.339 36.151 48.861 58.438 63.775 64.712 62.426 57.763 52.190 46.676 41.768 37.606 34.436 32.553 32.318 33.684 36.189 38.965 40.933 41.184 39.608 36.750
-39.352 -37.335 -34.252 -30.389 -26.458 -23.153 -20.685 -18.613 -16.065 -12.243 -6.924 -0.637 5.570 10.676 14.207 16.464 18.306 20.649 23.948 27.990 32.071 35.458 37.809 39.376 40.769 42.492 44.646 46.847 48.513 49.314 49.471 49.686 50.719 52.917 55.986 58.801 59.933 58.334 53.625 46.352 37.770 28.700 20.176 12.313 6.228 2.611 2.208 5.884 14.013 25.995 39.932 52.723 62.702 67.906 68.299 65.432 60.564 54.982 49.903 45.611 42.125 39.396 37.542 36.776 37.166 38.473 40.062 41.096 40.796 39.021 36.182
-36.091 -34.021 -30.952 -27.201 -23.467 -20.388 -18.110 -16.158 -13.688 -9.991 -4.952 0.819 6.272 10.463 13.055 14.475 15.661 17.536 20.515 24.346 28.325 31.769 34.416 36.558 38.772 41.497 44.719 47.964 50.631 52.428 53.571 54.845 56.871 59.886 63.453 66.138 66.794 64.603 59.458 51.723 42.541 33.230 24.396 16.354 9.447 5.110 4.132 7.614 16.039 28.710 43.491 56.692 66.627 71.466 70.744 66.540 60.971 55.395 50.903 47.719 45.486 43.775 42.318 41.150 40.464 40.336 40.463 40.435 39.714 38.057 35.633
-33.931 -31.577 -28.197 -24.219 -20.401 -17.374 -15.244 -13.509 -11.347 -8.118 -3.778 1.057 5.423 8.551 10.300 11.235 12.312 14.346 17.580 21.605 25.664 29.140 31.930 34.470 37.415 41.166 45.583 50.003 53.725 56.404 58.216 59.930 62.194 65.246 68.341 70.135 70.371 67.441 61.453 53.610 44.799 35.859 27.180 19.302 12.106 6.911 5.768 9.612 18.989 32.971 48.780 61.924 70.911 74.434 71.764 66.346 59.639 53.871 49.974 47.933 47.112 46.610 45.607 44.023 42.232 40.618 39.316 38.356 37.403 36.149 34.531
-32.620 -29.753 -25.790 -21.343 -17.283 -14.263 -12.354 -11.018 -9.435 -6.999 -3.681 -0.045 3.108 5.240 6.435 7.373 8.956 11.783 15.809 20.383 24.651 28.077 30.763 33.363 36.665 41.082 46.365 51.686 56.164 59.472 61.688 63.769 66.289 69.208 71.827 73.041 71.909 68.951 63.080 55.533 47.529 39.337 31.277 23.557 16.213 10.877 9.685 14.005 24.416 39.701 55.926 68.520 75.790 77.488 72.957 65.726 57.456 51.158 47.624 46.619 47.081 47.513 46.838 44.951 42.033 38.987 36.464 34.739 33.714 33.075 32.553
-31.364 -27.926 -23.382 -18.537 -14.365 -11.519 -10.009 -9.236 -8.361 -6.797 -4.517 -2.008 0.105 1.529 2.555 3.941 6.469 10.457 15.521 20.745 25.185 28.402 30.751 33.124 36.435 41.122 46.856 52.705 57.732 61.528 64.461 67.015 69.814 73.010 75.590 77.079 75.875 72.411 67.276 60.516 53.233 45.895 38.567 30.917 23.496 17.675 15.948 20.108 30.775 46.492 62.458 73.449 80.138 79.625 73.018 63.164 53.500 47.006 44.004 44.118 45.918 47.089 46.259 43.932 40.059 35.797 32.329 30.236 29.421 29.509 30.094
-29.298 -25.496 -20.713 -15.882 -12.002 -9.649 -8.716 -8.520 -8.214 -7.260 -5.673 -3.901 -2.425 -1.335 -0.167 1.869 5.414 10.498 16.424 22.066 26.441 29.308 31.241 33.356 36.650 41.507 47.505 53.614 58.981 63.155 66.720 70.473 74.621 78.934 82.481 84.109 83.254 80.041 75.093 68.836 61.759 54.681 47.543 39.756 31.696 24.823 21.779 24.433 33.963 48.637 63.816 74.455 79.096 74.629 66.285 55.782 46.602 40.596 38.499 39.853 42.797 44.754 44.006 41.049 36.447 31.595 27.924 25.958 25.630 26.540 28.085
-25.993 -22.225 -17.744 -13.498 -10.388 -8.814 -8.502 -8.688 -8.568 -7.727 -6.299 -4.767 -3.528 -2.514 -1.128 1.437 5.683 11.407 17.685 23.293 27.339 29.774 31.453 33.622 37.260 42.572 48.954 55.277 60.792 65.335 69.624 74.372 80.171 86.158 90.660 92.759 92.057 88.755 83.723 77.179 70.224 62.267 54.330 46.215 36.844 28.213 23.035 23.318 30.400 42.608 56.314 65.766 67.412 62.552 54.020 44.052 35.798 31.340 30.663 33.656 37.749 40.130 39.545 36.236 31.562 27.043 23.967 23.014 23.646 25.378 27.548
-21.681 -18.333 -14.621 -11.394 -9.341 -8.619 -8.770 -8.995 -8.607 -7.402 -5.713 -4.113 -2.950 -2.022 -0.611 2.113 6.546 12.314 18.369 23.506 27.012 29.127 30.920 33.690 38.237 44.477 51.477 58.004 63.428 67.983 72.549 78.220 84.891 92.050 98.044 100.961 98.434 93.763 88.156 79.327 72.367 65.351 56.836 46.798 36.060 25.794 18.568 16.158 20.316 29.409 40.043 47.551 48.935 44.374 36.428 28.283 22.455 20.221 21.701 26.449 31.527 34.232 33.446 30.266 25.971 22.501 21.122 21.846 23.914 26.583 29.097
-17.104 -14.338 -11.548 -9.410 -8.352 -8.280 -8.594 -8.525 -7.577 -5.816 -3.799 -2.189 -1.271 -0.688 0.415 2.904 7.098 12.495 17.986 22.456 25.427 27.460 29.774 33.635 39.569 47.072 54.787 61.360 66.247 70.115 74.189 79.816 87.041 94.657 100.545 102.774 100.829 96.125 87.790 77.390 67.395 59.074 50.979 41.062 29.848 18.867 10.250 6.497 8.477 14.974 22.891 28.511 29.312 25.331 18.536 12.194 8.535 9.441 14.016 20.818 26.608 28.959 27.840 24.405 20.587 18.759 19.520 22.328 26.070 29.751 32.496
-13.103 -10.776 -8.679 -7.316 -6.890 -7.111 -7.307 -6.800 -5.322 -3.195 -1.161 0.094 0.408 0.335 0.889 2.972 6.821 11.810 16.777 20.701 23.358 25.557 28.655 33.798 41.233 49.945 58.130 64.288 68.215 70.807 73.778 78.511 85.466 93.288 99.358 101.583 98.440 91.981 81.303 70.149 59.314 49.781 41.105 31.788 21.474 11.432 3.423 -0.159 1.380 6.830 13.294 17.451 17.343 12.882 6.348 2.076 1.306 5.441 13.073 21.189 26.371 27.411 24.983 20.754 17.504 16.530 19.068 23.694 28.983 33.607 36.566
-10.217 -7.967 -6.101 -5.020 -4.788 -5.010 -5.004 -4.205 -2.532 -0.492 1.094 1.601 1.054 0.225 0.274 2.113 5.864 10.751 15.525 19.227 21.845 24.341 28.181 34.452 43.104 52.650 60.916 66.343 68.977 69.961 71.359 75.059 81.307 88.536 94.235 95.879 92.977 84.441 72.547 60.369 49.407 39.931 31.604 23.305 14.835 6.885 1.229 -0.320 2.780 9.150 15.896 20.102 20.597 16.755 11.345 8.078 8.816 13.272 21.254 28.167 31.951 31.460 27.455 22.014 17.873 16.681 19.912 25.512 31.805 36.969 39.946
-8.512 -5.954 -3.882 -2.694 -2.411 -2.600 -2.591 -1.881 -0.485 1.032 1.871 1.533 0.232 -1.087 -1.181 0.816 4.878 10.058 15.009 18.796 21.516 24.271 28.630 35.613 44.891 54.660 62.771 67.532 68.756 68.262 68.469 71.227 76.858 83.878 89.099 90.200 86.383 77.165 64.809 52.302 41.044 31.770 24.327 17.778 11.182 5.848 3.181 4.770 10.856 19.763 28.391 33.330 33.259 29.936 25.113 22.387 23.267 27.542 34.486 40.120 42.191 39.870 34.288 27.428 22.047 20.304 22.624 27.894 34.029 38.954 41.459
-7.667 -4.577 -2.100 -0.710 -0.453 -0.873 -1.268 -1.102 -0.349 0.478 0.671 -0.157 -1.691 -2.930 -2.660 -0.118 4.524 10.189 15.471 19.449 22.290 25.205 29.768 36.909 46.214 55.780 63.427 67.398 68.106 67.171 67.094 69.668 75.051 81.578 86.340 87.083 82.263 72.114 59.209 46.430 35.030 26.066 19.099 13.813 8.741 5.339 5.249 9.885 19.261 31.389 42.850 48.764 49.631 45.959 41.622 38.777 39.113 43.055 48.549 53.290 53.771 49.738 43.185 35.345 29.065 26.271 27.152 30.914 35.676 39.471 41.126
-7.225 -3.602 -0.800 0.596 0.512 -0.550 -1.770 -2.468 -2.463 -2.134 -2.103 -2.738 -3.772 -4.320 -3.311 -0.113 5.022 11.005 16.473 20.557 23.501 26.479 30.973 37.883 46.764 55.821 62.990 66.965 67.894 67.656 68.389 71.655 77.339 83.683 87.775 87.088 80.508 68.962 55.211 41.841 30.282 20.994 14.012 8.762 4.380 1.843 3.053 9.580 21.390 36.315 50.428 58.474 61.011 57.097 52.998 50.769 50.905 53.844 58.832 62.285 61.676 57.836 50.990 43.039 36.369 32.579 32.174 34.251 37.082 39.024 39.180
-6.827 -2.834 0.056 1.164 0.416 -1.589 -3.856 -5.476 -6.051 -5.804 -5.324 -5.080 -5.022 -4.529 -2.752 0.835 6.026 11.888 17.232 21.332 24.391 27.468 31.866 38.375 46.597 55.003 61.892 66.217 68.339 69.638 72.125 76.870 83.232 89.081 91.611 88.414 79.678 66.486 51.221 36.770 24.571 14.796 7.615 2.116 -2.658 -5.605 -4.619 2.104 14.723 31.153 47.587 58.254 61.441 59.620 57.823 55.746 55.539 57.862 61.748 64.106 63.675 60.973 55.198 48.228 42.160 38.336 37.079 37.594 38.450 38.355 36.813
-6.319 -2.174 0.586 1.241 -0.256 -3.198 -6.408 -8.749 -9.603 -9.060 -7.726 -6.259 -4.933 -3.469 -1.252 2.214 6.904 12.208 17.232 21.392 24.780 28.181 32.612 38.680 46.082 53.671 60.228 65.113 68.571 72.048 76.708 83.215 90.192 94.987 95.494 89.719 78.190 62.945 46.027 30.534 18.023 8.423 0.617 -4.975 -10.333 -14.379 -14.830 -9.538 2.087 18.348 35.703 49.354 55.259 56.587 56.556 55.160 54.554 55.906 58.422 60.576 61.171 59.491 55.313 50.171 45.531 42.468 41.096 40.648 39.981 38.175 35.065
