Data/data_grav_rasters/EIGEN-6C4_gravity_ell.asc
ncols         159
nrows         172
xllcorner     32.4820794100
yllcorner     29.1707288100
cellsize      0.0259688
nodata_value  9999999
[rows 125 to 149 of 172, columns 57 to 113 of 159]
979349.262 979348.960 979348.860 979349.359 979350.720 979352.920 979355.661 979358.543 979361.255 979363.698 979365.963 979368.221 979370.599 979373.131 979375.787 979378.547 979381.468 979384.687 979388.386 979392.741 979397.883 979403.866 979410.614 979417.841 979424.970 979431.134 979435.305 979436.556 979434.357 979428.779 979420.471 979410.432 979399.677 979388.976 979378.803 979369.481 979361.381 979354.974 979350.652 979348.387 979347.465 979346.558 979344.214 979339.585 979333.039 979326.231 979321.521 979320.927 979325.141 979333.147 979342.721 979351.595 979358.722 979364.906 979372.418 979383.702 979399.808
979350.891 979350.077 979349.033 979348.392 979348.727 979350.283 979352.890 979356.084 979359.326 979362.199 979364.511 979366.290 979367.722 979369.074 979370.638 979372.676 979375.362 979378.746 979382.760 979387.292 979392.288 979397.820 979404.038 979410.988 979418.377 979425.428 979430.946 979433.634 979432.537 979427.413 979418.843 979408.019 979396.316 979384.882 979374.433 979365.314 979357.718 979351.841 979347.839 979345.593 979344.485 979343.417 979341.194 979337.144 979331.639 979326.171 979322.832 979323.376 979328.343 979336.738 979346.496 979355.567 979363.041 979369.697 979377.595 979388.862 979404.277
979354.067 979353.049 979351.291 979349.569 979348.683 979349.118 979350.882 979353.574 979356.593 979359.365 979361.512 979362.935 979363.807 979364.515 979365.551 979367.367 979370.219 979374.073 979378.632 979383.495 979388.388 979393.329 979398.611 979404.562 979411.192 979417.917 979423.562 979426.690 979426.132 979421.482 979413.278 979402.806 979391.599 979380.921 979371.468 979363.407 979356.650 979351.130 979346.877 979343.868 979341.790 979339.961 979337.568 979334.136 979329.969 979326.235 979324.551 979326.215 979331.494 979339.396 979348.130 979356.072 979362.719 979369.077 979377.169 979388.870 979404.618
979357.184 979356.298 979354.226 979351.757 979349.778 979348.921 979349.378 979350.921 979353.065 979355.267 979357.099 979358.365 979359.157 979359.843 979360.963 979363.044 979366.381 979370.882 979376.080 979381.335 979386.153 979390.439 979394.534 979398.963 979404.013 979409.370 979414.046 979416.681 979416.104 979411.868 979404.479 979395.197 979385.510 979376.562 979368.839 979362.220 979356.331 979350.916 979346.006 979341.803 979338.400 979335.595 979332.966 979330.212 979327.511 979325.633 979325.639 979328.305 979333.578 979340.468 979347.506 979353.589 979358.747 979364.337 979372.452 979384.757 979401.336
979358.511 979357.936 979355.968 979353.288 979350.708 979348.863 979348.065 979348.297 979349.309 979350.739 979352.224 979353.515 979354.572 979355.624 979357.126 979359.590 979363.339 979368.291 979373.925 979379.471 979384.265 979388.064 979391.152 979394.120 979397.440 979401.053 979404.239 979405.866 979404.911 979400.985 979394.563 979386.786 979378.946 979371.928 979365.926 979360.549 979355.225 979349.638 979343.929 979338.567 979334.022 979330.474 979327.791 979325.761 979324.417 979324.169 979325.609 979329.078 979334.275 979340.234 979345.783 979350.277 979354.205 979359.211 979367.415 979380.270 979397.533
979357.203 979356.879 979355.314 979353.005 979350.538 979348.397 979346.891 979346.168 979346.242 979347.006 979348.241 979349.677 979351.121 979352.590 979354.367 979356.898 979360.552 979365.362 979370.908 979376.450 979381.249 979384.919 979387.583 979389.738 979391.875 979394.085 979395.899 979396.466 979395.007 979391.262 979385.688 979379.260 979373.000 979367.488 979362.647 979357.917 979352.687 979346.728 979340.368 979334.308 979329.246 979325.540 979323.146 979321.832 979321.495 979322.327 979324.676 979328.683 979333.966 979339.639 979344.741 979348.893 979352.785 979358.102 979366.814 979380.093 979397.414
979353.752 979353.443 979352.389 979350.880 979349.191 979347.523 979346.057 979345.007 979344.607 979345.007 979346.163 979347.821 979349.636 979351.386 979353.135 979355.234 979358.120 979362.032 979366.810 979371.910 979376.650 979380.534 979383.457 979385.662 979387.471 979388.968 979389.847 979389.540 979387.561 979383.843 979378.859 979373.416 979368.246 979363.624 979359.269 979354.573 979349.047 979342.682 979336.036 979329.966 979325.204 979322.036 979320.280 979319.565 979319.693 979320.834 979323.382 979327.583 979333.203 979339.501 979345.621 979351.191 979356.759 979363.714 979373.621 979387.263 979403.888
979349.604 979349.059 979348.444 979347.879 979347.313 979346.615 979345.753 979344.916 979344.479 979344.815 979346.062 979348.009 979350.192 979352.154 979353.715 979355.091 979356.774 979359.245 979362.696 979366.916 979371.404 979375.622 979379.215 979382.065 979384.175 979385.475 979385.739 979384.666 979382.107 979378.253 979373.640 979368.921 979364.529 979360.435 979356.188 979351.220 979345.270 979338.641 979332.142 979326.705 979322.933 979320.824 979319.877 979319.492 979319.432 979320.028 979321.998 979325.977 979332.079 979339.775 979348.212 979356.789 979365.601 979375.436 979387.238 979401.311 979416.719
979346.255 979345.359 979345.019 979345.237 979345.707 979346.009 979345.891 979345.466 979345.187 979345.600 979347.018 979349.312 979351.950 979354.269 979355.831 979356.661 979357.230 979358.211 979360.149 979363.222 979367.197 979371.570 979375.769 979379.293 979381.760 979382.883 979382.474 979380.510 979377.225 979373.122 979368.838 979364.872 979361.330 979357.847 979353.787 979348.640 979342.414 979335.760 979329.738 979325.306 979322.835 979321.918 979321.640 979321.147 979320.219 979319.492 979320.187 979323.506 979330.024 979339.445 979350.846 979363.241 979376.099 979389.456 979403.553 979418.206 979432.352
979344.400 979343.252 979343.027 979343.680 979344.772 979345.711 979346.091 979345.945 979345.754 979346.187 979347.724 979350.355 979353.551 979356.505 979358.530 979359.399 979359.450 979359.422 979360.115 979362.057 979365.305 979369.455 979373.789 979377.490 979379.836 979380.354 979378.920 979375.819 979371.696 979367.381 979363.605 979360.685 979358.353 979355.861 979352.353 979347.356 979341.134 979334.674 979329.262 979325.850 979324.538 979324.501 979324.422 979323.243 979320.835 979318.217 979317.177 979319.505 979326.218 979337.198 979351.385 979367.368 979383.989 979400.599 979416.841 979432.171 979445.488
979343.693 979342.538 979342.336 979343.062 979344.288 979345.399 979345.924 979345.830 979345.570 979345.875 979347.360 979350.178 979353.889 979357.638 979360.545 979362.110 979362.434 979362.166 979362.202 979363.299 979365.756 979369.296 979373.154 979376.323 979377.879 979377.269 979374.508 979370.200 979365.371 979361.120 979358.197 979356.674 979355.883 979354.685 979352.015 979347.437 979341.450 979335.319 979330.488 979327.845 979327.216 979327.409 979326.817 979324.307 979319.952 979315.190 979312.332 979313.625 979320.364 979332.459 979348.634 979367.088 979386.195 979404.876 979422.478 979438.355 979451.513
979343.162 979342.235 979342.017 979342.571 979343.616 979344.644 979345.188 979345.126 979344.802 979344.909 979346.148 979348.850 979352.763 979357.116 979360.949 979363.539 979364.709 979364.892 979364.910 979365.582 979367.348 979370.047 979372.952 979375.030 979375.334 979373.384 979369.395 979364.260 979359.261 979355.601 979353.908 979353.945 979354.663 979354.633 979352.695 979348.534 979342.871 979337.157 979332.858 979330.678 979330.140 979329.768 979327.844 979323.375 979316.792 979309.992 979305.688 979306.349 979313.255 979326.099 979343.276 979362.660 979382.402 979401.363 979419.005 979434.933 979448.455
979341.957 979341.297 979340.987 979341.261 979342.087 979343.137 979343.961 979344.275 979344.197 979344.254 979345.144 979347.373 979350.951 979355.337 979359.649 979363.061 979365.163 979366.119 979366.545 979367.167 979368.432 979370.251 979372.000 979372.772 979371.786 979368.778 979364.194 979359.109 979354.847 979352.463 979352.280 979353.698 979355.396 979355.877 979354.130 979350.113 979344.787 979339.650 979335.968 979334.067 979333.088 979331.364 979327.296 979320.312 979311.414 979303.011 979298.075 979298.994 979306.671 979320.270 979337.708 979356.587 979375.088 979392.393 979408.500 979423.614 979437.552
979339.879 979339.226 979338.624 979338.560 979339.314 979340.750 979342.384 979343.681 979344.401 979344.773 979345.396 979346.906 979349.614 979353.309 979357.345 979360.949 979363.590 979365.198 979366.127 979366.893 979367.829 979368.855 979369.480 979369.045 979367.092 979363.679 979359.478 979355.584 979353.098 979352.649 979354.066 979356.383 979358.191 979358.229 979355.948 979351.769 979346.883 979342.650 979339.849 979338.185 979336.323 979332.513 979325.546 979315.594 979304.472 979295.162 979290.738 979293.183 979302.637 979317.426 979334.832 979352.231 979368.044 979382.087 979395.203 979408.453 979422.306
979337.384 979336.225 979334.985 979334.477 979335.297 979337.465 979340.397 979343.227 979345.279 979346.408 979347.030 979347.844 979349.425 979351.913 979354.980 979358.044 979360.595 979362.430 979363.668 979364.565 979365.259 979365.609 979365.258 979363.862 979361.385 979358.273 979355.384 979353.680 979353.797 979355.701 979358.607 979361.230 979362.292 979361.080 979357.776 979353.393 979349.282 979346.423 979344.819 979343.332 979340.114 979333.494 979322.961 979309.748 979296.699 979287.378 979284.771 979290.132 979302.501 979319.115 979336.535 979351.981 979364.293 979374.111 979383.275 979393.770 979406.722
979335.121 979332.889 979330.633 979329.508 979330.381 979333.351 979337.690 979342.201 979345.801 979347.987 979348.964 979349.412 979350.052 979351.285 979353.077 979355.098 979356.983 979358.538 979359.743 979360.626 979361.090 979360.883 979359.736 979357.625 979354.968 979352.612 979351.561 979352.537 979355.570 979359.856 979363.977 979366.433 979366.280 979363.558 979359.313 979355.124 979352.331 979351.280 979350.971 979349.335 979344.107 979333.950 979319.364 979302.903 979288.527 979280.276 979280.785 979290.271 979306.422 979325.283 979342.747 979356.041 979364.588 979369.953 979374.938 979382.310 979393.677
979333.398 979329.741 979326.260 979324.389 979325.152 979328.644 979333.992 979339.766 979344.629 979347.854 979349.479 979350.080 979350.355 979350.768 979351.443 979352.273 979353.130 979353.973 979354.797 979355.490 979355.741 979355.134 979353.424 979350.837 979348.189 979346.693 979347.465 979350.960 979356.605 979362.877 979367.838 979369.925 979368.650 979364.858 979360.368 979357.123 979356.187 979357.055 979357.655 979355.107 979347.008 979332.703 979313.981 979294.818 979280.173 979274.274 979279.057 979293.413 979313.573 979334.483 979351.614 979362.481 979367.300 979368.578 979369.906 979374.511 979384.139
979331.955 979326.943 979322.389 979319.852 979320.345 979323.873 979329.458 979335.618 979341.011 979344.907 979347.273 979348.525 979349.140 979349.402 979349.388 979349.133 979348.784 979348.598 979348.753 979349.130 979349.255 979348.521 979346.606 979343.858 979341.369 979340.620 979342.804 979348.152 979355.620 979363.166 979368.556 979370.333 979368.508 979364.594 979360.899 979359.373 979360.509 979362.846 979363.374 979358.758 979346.910 979328.236 979305.977 979285.406 979272.111 979270.025 979279.959 979299.277 979322.818 979344.743 979360.536 979368.404 979369.573 979367.464 979366.190 979369.019 979377.402
979330.199 979324.344 979319.268 979316.442 979316.680 979319.806 979324.802 979330.337 979335.335 979339.302 979342.259 979344.426 979345.900 979346.561 979346.251 979345.043 979343.383 979341.935 979341.212 979341.219 979341.391 979340.915 979339.300 979336.860 979334.792 979334.704 979337.810 979344.186 979352.514 979360.523 979365.959 979367.634 979366.022 979363.038 979361.073 979361.673 979364.520 979367.245 979366.258 979358.311 979342.167 979319.609 979295.295 979275.403 979265.539 979268.721 979284.233 979307.840 979333.275 979354.427 979367.358 979371.394 979368.946 979364.250 979361.615 979363.932 979371.961
979327.679 979321.736 979316.915 979314.387 979314.600 979317.126 979320.965 979325.091 979328.904 979332.325 979335.533 979338.549 979341.003 979342.249 979341.777 979339.642 979336.586 979333.736 979332.025 979331.674 979332.089 979332.265 979331.487 979329.918 979328.688 979329.375 979333.128 979339.910 979348.316 979356.120 979361.317 979363.119 979362.364 979361.069 979361.283 979363.796 979367.373 979368.963 979364.905 979352.668 979332.352 979307.266 979283.200 979266.602 979262.336 979271.877 979292.706 979319.145 979344.325 979362.520 979370.946 979370.383 979364.453 979357.973 979355.093 979357.978 979366.450
979324.479 979319.106 979315.203 979313.510 979314.009 979315.992 979318.501 979320.886 979323.096 979325.539 979328.591 979332.104 979335.254 979336.879 979336.130 979333.034 979328.608 979324.414 979321.779 979321.145 979321.926 979322.973 979323.377 979323.118 979323.163 979324.924 979329.376 979336.354 979344.467 979351.729 979356.570 979358.672 979359.133 979359.789 979362.018 979365.648 979368.578 979367.437 979359.068 979342.223 979318.670 979293.148 979272.061 979261.350 979264.355 979280.530 979305.524 979332.638 979355.094 979368.254 979370.964 979365.568 979356.681 979349.297 979347.012 979351.024 979360.196
979321.235 979316.692 979313.938 979313.265 979314.214 979315.814 979317.154 979317.920 979318.546 979319.859 979322.409 979325.923 979329.239 979330.829 979329.623 979325.665 979320.190 979315.053 979311.824 979311.064 979312.192 979314.002 979315.516 979316.628 979318.159 979321.286 979326.701 979334.035 979341.914 979348.659 979353.215 979355.749 979357.509 979359.953 979363.600 979367.266 979368.172 979363.047 979349.754 979328.733 979303.509 979279.933 979264.360 979261.430 979272.342 979294.304 979321.409 979346.596 979363.973 979370.629 979367.301 979357.731 979347.045 979339.843 979338.742 979343.853 979353.260
979318.801 979314.849 979312.914 979312.958 979314.206 979315.509 979315.988 979315.552 979314.941 979315.230 979317.067 979320.108 979323.040 979324.206 979322.515 979318.091 979312.283 979307.011 979303.821 979303.199 979304.522 979306.639 979308.709 979310.745 979313.550 979318.080 979324.674 979332.653 979340.584 979347.065 979351.543 979354.632 979357.641 979361.537 979365.922 979368.668 979366.572 979356.834 979338.706 979314.498 979289.359 979269.788 979261.422 979266.972 979285.143 979310.994 979337.585 979358.274 979368.808 979368.455 979359.847 979347.699 979336.983 979331.259 979331.777 979337.542 979346.184
979317.786 979313.853 979312.017 979312.105 979313.221 979314.162 979314.071 979312.934 979311.571 979311.096 979312.147 979314.373 979316.510 979317.041 979315.065 979310.845 979305.717 979301.392 979299.079 979298.955 979300.280 979302.064 979303.825 979305.946 979309.396 979314.987 979322.680 979331.409 979339.594 979346.042 979350.648 979354.411 979358.632 979363.739 979368.428 979369.751 979364.298 979349.991 979327.638 979301.391 979277.740 979263.361 979262.663 979276.075 979299.796 979327.097 979350.652 979364.955 979367.926 979361.174 979348.970 979336.430 979327.688 979324.715 979327.137 979332.946 979339.684
979318.258 979313.779 979311.308 979310.735 979311.239 979311.678 979311.220 979309.803 979308.132 979307.172 979307.463 979308.695 979309.822 979309.688 979307.748 979304.448 979300.994 979298.654 979298.033 979298.798 979300.022 979300.939 979301.586 979302.906 979306.188 979312.189 979320.518 979329.709 979338.010 979344.401 979349.185 979353.692 979359.168 979365.474 979370.434 979370.378 979361.815 979343.483 979317.716 979290.318 979268.804 979259.667 979265.844 979285.487 979312.580 979339.138 979358.045 979365.392 979361.434 979349.937 979336.336 979325.564 979320.414 979320.991 979325.299 979330.539 979334.491
