Data/data_grav_rasters/EIGEN-6C4_gravitation_ell.asc
ncols         159
nrows         172
xllcorner     32.4820794100
yllcorner     29.1707288100
cellsize      0.0259688
nodata_value  9999999
[rows 25 to 49 of 172, columns 57 to 113 of 159]
981930.506 981928.624 981926.833 981924.989 981923.172 981921.681 981920.861 981920.876 981921.576 981922.552 981923.365 981923.807 981924.039 981924.487 981925.554 981927.304 981929.336 981930.933 981931.448 981930.712 981929.215 981927.928 981927.836 981929.404 981932.300 981935.530 981937.967 981939.007 981939.002 981939.237 981941.403 981946.825 981955.797 981967.351 981979.570 981990.303 981997.944 982001.956 982002.925 982002.184 982001.226 982001.174 982002.521 982005.180 982008.745 982012.804 982017.146 982021.806 982026.990 982032.915 982039.677 982047.132 982054.841 982062.057 982067.777 982070.881 982070.352
981926.922 981924.856 981923.086 981921.559 981920.357 981919.669 981919.660 981920.316 981921.367 981922.378 981922.974 981923.062 981922.917 981923.042 981923.866 981925.442 981927.342 981928.842 981929.325 981928.677 981927.438 981926.592 981927.053 981929.140 981932.323 981935.443 981937.331 981937.527 981936.718 981936.622 981939.307 981946.241 981957.512 981971.608 981985.887 981997.539 982004.629 982006.761 982005.104 982001.815 981999.144 981998.634 982000.726 982004.860 982009.955 982014.983 982019.382 982023.172 982026.785 982030.751 982035.404 982040.705 982046.223 982051.229 982054.839 982056.177 982054.513
981924.529 981922.458 981920.799 981919.574 981918.856 981918.738 981919.244 981920.230 981921.364 981922.229 981922.531 981922.277 981921.816 981921.679 981922.283 981923.657 981925.370 981926.728 981927.167 981926.626 981925.658 981925.195 981926.030 981928.326 981931.411 981934.072 981935.222 981934.638 981933.355 981933.449 981937.224 981946.140 981959.985 981976.700 981993.004 982005.560 982012.207 982012.717 982008.776 982003.224 981998.928 981997.773 982000.165 982005.182 982011.213 982016.728 982020.841 982023.479 982025.163 982026.600 982028.289 982030.322 982032.385 982033.915 982034.286 982032.952 982029.524
981923.259 981921.239 981919.638 981918.542 981918.020 981918.103 981918.731 981919.704 981920.689 981921.329 981921.409 981920.994 981920.440 981920.232 981920.722 981921.901 981923.349 981924.440 981924.699 981924.123 981923.264 981922.974 981923.923 981926.153 981928.941 981931.122 981931.774 981930.911 981929.814 981930.727 981935.978 981946.871 981962.876 981981.534 981999.187 982012.259 982018.564 982018.064 982012.787 982005.945 982000.687 981999.002 982001.211 982006.179 982012.044 982017.075 982020.287 982021.588 982021.526 982020.829 982020.005 982019.166 982018.083 982016.380 982013.720 982009.897 982004.842
981922.630 981920.614 981918.962 981917.806 981917.220 981917.201 981917.656 981918.381 981919.095 981919.520 981919.508 981919.134 981918.693 981918.562 981918.990 981919.919 981920.973 981921.632 981921.543 981920.781 981919.888 981919.633 981920.578 981922.695 981925.287 981927.315 981928.037 981927.629 981927.437 981929.635 981936.348 981948.613 981965.659 981984.894 982002.677 982015.589 982021.672 982021.095 982015.979 982009.481 982004.560 982002.960 982004.802 982008.882 982013.428 982016.923 982018.623 982018.602 982017.426 982015.697 982013.722 982011.443 982008.592 982004.917 982000.337 981994.950 981988.937
981922.081 981920.021 981918.274 981917.004 981916.275 981916.057 981916.238 981916.640 981917.051 981917.277 981917.224 981916.947 981916.646 981916.561 981916.833 981917.379 981917.896 981918.012 981917.522 981916.581 981915.714 981915.594 981916.676 981918.898 981921.629 981923.988 981925.390 981926.072 981927.266 981930.858 981938.602 981951.223 981967.842 981986.043 982002.614 982014.686 982020.769 982021.228 982018.018 982013.796 982010.848 982010.306 982011.954 982014.639 982017.002 982018.143 982017.905 982016.721 982015.188 982013.642 982011.980 982009.777 982006.588 982002.224 981996.837 981990.802 981984.499
981921.351 981919.287 981917.540 981916.275 981915.520 981915.192 981915.153 981915.243 981915.319 981915.273 981915.062 981914.723 981914.367 981914.120 981914.042 981914.058 981913.976 981913.593 981912.855 981911.981 981911.447 981911.796 981913.358 981916.027 981919.248 981922.294 981924.713 981926.729 981929.357 981934.079 981942.204 981954.162 981969.098 981985.016 981999.434 982010.296 982016.722 982019.242 982019.425 982019.089 982019.491 982020.887 982022.627 982023.703 982023.407 982021.736 982019.361 982017.198 982015.855 982015.283 982014.800 982013.472 982010.599 982006.043 982000.223 981993.831 981987.446
981920.663 981918.735 981917.172 981916.103 981915.487 981915.168 981914.957 981914.705 981914.334 981913.824 981913.198 981912.504 981911.803 981911.150 981910.566 981910.021 981909.444 981908.794 981908.145 981907.742 981907.965 981909.186 981911.570 981914.935 981918.785 981922.536 981925.860 981928.971 981932.661 981938.027 981945.959 981956.640 981969.324 981982.526 981994.581 982004.308 982011.440 982016.611 982020.890 982025.114 982029.386 982033.009 982034.901 982034.267 982031.152 982026.562 982022.063 982019.056 982018.110 982018.697 982019.469 982018.923 982016.095 982010.943 982004.236 981997.062 981990.259
981920.587 981918.952 981917.705 981916.914 981916.457 981916.100 981915.613 981914.863 981913.842 981912.630 981911.335 981910.048 981908.819 981907.672 981906.620 981905.677 981904.883 981904.320 981904.145 981904.585 981905.889 981908.227 981911.569 981915.634 981919.955 981924.080 981927.825 981931.445 981935.609 981941.136 981948.599 981957.999 981968.686 981979.610 981989.794 981998.778 982006.791 982014.505 982022.506 982030.741 982038.289 982043.637 982045.364 982042.924 982037.086 982029.782 982023.369 982019.639 982019.055 982020.585 982022.218 982021.909 982018.469 982011.997 982003.662 981995.015 981987.229
981921.656 981920.378 981919.401 981918.731 981918.189 981917.505 981916.451 981914.945 981913.068 981911.009 981908.965 981907.075 981905.396 981903.930 981902.678 981901.679 981901.032 981900.892 981901.448 981902.882 981905.309 981908.706 981912.862 981917.388 981921.832 981925.859 981929.444 981932.954 981937.057 981942.446 981949.511 981958.116 981967.633 981977.248 981986.392 981995.048 982003.746 982013.168 982023.560 982034.256 982043.645 982049.673 982050.734 982046.506 982038.323 982028.806 982020.881 982016.594 982016.277 982018.460 982020.585 982020.159 982015.809 982007.756 981997.518 981987.076 981977.951
981923.971 981922.962 981922.009 981921.082 981920.006 981918.553 981916.573 981914.086 981911.281 981908.441 981905.829 981903.604 981901.804 981900.395 981899.342 981898.669 981898.481 981898.949 981900.258 981902.542 981905.821 981909.940 981914.562 981919.225 981923.480 981927.085 981930.155 981933.202 981936.978 981942.180 981949.124 981957.574 981966.836 981976.106 981984.914 981993.393 982002.196 982012.030 982023.026 982034.283 982043.903 982049.613 982049.735 982044.082 982034.278 982023.310 982014.405 982009.746 982009.590 982012.221 982014.744 982014.368 982009.557 982000.537 981988.993 981977.159 981966.824
981927.016 981926.077 981924.817 981923.208 981921.151 981918.552 981915.415 981911.906 981908.324 981905.005 981902.216 981900.078 981898.574 981897.606 981897.086 981896.996 981897.411 981898.475 981900.346 981903.131 981906.810 981911.193 981915.910 981920.481 981924.469 981927.674 981930.292 981932.933 981936.444 981941.585 981948.674 981957.410 981966.977 981976.427 981985.167 981993.267 982001.393 982010.339 982020.357 982030.662 982039.432 982044.413 982043.896 982037.646 982027.259 982015.729 982006.343 982001.367 982001.134 982003.958 982006.906 982007.075 982002.767 981994.039 981982.456 981970.226 981959.229
981929.819 981928.755 981926.945 981924.397 981921.147 981917.292 981913.046 981908.733 981904.732 981901.370 981898.840 981897.165 981896.236 981895.896 981896.015 981896.545 981897.522 981899.042 981901.219 981904.139 981907.800 981912.064 981916.629 981921.073 981924.980 981928.143 981930.737 981933.365 981936.902 981942.153 981949.475 981958.547 981968.445 981978.042 981986.534 981993.840 982000.610 982007.793 982015.940 982024.624 982032.322 982036.911 982036.602 982030.895 982021.039 982009.738 982000.148 981994.626 981993.777 981996.259 981999.415 982000.434 981997.472 981990.253 981979.935 981968.404 981957.418
981931.360 981930.089 981927.709 981924.272 981919.957 981915.075 981910.048 981905.342 981901.365 981898.368 981896.401 981895.346 981895.004 981895.190 981895.795 981896.791 981898.196 981900.045 981902.379 981905.241 981908.665 981912.620 981916.955 981921.374 981925.515 981929.121 981932.246 981935.361 981939.252 981944.715 981952.147 981961.263 981971.114 981980.454 981988.310 981994.461 981999.553 982004.725 982010.897 982018.092 982025.155 982030.101 982030.975 982026.834 982018.358 982007.751 981997.933 981991.375 981989.116 981990.406 981993.121 981994.722 981993.278 981988.099 981979.764 981969.626 981959.161
981931.022 981929.612 981926.872 981922.871 981917.898 981912.439 981907.094 981902.432 981898.844 981896.455 981895.136 981894.617 981894.636 981895.050 981895.852 981897.100 981898.832 981901.009 981903.551 981906.407 981909.610 981913.249 981917.370 981921.867 981926.468 981930.863 981934.924 981938.885 981943.338 981948.996 981956.289 981965.028 981974.343 981982.990 981989.920 981994.827 981998.354 982001.797 982006.404 982012.601 982019.567 982025.426 982028.016 982025.897 982019.108 982009.285 981999.059 981991.009 981986.649 981985.911 981987.325 981988.743 981988.239 981984.759 981978.300 981969.649 981959.933
981928.837 981927.453 981924.686 981920.562 981915.413 981909.839 981904.569 981900.243 981897.219 981895.482 981894.723 981894.535 981894.634 981894.977 981895.728 981897.096 981899.161 981901.799 981904.755 981907.815 981910.952 981914.349 981918.262 981922.818 981927.886 981933.128 981938.219 981943.109 981948.135 981953.872 981960.776 981968.802 981977.250 981984.987 981990.980 981994.869 981997.257 981999.497 982003.031 982008.568 982015.553 982022.219 982026.268 982025.872 982020.534 982011.380 982000.741 981991.221 981984.693 981981.658 981981.236 981981.691 981981.204 981978.523 981973.239 981965.702 981956.747
981925.410 981924.227 981921.735 981917.857 981912.892 981907.491 981902.479 981898.564 981896.083 981894.912 981894.586 981894.586 981894.623 981894.777 981895.406 981896.892 981899.370 981902.622 981906.189 981909.644 981912.855 981916.059 981919.711 981924.187 981929.533 981935.420 981941.356 981947.010 981952.448 981958.095 981964.432 981971.582 981979.075 981985.955 981991.248 981994.534 981996.299 981997.818 982000.557 982005.373 982011.922 982018.613 982023.188 982023.679 982019.291 982010.789 982000.210 981990.034 981982.227 981977.573 981975.556 981974.769 981973.588 981970.778 981965.805 981958.834 981950.540
981921.599 981920.725 981918.681 981915.237 981910.603 981905.443 981900.665 981897.065 981895.007 981894.305 981894.376 981894.595 981894.656 981894.729 981895.337 981897.012 981899.945 981903.832 981908.026 981911.898 981915.194 981918.186 981921.501 981925.747 981931.142 981937.390 981943.862 981949.986 981955.584 981960.950 981966.599 981972.837 981979.437 981985.642 981990.543 981993.631 981995.195 981996.301 981998.298 982002.077 982007.476 982013.178 982017.187 982017.687 982013.870 982006.323 981996.793 981987.460 981980.059 981975.286 981972.686 981971.036 981968.950 981965.419 981960.073 981953.156 981945.346
981918.128 981917.585 981916.020 981913.031 981908.717 981903.736 981899.080 981895.666 981893.931 981893.674 981894.222 981894.844 981895.171 981895.400 981896.146 981898.045 981901.334 981905.663 981910.262 981914.357 981917.621 981920.354 981923.319 981927.296 981932.631 981939.038 981945.772 981952.061 981957.542 981962.420 981967.264 981972.565 981978.332 981983.998 981988.710 981991.850 981993.471 981994.360 981995.655 981998.203 982002.007 982006.087 982008.874 982008.935 982005.678 981999.662 981992.360 981985.498 981980.315 981977.095 981975.177 981973.374 981970.551 981966.068 981959.930 981952.655 981945.034
981915.352 981915.099 981913.958 981911.371 981907.329 981902.481 981897.905 981894.640 981893.216 981893.446 981894.590 981895.805 981896.625 981897.204 981898.177 981900.232 981903.648 981908.076 981912.708 981916.729 981919.799 981922.263 981924.970 981928.790 981934.108 981940.597 981947.395 981953.581 981958.672 981962.842 981966.745 981971.048 981975.972 981981.113 981985.672 981988.941 981990.755 981991.628 981992.467 981994.028 981996.430 981999.016 982000.678 982000.447 981998.057 981994.123 981989.867 981986.504 981984.642 981983.998 981983.562 981982.104 981978.734 981973.241 981966.086 981958.127 981950.305
981913.263 981913.226 981912.423 981910.189 981906.435 981901.796 981897.403 981894.383 981893.336 981894.089 981895.854 981897.695 981899.051 981900.010 981901.183 981903.268 981906.575 981910.789 981915.139 981918.850 981921.631 981923.881 981926.483 981930.306 981935.686 981942.202 981948.877 981954.698 981959.141 981962.415 981965.280 981968.555 981972.624 981977.209 981981.564 981984.936 981987.024 981988.144 981989.010 981990.264 981992.062 981993.963 981995.210 981995.230 981994.051 981992.365 981991.182 981991.258 981992.617 981994.440 981995.394 981994.218 981990.267 981983.732 981975.485 981966.665 981958.302
981911.673 981911.747 981911.185 981909.282 981905.904 981901.658 981897.671 981895.075 981894.478 981895.701 981897.930 981900.197 981901.905 981903.109 981904.394 981906.443 981909.566 981913.476 981917.456 981920.808 981923.318 981925.429 981928.021 981931.895 981937.279 981943.637 981949.918 981955.090 981958.678 981960.982 981962.869 981965.260 981968.614 981972.715 981976.857 981980.297 981982.705 981984.317 981985.731 981987.482 981989.672 981991.915 981993.618 981994.429 981994.560 981994.749 981995.855 981998.309 982001.726 982004.937 982006.438 982005.024 982000.297 981992.773 981983.589 981974.013 981965.043
981910.408 981910.456 981910.012 981908.405 981905.499 981901.852 981898.507 981896.503 981896.369 981897.892 981900.272 981902.596 981904.335 981905.588 981906.943 981909.045 981912.153 981915.949 981919.730 981922.855 981925.173 981927.165 981929.679 981933.430 981938.533 981944.374 981949.896 981954.150 981956.791 981958.253 981959.479 981961.396 981964.427 981968.315 981972.351 981975.847 981978.543 981980.725 981982.974 981985.741 981989.017 981992.327 981995.057 981996.897 981998.116 981999.456 982001.691 982005.078 982009.041 982012.292 982013.346 982011.166 982005.598 981997.374 981987.725 981977.857 981968.604
981909.395 981909.261 981908.778 981907.387 981904.983 981902.059 981899.507 981898.181 981898.456 981900.057 981902.243 981904.251 981905.725 981906.896 981908.384 981910.770 981914.192 981918.217 981922.082 981925.153 981927.324 981929.098 981931.303 981934.584 981938.986 981943.886 981948.315 981951.498 981953.291 981954.263 981955.377 981957.454 981960.739 981964.821 981968.936 981972.464 981975.298 981977.877 981980.863 981984.668 981989.156 981993.693 981997.536 982000.305 982002.247 982004.086 982006.552 982009.834 982013.321 982015.771 982015.861 982012.797 982006.658 981998.297 981988.887 981979.415 981970.439
981908.617 981908.169 981907.501 981906.206 981904.246 981902.048 981900.319 981899.670 981900.279 981901.798 981903.574 981905.055 981906.133 981907.218 981908.971 981911.874 981915.881 981920.378 981924.487 981927.553 981929.501 981930.874 981932.497 981934.982 981938.355 981942.049 981945.257 981947.437 981948.671 981949.645 981951.267 981954.141 981958.221 981962.854 981967.180 981970.656 981973.380 981976.015 981979.361 981983.841 981989.211 981994.679 981999.368 982002.823 982005.261 982007.388 982009.894 982012.926 982015.861 982017.548 982016.859 982013.261 982007.051 981999.150 981990.597 981982.078 981973.819
