Data/data_grav_rasters/EIGEN-6C4_gravitation_ell.asc
ncols         159
nrows         172
xllcorner     32.4820794100
yllcorner     29.1707288100
cellsize      0.0259688
nodata_value  9999999
[rows 0 to 24 of 172, columns 57 to 113 of 159]
981929.512 981929.251 981929.955 981931.385 981932.979 981934.120 981934.416 981933.846 981932.721 981931.495 981930.535 981929.978 981929.721 981929.535 981929.224 981928.725 981928.116 981927.538 981927.096 981926.794 981926.554 981926.283 981925.945 981925.598 981925.369 981925.391 981925.749 981926.442 981927.404 981928.531 981929.718 981930.882 981931.978 981933.016 981934.078 981935.314 981936.903 981938.959 981941.437 981944.085 981946.496 981948.293 981949.346 981949.939 981950.766 981952.714 981956.523 981962.464 981970.215 981979.017 981988.018 981996.659 982004.863 982012.945 982021.293 982030.032 982038.897
981930.693 981930.784 981931.595 981932.874 981934.134 981934.906 981934.957 981934.376 981933.489 981932.658 981932.096 981931.779 981931.514 981931.085 981930.400 981929.544 981928.710 981928.072 981927.667 981927.382 981927.043 981926.542 981925.946 981925.484 981925.440 981925.999 981927.137 981928.625 981930.139 981931.420 981932.391 981933.180 981934.032 981935.171 981936.686 981938.505 981940.449 981942.337 981944.071 981945.676 981947.273 981949.035 981951.144 981953.777 981957.105 981961.273 981966.363 981972.341 981979.029 981986.140 981993.358 982000.437 982007.264 982013.857 982020.312 982026.765 982033.413
981932.031 981932.412 981933.254 981934.290 981935.140 981935.512 981935.354 981934.855 981934.316 981933.957 981933.795 981933.640 981933.233 981932.423 981931.277 981930.057 981929.074 981928.502 981928.272 981928.123 981927.766 981927.096 981926.296 981925.779 981925.982 981927.121 981929.050 981931.301 981933.305 981934.670 981935.371 981935.754 981936.333 981937.513 981939.361 981941.573 981943.643 981945.145 981945.992 981946.522 981947.382 981949.255 981952.583 981957.398 981963.345 981969.861 981976.412 981982.669 981988.548 981994.125 981999.490 982004.630 982009.430 982013.792 982017.818 982021.975 982027.135
981933.596 981934.158 981934.975 981935.762 981936.227 981936.236 981935.885 981935.437 981935.150 981935.110 981935.164 981935.004 981934.355 981933.160 981931.648 981930.230 981929.288 981928.956 981929.043 981929.143 981928.882 981928.171 981927.306 981926.852 981927.357 981929.037 981931.622 981934.446 981936.756 981938.081 981938.467 981938.445 981938.739 981939.870 981941.866 981944.230 981946.215 981947.250 981947.310 981947.028 981947.471 981949.701 981954.304 981961.133 981969.379 981977.911 981985.729 981992.297 981997.609 982001.995 982005.804 982009.163 982011.969 982014.132 982015.945 982018.344 982022.865
981935.489 981936.182 981937.002 981937.629 981937.817 981937.534 981936.973 981936.439 981936.157 981936.132 981936.126 981935.794 981934.898 981933.476 981931.859 981930.525 981929.845 981929.877 981930.319 981930.679 981930.558 981929.912 981929.130 981928.864 981929.692 981931.787 981934.773 981937.862 981940.222 981941.382 981941.472 981941.146 981941.236 981942.294 981944.286 981946.597 981948.368 981949.007 981948.598 981947.992 981948.507 981951.366 981957.149 981965.509 981975.302 981985.056 981993.544 982000.179 982005.063 982008.698 982011.559 982013.803 982015.305 982016.008 982016.406 982017.816 982022.219
981937.762 981938.610 981939.513 981940.108 981940.160 981939.676 981938.888 981938.115 981937.576 981937.264 981936.956 981936.362 981935.318 981933.924 981932.526 981931.551 981931.272 981931.645 981932.310 981932.779 981932.721 981932.176 981931.587 981931.600 981932.724 981935.038 981938.090 981941.080 981943.226 981944.150 981944.069 981943.677 981943.776 981944.844 981946.766 981948.887 981950.389 981950.792 981950.325 981949.961 981951.053 981954.756 981961.481 981970.672 981981.013 981990.953 981999.306 982005.616 982010.141 982013.484 982016.128 982018.159 982019.363 982019.664 982019.635 982020.742 982025.064
981940.311 981941.324 981942.347 981942.995 981943.027 981942.446 981941.473 981940.408 981939.473 981938.706 981937.982 981937.130 981936.084 981934.961 981934.030 981933.560 981933.662 981934.190 981934.796 981935.112 981934.964 981934.507 981934.189 981934.540 981935.899 981938.202 981940.968 981943.500 981945.207 981945.895 981945.858 981945.730 981946.139 981947.372 981949.207 981951.038 981952.230 981952.542 981952.381 981952.738 981954.809 981959.465 981966.821 981976.137 981986.087 981995.291 982002.833 982008.525 982012.787 982016.245 982019.283 982021.842 982023.580 982024.345 982024.657 982025.875 982029.841
981942.864 981943.937 981944.990 981945.663 981945.726 981945.162 981944.134 981942.884 981941.612 981940.414 981939.295 981938.242 981937.294 981936.560 981936.171 981936.179 981936.500 981936.914 981937.158 981937.076 981936.719 981936.363 981936.397 981937.139 981938.664 981940.739 981942.905 981944.681 981945.790 981946.287 981946.530 981946.985 981947.977 981949.499 981951.212 981952.632 981953.437 981953.728 981954.110 981955.510 981958.810 981964.446 981972.171 981981.107 981990.073 981998.044 982004.510 982009.581 982013.777 982017.630 982021.338 982024.669 982027.189 982028.700 982029.626 982031.069 982034.419
981945.111 981946.003 981946.859 981947.411 981947.484 981947.042 981946.158 981944.958 981943.567 981942.100 981940.683 981939.466 981938.606 981938.208 981938.257 981938.587 981938.927 981939.014 981938.720 981938.145 981937.587 981937.418 981937.912 981939.099 981940.737 981942.420 981943.764 981944.593 981945.021 981945.390 981946.084 981947.322 981949.026 981950.842 981952.323 981953.180 981953.500 981953.793 981954.860 981957.494 981962.159 981968.780 981976.739 981985.099 981992.942 981999.696 982005.282 982010.033 982014.423 982018.755 982022.971 982026.705 982029.554 982031.418 982032.711 982034.277 982036.996
981946.913 981947.338 981947.719 981947.944 981947.946 981947.688 981947.134 981946.240 981944.985 981943.442 981941.815 981940.406 981939.510 981939.263 981939.550 981940.025 981940.262 981939.974 981939.174 981938.204 981937.580 981937.735 981938.784 981940.442 981942.151 981943.355 981943.791 981943.627 981943.392 981943.697 981944.911 981946.953 981949.307 981951.277 981952.355 981952.518 981952.313 981952.677 981954.569 981958.579 981964.693 981972.308 981980.483 981988.308 981995.214 982001.106 982006.270 982011.116 982015.899 982020.559 982024.757 982028.087 982030.356 982031.764 982032.884 982034.400 982036.729
981948.414 981948.188 981947.892 981947.610 981947.426 981947.333 981947.188 981946.746 981945.793 981944.295 981942.487 981940.810 981939.709 981939.404 981939.744 981940.262 981940.412 981939.874 981938.765 981937.611 981937.087 981937.650 981939.254 981941.334 981943.064 981943.791 981943.389 981942.362 981941.600 981941.922 981943.634 981946.338 981949.117 981951.005 981951.513 981950.943 981950.313 981950.940 981953.861 981959.388 981966.998 981975.587 981983.971 981991.354 981997.570 982002.978 982008.124 982013.343 982018.528 982023.185 982026.719 982028.805 982029.631 982029.868 982030.372 982031.751 982034.026
981949.958 981949.097 981948.085 981947.205 981946.711 981946.664 981946.845 981946.826 981946.182 981944.748 981942.751 981940.740 981939.320 981938.827 981939.132 981939.695 981939.872 981939.290 981938.102 981936.940 981936.578 981937.480 981939.488 981941.837 981943.528 981943.861 981942.846 981941.246 981940.208 981940.658 981942.787 981945.909 981948.801 981950.349 981950.188 981948.978 981948.169 981949.356 981953.545 981960.693 981969.756 981979.194 981987.673 981994.598 982000.224 982005.319 982010.587 982016.183 982021.582 982025.871 982028.287 982028.703 982027.786 982026.719 982026.629 982028.014 982030.481
981951.818 981950.528 981948.928 981947.462 981946.554 981946.363 981946.651 981946.866 981946.417 981945.007 981942.829 981940.506 981938.774 981938.087 981938.362 981939.025 981939.341 981938.864 981937.723 981936.587 981936.283 981937.297 981939.428 981941.828 981943.424 981943.520 981942.222 981940.439 981939.431 981940.117 981942.541 981945.794 981948.475 981949.469 981948.625 981946.966 981946.286 981948.325 981953.933 981962.659 981972.970 981982.982 981991.316 981997.640 982002.628 982007.387 982012.697 982018.490 982023.855 982027.565 982028.825 982027.798 982025.631 982023.909 982023.847 982025.647 982028.388
981953.943 981952.505 981950.539 981948.587 981947.210 981946.685 981946.822 981947.033 981946.631 981945.221 981942.944 981940.440 981938.519 981937.716 981937.995 981938.767 981939.234 981938.871 981937.755 981936.545 981936.099 981936.945 981938.912 981941.169 981942.660 981942.714 981941.476 981939.881 981939.158 981940.126 981942.675 981945.761 981947.948 981948.249 981946.785 981944.897 981944.600 981947.635 981954.600 981964.632 981975.794 981985.990 981993.912 981999.528 982003.885 982008.331 982013.639 982019.507 982024.727 982027.913 982028.386 982026.669 982024.315 982023.104 982024.059 982026.819 982029.770
981955.898 981954.542 981952.447 981950.171 981948.354 981947.389 981947.188 981947.216 981946.774 981945.406 981943.183 981940.696 981938.747 981937.902 981938.159 981938.944 981939.442 981939.084 981937.895 981936.506 981935.781 981936.294 981937.948 981939.988 981941.425 981941.619 981940.695 981939.511 981939.170 981940.339 981942.788 981945.434 981946.937 981946.519 981944.574 981942.669 981942.893 981946.860 981954.872 981965.714 981977.199 981987.187 981994.555 981999.587 982003.608 982008.072 982013.632 982019.730 982024.940 982027.865 982028.071 982026.483 982024.972 982025.318 982028.103 982032.197 982035.187
981957.082 981955.921 981953.899 981951.503 981949.379 981948.000 981947.412 981947.195 981946.712 981945.480 981943.477 981941.185 981939.321 981938.429 981938.542 981939.152 981939.496 981939.018 981937.719 981936.184 981935.247 981935.497 981936.898 981938.790 981940.259 981940.693 981940.163 981939.398 981939.336 981940.503 981942.608 981944.634 981945.420 981944.427 981942.259 981940.576 981941.390 981946.087 981954.682 981965.735 981977.001 981986.490 981993.371 981998.227 982002.542 982007.703 982014.102 982020.864 982026.374 982029.306 982029.548 982028.442 982028.124 982030.272 982034.950 982040.235 982042.959
981957.072 981956.132 981954.346 981952.055 981949.826 981948.170 981947.256 981946.825 981946.343 981945.328 981943.654 981941.644 981939.880 981938.856 981938.659 981938.903 981938.960 981938.347 981937.059 981935.606 981934.738 981934.992 981936.352 981938.227 981939.782 981940.433 981940.194 981939.670 981939.653 981940.577 981942.175 981943.575 981943.838 981942.639 981940.682 981939.566 981941.083 981946.326 981955.065 981965.786 981976.389 981985.210 981991.791 981996.985 982002.307 982008.915 982016.801 982024.694 982030.769 982033.774 982033.913 982032.920 982033.177 982036.294 982041.935 982047.589 982049.579
981955.864 981955.148 981953.727 981951.737 981949.604 981947.821 981946.670 981946.061 981945.594 981944.809 981943.476 981941.741 981940.032 981938.788 981938.177 981937.988 981937.776 981937.170 981936.153 981935.120 981934.665 981935.212 981936.718 981938.646 981940.245 981940.977 981940.829 981940.311 981940.120 981940.666 981941.775 981942.774 981942.950 981942.126 981940.988 981940.922 981943.384 981949.131 981957.747 981967.773 981977.409 981985.435 981991.810 981997.616 982004.308 982012.719 982022.371 982031.559 982038.217 982041.110 982040.674 982038.945 982038.524 982041.059 982046.064 982050.814 982051.499
981953.838 981953.365 981952.376 981950.785 981948.844 981947.001 981945.634 981944.824 981944.320 981943.703 981942.655 981941.157 981939.487 981938.040 981937.079 981936.582 981936.295 981935.945 981935.473 981935.113 981935.261 981936.197 981937.845 981939.739 981941.241 981941.889 981941.673 981941.040 981940.627 981940.864 981941.714 981942.725 981943.391 981943.615 981943.956 981945.475 981949.214 981955.575 981963.999 981973.162 981981.640 981988.688 981994.669 982000.847 982008.591 982018.418 982029.439 982039.581 982046.559 982049.092 982047.702 982044.563 982042.403 982042.967 982045.876 982048.574 982047.512
981951.472 981951.240 981950.645 981949.396 981947.585 981945.620 981943.967 981942.876 981942.248 981941.719 981940.908 981939.657 981938.116 981936.646 981935.589 981935.081 981935.012 981935.154 981935.359 981935.675 981936.306 981937.423 981938.971 981940.610 981941.858 981942.352 981942.084 981941.431 981940.969 981941.155 981942.100 981943.575 981945.257 981947.077 981949.398 981952.900 981958.175 981965.279 981973.542 981981.801 981988.997 981994.806 981999.920 982005.735 982013.556 982023.704 982035.069 982045.408 982052.335 982054.504 982052.365 982048.000 982044.068 982042.352 982042.701 982042.979 982040.166
981949.015 981948.938 981948.559 981947.445 981945.580 981943.357 981941.332 981939.905 981939.112 981938.650 981938.095 981937.182 981935.963 981934.762 981933.967 981933.801 981934.216 981934.954 981935.742 981936.456 981937.169 981938.037 981939.124 981940.291 981941.240 981941.695 981941.602 981941.217 981941.012 981941.452 981942.794 981945.027 981948.003 981951.650 981956.112 981961.670 981968.482 981976.299 981984.372 981991.704 981997.543 982001.880 982005.609 982010.189 982016.890 982026.007 982036.477 982046.173 982052.817 982055.053 982053.138 982048.821 982044.422 982041.570 982040.269 982038.847 982034.891
981946.353 981946.231 981945.793 981944.549 981942.443 981939.885 981937.506 981935.813 981934.938 981934.618 981934.400 981933.950 981933.249 981932.585 981932.351 981932.784 981933.806 981935.071 981936.166 981936.847 981937.158 981937.358 981937.729 981938.380 981939.187 981939.896 981940.322 981940.523 981940.821 981941.676 981943.502 981946.519 981950.749 981956.109 981962.502 981969.821 981977.836 981986.057 981993.730 982000.045 982004.519 982007.342 982009.470 982012.314 982017.101 982024.220 982032.890 982041.388 982047.783 982050.829 982050.551 982048.181 982045.446 982043.563 982042.495 982040.897 982036.868
981943.169 981942.742 981941.981 981940.421 981938.030 981935.240 981932.714 981930.997 981930.247 981930.205 981930.401 981930.463 981930.343 981930.309 981930.736 981931.818 981933.391 981934.987 981936.075 981936.362 981935.958 981935.322 981935.005 981935.355 981936.352 981937.661 981938.877 981939.801 981940.599 981941.766 981943.916 981947.530 981952.798 981959.585 981967.517 981976.091 981984.727 981992.791 981999.637 982004.737 982007.895 982009.444 982010.277 982011.611 982014.538 982019.536 982026.206 982033.403 982039.739 982044.223 982046.699 982047.827 982048.601 982049.633 982050.633 982050.389 982047.336
981939.270 981938.337 981937.124 981935.253 981932.743 981930.024 981927.724 981926.334 981925.959 981926.305 981926.891 981927.356 981927.671 981928.120 981929.062 981930.633 981932.568 981934.279 981935.158 981934.924 981933.822 981932.535 981931.862 981932.308 981933.847 981935.967 981937.982 981939.445 981940.440 981941.588 981943.791 981947.824 981954.004 981962.066 981971.264 981980.641 981989.287 981996.524 982001.968 982005.531 982007.419 982008.129 982008.412 982009.145 982011.107 982014.713 982019.866 982026.001 982032.348 982038.292 982043.621 982048.520 982053.280 982057.877 982061.674 982063.457 982061.855
981934.853 981933.378 981931.775 981929.785 981927.471 981925.219 981923.542 981922.791 981922.957 981923.688 981924.507 981925.113 981925.550 981926.160 981927.314 981929.101 981931.171 981932.852 981933.499 981932.881 981931.383 981929.878 981929.315 981930.239 981932.507 981935.363 981937.856 981939.386 981940.090 981940.859 981942.965 981947.485 981954.786 981964.328 981974.855 981984.856 981993.082 981998.896 982002.336 982003.950 982004.511 982004.773 982005.337 982006.624 982008.892 982012.254 982016.686 982022.044 982028.119 982034.729 982041.755 982049.107 982056.574 982063.641 982069.393 982072.610 982072.071
