Data/data_grav_rasters/EIGEN-6C4_gravity_anomaly.asc
ncols         159
nrows         172
xllcorner     32.4820794100
yllcorner     29.1707288100
cellsize      0.0259688
nodata_value  9999
[rows 0 to 30 of 172, columns 0 to 70 of 159]
37.580 42.197 46.434 50.310 53.664 56.172 57.460 57.245 55.435 52.134 47.562 41.938 35.404 28.040 19.951 11.376 2.734 -5.424 -12.564 -18.330 -22.664 -25.806 -28.188 -30.279 -32.449 -34.903 -37.699 -40.802 -44.138 -47.601 -51.044 -54.267 -57.048 -59.212 -60.706 -61.629 -62.181 -62.551 -62.808 -62.851 -62.468 -61.484 -59.897 -57.944 -56.023 -54.510 -53.566 -53.041 -52.548 -51.673 -50.216 -48.338 -46.510 -45.296 -45.060 -45.765 -46.958 -47.977 -48.249 -47.562 -46.154 -44.584 -43.464 -43.185 -43.766 -44.899 -46.134 -47.104 -47.675 -47.950 -48.153
35.226 39.325 43.051 46.539 49.718 52.291 53.824 53.907 52.306 49.018 44.242 38.266 31.366 23.764 15.653 7.273 -1.030 -8.821 -15.652 -21.189 -25.315 -28.166 -30.082 -31.510 -32.896 -34.594 -36.831 -39.692 -43.113 -46.894 -50.715 -54.196 -56.993 -58.903 -59.942 -60.336 -60.417 -60.473 -60.610 -60.711 -60.517 -59.791 -58.480 -56.785 -55.078 -53.725 -52.891 -52.443 -52.019 -51.229 -49.879 -48.105 -46.325 -45.037 -44.559 -44.853 -45.535 -46.057 -45.980 -45.186 -43.929 -42.690 -41.938 -41.902 -42.494 -43.390 -44.232 -44.808 -45.141 -45.423 -45.869
32.537 35.976 38.891 41.565 44.086 46.269 47.705 47.921 46.561 43.502 38.870 32.965 26.139 18.713 10.945 3.071 -4.650 -11.902 -18.340 -23.657 -27.674 -30.397 -32.037 -32.971 -33.672 -34.622 -36.211 -38.661 -41.963 -45.863 -49.911 -53.575 -56.397 -58.141 -58.866 -58.890 -58.649 -58.502 -58.582 -58.760 -58.737 -58.228 -57.132 -55.603 -53.977 -52.602 -51.653 -51.042 -50.480 -49.648 -48.390 -46.820 -45.272 -44.127 -43.604 -43.634 -43.897 -43.983 -43.616 -42.793 -41.776 -40.946 -40.590 -40.762 -41.273 -41.825 -42.197 -42.375 -42.548 -42.971 -43.796
29.354 32.114 34.137 35.841 37.485 39.029 40.148 40.364 39.236 36.530 32.282 26.756 20.337 13.410 6.283 -0.820 -7.723 -14.240 -20.148 -25.195 -29.163 -31.935 -33.569 -34.322 -34.633 -35.040 -36.057 -38.031 -41.036 -44.823 -48.885 -52.602 -55.439 -57.124 -57.723 -57.587 -57.185 -56.900 -56.874 -56.981 -56.922 -56.412 -55.334 -53.811 -52.133 -50.605 -49.392 -48.452 -47.587 -46.584 -45.364 -44.043 -42.870 -42.087 -41.776 -41.798 -41.863 -41.683 -41.137 -40.338 -39.568 -39.120 -39.126 -39.489 -39.950 -40.252 -40.308 -40.273 -40.451 -41.115 -42.321
25.684 27.906 29.218 30.108 30.952 31.842 32.552 32.642 31.645 29.253 25.426 20.386 14.528 8.280 1.986 -4.146 -10.022 -15.600 -20.805 -25.487 -29.434 -32.438 -34.400 -35.413 -35.801 -36.069 -36.771 -38.343 -40.948 -44.401 -48.223 -51.790 -54.552 -56.210 -56.802 -56.642 -56.159 -55.704 -55.411 -55.181 -54.779 -53.984 -52.724 -51.111 -49.377 -47.746 -46.327 -45.083 -43.893 -42.662 -41.413 -40.298 -39.510 -39.162 -39.191 -39.364 -39.387 -39.057 -38.380 -37.578 -36.968 -36.795 -37.091 -37.664 -38.211 -38.507 -38.550 -38.575 -38.924 -39.833 -41.266
21.743 23.693 24.665 25.116 25.443 25.806 26.069 25.866 24.767 22.460 18.879 14.228 8.909 3.378 -1.999 -7.036 -11.730 -16.191 -20.522 -24.721 -28.634 -32.006 -34.595 -36.301 -37.262 -37.853 -38.581 -39.906 -42.071 -44.997 -48.307 -51.462 -53.958 -55.501 -56.081 -55.922 -55.354 -54.646 -53.916 -53.118 -52.131 -50.869 -49.350 -47.699 -46.073 -44.574 -43.194 -41.846 -40.443 -38.992 -37.633 -36.582 -36.019 -35.968 -36.248 -36.540 -36.525 -36.054 -35.224 -34.339 -33.760 -33.722 -34.218 -35.017 -35.801 -36.355 -36.684 -37.009 -37.618 -38.674 -40.078
17.761 19.744 20.794 21.233 21.372 21.361 21.128 20.414 18.898 16.343 12.726 8.269 3.381 -1.470 -5.921 -9.821 -13.266 -16.517 -19.867 -23.480 -27.304 -31.076 -34.435 -37.086 -38.946 -40.194 -41.214 -42.435 -44.151 -46.403 -48.964 -51.441 -53.437 -54.693 -55.158 -54.950 -54.265 -53.271 -52.053 -50.633 -49.030 -47.319 -45.634 -44.119 -42.847 -41.765 -40.707 -39.489 -38.019 -36.379 -34.816 -33.631 -33.030 -33.001 -33.298 -33.547 -33.415 -32.779 -31.785 -30.780 -30.149 -30.131 -30.723 -31.707 -32.781 -33.728 -34.509 -35.248 -36.113 -37.172 -38.306
13.786 16.029 17.463 18.204 18.394 18.114 17.335 15.928 13.739 10.682 6.829 2.442 -2.068 -6.259 -9.804 -12.612 -14.869 -16.970 -19.365 -22.372 -26.040 -30.122 -34.177 -37.743 -40.527 -42.505 -43.909 -45.093 -46.375 -47.895 -49.579 -51.204 -52.507 -53.302 -53.519 -53.191 -52.391 -51.179 -49.602 -47.733 -45.712 -43.756 -42.102 -40.905 -40.151 -39.636 -39.038 -38.065 -36.605 -34.789 -32.952 -31.476 -30.611 -30.355 -30.453 -30.523 -30.243 -29.502 -28.448 -27.415 -26.760 -26.710 -27.285 -28.322 -29.581 -30.863 -32.072 -33.203 -34.268 -35.230 -35.977
9.663 12.215 14.120 15.270 15.609 15.122 13.810 11.690 8.805 5.251 1.218 -2.999 -7.027 -10.495 -13.160 -15.005 -16.290 -17.493 -19.151 -21.671 -25.167 -29.410 -33.911 -38.106 -41.556 -44.082 -45.784 -46.939 -47.850 -48.711 -49.564 -50.321 -50.857 -51.073 -50.930 -50.420 -49.533 -48.246 -46.560 -44.557 -42.443 -40.516 -39.068 -38.250 -37.976 -37.934 -37.695 -36.901 -35.428 -33.445 -31.343 -29.555 -28.365 -27.797 -27.629 -27.521 -27.189 -26.530 -25.657 -24.820 -24.286 -24.227 -24.681 -25.574 -26.783 -28.182 -29.658 -31.085 -32.314 -33.188 -33.602
5.217 7.926 10.153 11.614 12.083 11.455 9.761 7.152 3.860 0.147 -3.706 -7.414 -10.693 -13.304 -15.123 -16.219 -16.891 -17.622 -18.943 -21.255 -24.669 -28.952 -33.603 -38.028 -41.739 -44.495 -46.327 -47.449 -48.122 -48.536 -48.768 -48.806 -48.623 -48.220 -47.628 -46.864 -45.900 -44.665 -43.107 -41.274 -39.361 -37.667 -36.480 -35.931 -35.900 -36.032 -35.875 -35.072 -33.523 -31.426 -29.186 -27.233 -25.847 -25.068 -24.724 -24.552 -24.338 -24.002 -23.594 -23.230 -23.020 -23.033 -23.304 -23.868 -24.773 -26.037 -27.588 -29.224 -30.643 -31.553 -31.818
0.490 3.063 5.317 6.878 7.415 6.763 4.979 2.318 -0.855 -4.167 -7.311 -10.067 -12.297 -13.931 -14.987 -15.612 -16.100 -16.867 -18.342 -20.821 -24.343 -28.640 -33.222 -37.532 -41.130 -43.815 -45.621 -46.735 -47.356 -47.607 -47.514 -47.066 -46.285 -45.265 -44.145 -43.030 -41.936 -40.785 -39.473 -37.976 -36.407 -34.998 -33.991 -33.493 -33.387 -33.353 -32.996 -32.027 -30.395 -28.315 -26.160 -24.298 -22.951 -22.144 -21.754 -21.623 -21.641 -21.773 -22.012 -22.321 -22.616 -22.814 -22.922 -23.081 -23.535 -24.499 -26.006 -27.820 -29.507 -30.620 -30.943
-4.156 -2.009 -0.016 1.449 2.026 1.522 0.006 -2.216 -4.718 -7.098 -9.086 -10.581 -11.611 -12.283 -12.749 -13.205 -13.907 -15.149 -17.198 -20.187 -24.028 -28.398 -32.820 -36.820 -40.077 -42.497 -44.187 -45.332 -46.062 -46.388 -46.227 -45.498 -44.235 -42.614 -40.901 -39.335 -38.018 -36.893 -35.809 -34.640 -33.385 -32.177 -31.194 -30.536 -30.127 -29.731 -29.057 -27.913 -26.304 -24.436 -22.608 -21.079 -19.969 -19.258 -18.870 -18.760 -18.955 -19.502 -20.372 -21.392 -22.282 -22.788 -22.850 -22.686 -22.721 -23.378 -24.821 -26.824 -28.841 -30.272 -30.781
-8.155 -6.565 -4.964 -3.660 -2.996 -3.171 -4.125 -5.557 -7.054 -8.253 -8.970 -9.226 -9.201 -9.139 -9.281 -9.841 -11.011 -12.957 -15.777 -19.435 -23.711 -28.214 -32.482 -36.127 -38.964 -41.040 -42.559 -43.728 -44.614 -45.105 -44.982 -44.073 -42.397 -40.206 -37.897 -35.849 -34.261 -33.100 -32.159 -31.209 -30.131 -28.970 -27.866 -26.939 -26.183 -25.461 -24.582 -23.427 -22.029 -20.557 -19.215 -18.136 -17.326 -16.712 -16.253 -16.018 -16.184 -16.917 -18.213 -19.818 -21.291 -22.208 -22.414 -22.143 -21.946 -22.409 -23.829 -26.011 -28.338 -30.079 -30.782
-10.993 -9.837 -8.524 -7.284 -6.426 -6.149 -6.426 -7.001 -7.523 -7.703 -7.445 -6.867 -6.232 -5.849 -5.983 -6.829 -8.516 -11.112 -14.600 -18.825 -23.470 -28.088 -32.217 -35.534 -37.958 -39.661 -40.940 -42.032 -42.963 -43.520 -43.370 -42.263 -40.211 -37.532 -34.742 -32.330 -30.564 -29.402 -28.565 -27.721 -26.666 -25.400 -24.082 -22.894 -21.914 -21.082 -20.257 -19.335 -18.325 -17.335 -16.485 -15.811 -15.234 -14.639 -14.007 -13.498 -13.422 -14.070 -15.513 -17.481 -19.436 -20.820 -21.358 -21.238 -21.045 -21.461 -22.881 -25.161 -27.668 -29.597 -30.415
-12.438 -11.374 -10.064 -8.688 -7.534 -6.808 -6.519 -6.470 -6.380 -6.035 -5.396 -4.618 -3.971 -3.737 -4.140 -5.325 -7.376 -10.325 -14.122 -18.582 -23.351 -27.951 -31.907 -34.913 -36.943 -38.239 -39.166 -39.995 -40.741 -41.138 -40.791 -39.414 -37.031 -34.028 -31.001 -28.506 -26.814 -25.823 -25.154 -24.375 -23.232 -21.748 -20.167 -18.780 -17.755 -17.068 -16.556 -16.054 -15.496 -14.928 -14.427 -14.000 -13.544 -12.931 -12.139 -11.363 -10.984 -11.393 -12.754 -14.850 -17.127 -18.948 -19.923 -20.139 -20.128 -20.585 -21.961 -24.189 -26.678 -28.634 -29.494
-12.634 -11.256 -9.634 -7.953 -6.498 -5.479 -4.923 -4.672 -4.493 -4.215 -3.821 -3.444 -3.293 -3.561 -4.378 -5.825 -7.964 -10.853 -14.495 -18.757 -23.315 -27.688 -31.378 -34.051 -35.675 -36.511 -36.960 -37.331 -37.655 -37.666 -36.962 -35.267 -32.643 -29.531 -26.578 -24.347 -23.055 -22.483 -22.120 -21.435 -20.157 -18.388 -16.515 -14.976 -14.029 -13.649 -13.587 -13.550 -13.367 -13.038 -12.663 -12.305 -11.915 -11.373 -10.622 -9.808 -9.287 -9.485 -10.651 -12.674 -15.069 -17.195 -18.581 -19.183 -19.414 -19.912 -21.154 -23.161 -25.457 -27.328 -28.235
-12.025 -10.065 -7.972 -5.976 -4.369 -3.344 -2.906 -2.890 -3.072 -3.293 -3.531 -3.875 -4.447 -5.325 -6.530 -8.072 -10.010 -12.467 -15.552 -19.242 -23.287 -27.229 -30.537 -32.824 -34.012 -34.344 -34.236 -34.035 -33.811 -33.332 -32.223 -30.240 -27.489 -24.457 -21.816 -20.104 -19.445 -19.481 -19.547 -19.015 -17.613 -15.547 -13.374 -11.698 -10.869 -10.832 -11.215 -11.565 -11.595 -11.289 -10.832 -10.426 -10.136 -9.867 -9.485 -8.997 -8.630 -8.763 -9.710 -11.498 -13.789 -16.018 -17.679 -18.603 -19.048 -19.545 -20.570 -22.251 -24.267 -26.038 -27.077
-11.180 -8.654 -6.188 -4.075 -2.601 -1.907 -1.926 -2.437 -3.190 -4.023 -4.912 -5.921 -7.107 -8.454 -9.881 -11.334 -12.870 -14.679 -16.986 -19.893 -23.245 -26.614 -29.445 -31.294 -32.023 -31.847 -31.194 -30.445 -29.720 -28.821 -27.400 -25.231 -22.447 -19.564 -17.271 -16.087 -16.059 -16.705 -17.224 -16.894 -15.433 -13.139 -10.725 -8.952 -8.247 -8.526 -9.286 -9.917 -10.023 -9.597 -8.948 -8.463 -8.354 -8.558 -8.833 -8.980 -9.024 -9.233 -9.957 -11.382 -13.373 -15.507 -17.293 -18.453 -19.074 -19.556 -20.353 -21.695 -23.438 -25.155 -26.411
-10.603 -7.813 -5.296 -3.396 -2.371 -2.274 -2.930 -4.031 -5.283 -6.532 -7.783 -9.121 -10.593 -12.128 -13.574 -14.814 -15.885 -17.018 -18.526 -20.619 -23.226 -25.961 -28.259 -29.633 -29.900 -29.261 -28.159 -27.013 -25.976 -24.868 -23.327 -21.106 -18.319 -15.493 -13.344 -12.411 -12.733 -13.772 -14.641 -14.537 -13.145 -10.802 -8.320 -6.571 -6.046 -6.639 -7.745 -8.619 -8.780 -8.233 -7.412 -6.885 -7.011 -7.762 -8.785 -9.664 -10.195 -10.516 -10.999 -11.994 -13.588 -15.531 -17.377 -18.751 -19.573 -20.091 -20.721 -21.779 -23.286 -24.965 -26.422
-10.580 -7.978 -5.800 -4.414 -4.033 -4.611 -5.861 -7.388 -8.869 -10.178 -11.389 -12.661 -14.076 -15.555 -16.895 -17.909 -18.590 -19.161 -19.984 -21.341 -23.238 -25.334 -27.075 -27.957 -27.783 -26.751 -25.332 -23.983 -22.877 -21.814 -20.372 -18.221 -15.410 -12.444 -10.081 -8.943 -9.154 -10.224 -11.257 -11.392 -10.251 -8.133 -5.860 -4.347 -4.127 -5.091 -6.580 -7.760 -8.082 -7.553 -6.689 -6.194 -6.547 -7.756 -9.386 -10.850 -11.758 -12.137 -12.380 -12.985 -14.239 -16.052 -18.020 -19.679 -20.779 -21.421 -21.963 -22.785 -24.047 -25.596 -27.075
-11.100 -9.088 -7.515 -6.754 -6.979 -8.070 -9.662 -11.309 -12.688 -13.731 -14.605 -15.563 -16.751 -18.098 -19.350 -20.241 -20.688 -20.873 -21.166 -21.901 -23.149 -24.630 -25.821 -26.224 -25.643 -24.290 -22.665 -21.264 -20.272 -19.453 -18.287 -16.314 -13.462 -10.185 -7.282 -5.507 -5.158 -5.897 -6.901 -7.291 -6.594 -4.993 -3.226 -2.174 -2.386 -3.779 -5.697 -7.279 -7.933 -7.636 -6.924 -6.560 -7.099 -8.585 -10.561 -12.349 -13.458 -13.850 -13.939 -14.329 -15.449 -17.317 -19.541 -21.569 -23.004 -23.808 -24.284 -24.852 -25.775 -27.004 -28.215
-11.845 -10.627 -9.698 -9.431 -9.990 -11.241 -12.803 -14.237 -15.259 -15.871 -16.330 -16.972 -17.993 -19.312 -20.619 -21.554 -21.940 -21.899 -21.794 -22.004 -22.675 -23.595 -24.289 -24.275 -23.352 -21.740 -19.966 -18.563 -17.743 -17.245 -16.454 -14.760 -11.936 -8.338 -4.784 -2.165 -1.003 -1.183 -2.030 -2.682 -2.563 -1.683 -0.613 -0.140 -0.804 -2.582 -4.889 -6.902 -8.013 -8.151 -7.797 -7.696 -8.418 -10.048 -12.159 -14.080 -15.301 -15.767 -15.902 -16.350 -17.601 -19.708 -22.265 -24.644 -26.342 -27.227 -27.561 -27.793 -28.256 -28.969 -29.646
-12.296 -11.854 -11.410 -11.350 -11.871 -12.886 -14.071 -15.050 -15.604 -15.804 -15.969 -16.475 -17.525 -19.009 -20.541 -21.666 -22.114 -21.953 -21.543 -21.316 -21.502 -21.972 -22.295 -21.994 -20.845 -19.043 -17.125 -15.667 -14.940 -14.703 -14.297 -12.981 -10.363 -6.657 -2.637 0.710 2.654 3.061 2.416 1.519 1.041 1.165 1.532 1.491 0.519 -1.448 -3.961 -6.300 -7.881 -8.572 -8.751 -9.069 -10.059 -11.836 -14.042 -16.080 -17.484 -18.204 -18.642 -19.412 -20.976 -23.366 -26.153 -28.678 -30.398 -31.158 -31.214 -31.036 -30.989 -31.124 -31.174
-11.933 -12.107 -11.935 -11.820 -12.021 -12.542 -13.165 -13.610 -13.738 -13.667 -13.732 -14.305 -15.558 -17.330 -19.164 -20.527 -21.079 -20.848 -20.207 -19.647 -19.487 -19.680 -19.833 -19.449 -18.241 -16.342 -14.266 -12.638 -11.823 -11.677 -11.572 -10.705 -8.529 -5.080 -1.014 2.676 5.122 5.969 5.497 4.410 3.434 2.930 2.754 2.406 1.386 -0.480 -2.922 -5.378 -7.328 -8.588 -9.404 -10.286 -11.688 -13.731 -16.140 -18.419 -20.173 -21.351 -22.291 -23.511 -25.383 -27.891 -30.606 -32.904 -34.299 -34.686 -34.356 -33.789 -33.342 -33.045 -32.615
-10.471 -11.088 -11.067 -10.812 -10.644 -10.665 -10.772 -10.787 -10.634 -10.450 -10.553 -11.273 -12.739 -14.747 -16.799 -18.322 -18.938 -18.657 -17.865 -17.106 -16.777 -16.902 -17.115 -16.877 -15.805 -13.926 -11.698 -9.781 -8.664 -8.370 -8.397 -7.962 -6.411 -3.587 0.045 3.591 6.144 7.191 6.823 5.618 4.304 3.371 2.861 2.422 1.582 0.058 -2.074 -4.439 -6.611 -8.372 -9.836 -11.351 -13.265 -15.687 -18.415 -21.057 -23.278 -25.010 -26.490 -28.096 -30.086 -32.398 -34.648 -36.326 -37.084 -36.932 -36.220 -35.421 -34.835 -34.416 -33.827
-8.037 -8.982 -9.127 -8.856 -8.512 -8.263 -8.094 -7.902 -7.648 -7.461 -7.616 -8.395 -9.896 -11.911 -13.957 -15.470 -16.071 -15.758 -14.912 -14.099 -13.770 -14.002 -14.452 -14.540 -13.774 -12.044 -9.714 -7.446 -5.856 -5.171 -5.095 -4.952 -4.049 -2.054 0.797 3.797 6.096 7.108 6.764 5.497 3.979 2.769 2.050 1.604 0.997 -0.135 -1.887 -4.066 -6.348 -8.502 -10.522 -12.605 -14.987 -17.760 -20.783 -23.757 -26.397 -28.599 -30.482 -32.274 -34.118 -35.935 -37.427 -38.253 -38.250 -37.567 -36.611 -35.819 -35.395 -35.181 -34.754
-5.167 -6.356 -6.753 -6.682 -6.456 -6.259 -6.116 -5.961 -5.761 -5.614 -5.742 -6.390 -7.656 -9.382 -11.160 -12.489 -13.013 -12.707 -11.910 -11.165 -10.933 -11.339 -12.077 -12.554 -12.188 -10.728 -8.404 -5.832 -3.709 -2.463 -2.037 -1.939 -1.513 -0.310 1.660 3.917 5.748 6.561 6.169 4.854 3.193 1.750 0.801 0.244 -0.293 -1.210 -2.722 -4.777 -7.141 -9.573 -11.975 -14.417 -17.048 -19.952 -23.053 -26.141 -28.978 -31.425 -33.490 -35.261 -36.789 -37.995 -38.689 -38.709 -38.068 -37.037 -36.047 -35.470 -35.399 -35.560 -35.454
-2.585 -3.903 -4.573 -4.833 -4.927 -5.009 -5.104 -5.151 -5.099 -4.996 -5.013 -5.364 -6.182 -7.400 -8.735 -9.787 -10.234 -10.007 -9.358 -8.746 -8.611 -9.119 -10.042 -10.829 -10.862 -9.768 -7.617 -4.913 -2.358 -0.520 0.424 0.748 0.989 1.641 2.867 4.409 5.723 6.267 5.779 4.403 2.596 0.883 -0.409 -1.285 -2.034 -3.043 -4.581 -6.678 -9.157 -11.769 -14.342 -16.859 -19.417 -22.118 -24.971 -27.863 -30.615 -33.067 -35.136 -36.797 -38.025 -38.749 -38.877 -38.385 -37.417 -36.304 -35.458 -35.174 -35.443 -35.919 -36.073
-0.888 -2.136 -2.948 -3.470 -3.866 -4.242 -4.605 -4.885 -5.003 -4.955 -4.847 -4.867 -5.187 -5.853 -6.728 -7.531 -7.974 -7.926 -7.502 -7.037 -6.917 -7.358 -8.251 -9.163 -9.515 -8.852 -7.077 -4.516 -1.784 0.499 1.980 2.707 3.050 3.462 4.204 5.200 6.072 6.358 5.764 4.320 2.364 0.354 -1.363 -2.715 -3.904 -5.264 -7.061 -9.358 -11.994 -14.703 -17.263 -19.601 -21.799 -24.010 -26.345 -28.802 -31.272 -33.592 -35.611 -37.212 -38.312 -38.843 -38.771 -38.158 -37.203 -36.238 -35.617 -35.553 -35.982 -36.551 -36.777
-0.265 -1.201 -1.900 -2.442 -2.922 -3.408 -3.899 -4.327 -4.592 -4.629 -4.476 -4.274 -4.218 -4.455 -4.988 -5.659 -6.213 -6.439 -6.301 -5.975 -5.772 -5.961 -6.591 -7.412 -7.956 -7.744 -6.525 -4.412 -1.848 0.590 2.449 3.586 4.182 4.590 5.095 5.739 6.291 6.379 5.706 4.225 2.167 -0.081 -2.176 -3.993 -5.654 -7.431 -9.560 -12.098 -14.884 -17.626 -20.064 -22.094 -23.809 -25.427 -27.166 -29.135 -31.292 -33.480 -35.494 -37.147 -38.306 -38.900 -38.930 -38.490 -37.782 -37.086 -36.679 -36.707 -37.096 -37.553 -37.703
-0.447 -0.884 -1.229 -1.521 -1.813 -2.159 -2.576 -3.016 -3.374 -3.539 -3.463 -3.220 -2.993 -2.995 -3.348 -4.008 -4.759 -5.324 -5.510 -5.330 -5.002 -4.836 -5.046 -5.599 -6.194 -6.387 -5.811 -4.367 -2.287 -0.031 1.927 3.311 4.129 4.608 5.009 5.441 5.779 5.735 5.032 3.571 1.506 -0.841 -3.144 -5.242 -7.203 -9.247 -11.585 -14.265 -17.121 -19.843 -22.140 -23.887 -25.192 -26.329 -27.604 -29.212 -31.161 -33.289 -35.346 -37.093 -38.366 -39.101 -39.329 -39.161 -38.775 -38.381 -38.172 -38.242 -38.535 -38.855 -38.959
