Data/data_grav_rasters/EIGEN-6C4_gravity_anomaly.asc
ncols         159
nrows         172
xllcorner     32.4820794100
yllcorner     29.1707288100
cellsize      0.0259688
nodata_value  9999
[rows 93 to 123 of 172, columns 0 to 70 of 159]
5.383 4.141 1.872 -0.349 -1.562 -1.424 -0.379 0.588 0.483 -1.145 -3.915 -6.736 -8.293 -7.664 -4.774 -0.491 3.682 6.186 5.987 2.940 -2.193 -8.058 -13.190 -16.521 -17.611 -16.748 -14.727 -12.529 -10.996 -10.596 -11.349 -12.912 -14.763 -16.412 -17.562 -18.167 -18.370 -18.385 -18.352 -18.265 -17.978 -17.300 -16.111 -14.450 -12.521 -10.626 -9.044 -7.946 -7.347 -7.147 -7.207 -7.422 -7.751 -8.189 -8.710 -9.218 -9.540 -9.477 -8.887 -7.769 -6.293 -4.758 -3.535 -2.937 -3.135 -4.098 -5.615 -7.338 -8.883 -9.932 -10.294
-0.651 -2.822 -5.403 -7.206 -7.363 -5.811 -3.385 -1.441 -1.189 -3.065 -6.458 -9.926 -11.826 -11.046 -7.523 -2.307 2.847 6.157 6.487 3.722 -1.260 -6.975 -11.890 -14.914 -15.715 -14.633 -12.501 -10.284 -8.758 -8.317 -8.937 -10.285 -11.892 -13.342 -14.400 -15.040 -15.389 -15.613 -15.802 -15.914 -15.794 -15.263 -14.231 -12.765 -11.088 -9.500 -8.265 -7.516 -7.230 -7.269 -7.471 -7.723 -7.984 -8.256 -8.524 -8.705 -8.669 -8.285 -7.491 -6.368 -5.130 -4.064 -3.428 -3.390 -3.972 -5.053 -6.439 -7.909 -9.243 -10.260 -10.796
-6.236 -9.040 -11.621 -12.777 -11.784 -8.846 -5.104 -2.158 -1.344 -3.077 -6.619 -10.363 -12.526 -11.924 -8.487 -3.280 1.943 5.446 6.163 4.034 -0.078 -4.790 -8.769 -11.144 -11.690 -10.788 -9.159 -7.559 -6.538 -6.331 -6.877 -7.923 -9.157 -10.321 -11.270 -11.973 -12.473 -12.817 -13.004 -12.974 -12.635 -11.932 -10.902 -9.695 -8.539 -7.657 -7.184 -7.118 -7.336 -7.668 -7.972 -8.192 -8.333 -8.424 -8.460 -8.336 -7.942 -7.202 -6.174 -5.049 -4.099 -3.575 -3.604 -4.157 -5.072 -6.156 -7.263 -8.329 -9.347 -10.277 -10.992
-9.429 -12.355 -14.641 -15.168 -13.375 -9.641 -5.226 -1.770 -0.574 -2.004 -5.304 -8.913 -11.142 -10.896 -8.112 -3.740 0.698 3.751 4.587 3.227 0.414 -2.774 -5.380 -6.860 -7.191 -6.713 -5.921 -5.251 -4.953 -5.087 -5.584 -6.325 -7.195 -8.105 -8.978 -9.738 -10.300 -10.574 -10.482 -10.004 -9.177 -8.128 -7.054 -6.181 -5.690 -5.654 -6.007 -6.570 -7.123 -7.507 -7.679 -7.701 -7.667 -7.608 -7.505 -7.206 -6.573 -5.578 -4.393 -3.332 -2.744 -2.849 -3.637 -4.875 -6.220 -7.386 -8.265 -8.949 -9.627 -10.388 -11.132
-9.359 -11.870 -13.671 -13.805 -11.864 -8.265 -4.168 -1.006 0.128 -1.025 -3.782 -6.823 -8.778 -8.802 -6.893 -3.815 -0.705 1.431 2.102 1.434 -0.007 -1.539 -2.663 -3.213 -3.328 -3.271 -3.269 -3.430 -3.737 -4.128 -4.570 -5.090 -5.740 -6.535 -7.407 -8.196 -8.685 -8.705 -8.168 -7.135 -5.811 -4.496 -3.492 -3.023 -3.159 -3.784 -4.640 -5.417 -5.880 -5.959 -5.754 -5.486 -5.328 -5.302 -5.309 -5.093 -4.467 -3.438 -2.266 -1.390 -1.234 -2.002 -3.572 -5.538 -7.393 -8.762 -9.553 -9.965 -10.312 -10.793 -11.324
-6.636 -8.353 -9.593 -9.640 -8.199 -5.609 -2.740 -0.623 0.008 -0.952 -2.945 -5.026 -6.295 -6.279 -5.097 -3.321 -1.653 -0.591 -0.253 -0.422 -0.706 -0.810 -0.668 -0.427 -0.316 -0.492 -0.954 -1.559 -2.136 -2.592 -2.980 -3.433 -4.090 -4.953 -5.882 -6.629 -6.911 -6.553 -5.568 -4.138 -2.601 -1.334 -0.618 -0.577 -1.116 -1.961 -2.753 -3.190 -3.135 -2.669 -2.080 -1.684 -1.675 -2.031 -2.491 -2.693 -2.376 -1.558 -0.577 0.024 -0.238 -1.566 -3.758 -6.301 -8.578 -10.158 -10.946 -11.189 -11.248 -11.363 -11.467
-2.917 -3.709 -4.406 -4.547 -3.944 -2.796 -1.595 -0.880 -0.959 -1.758 -2.861 -3.737 -4.000 -3.596 -2.795 -1.992 -1.484 -1.325 -1.312 -1.149 -0.617 0.261 1.240 1.999 2.293 2.090 1.557 0.950 0.453 0.079 -0.313 -0.901 -1.770 -2.825 -3.802 -4.380 -4.308 -3.552 -2.270 -0.789 0.508 1.326 1.537 1.220 0.627 0.093 -0.089 0.233 0.986 1.882 2.539 2.628 2.050 0.923 -0.308 -1.154 -1.328 -0.864 -0.163 0.171 -0.385 -2.006 -4.465 -7.217 -9.624 -11.255 -12.033 -12.185 -12.048 -11.822 -11.419
0.040 0.065 -0.128 -0.329 -0.452 -0.574 -0.850 -1.370 -2.054 -2.659 -2.891 -2.585 -1.806 -0.850 -0.101 0.186 0.022 -0.322 -0.434 -0.006 1.026 2.416 3.758 4.691 5.049 4.928 4.584 4.258 4.021 3.760 3.262 2.386 1.185 -0.063 -0.970 -1.231 -0.725 0.368 1.682 2.799 3.412 3.449 3.060 2.560 2.292 2.506 3.272 4.444 5.688 6.582 6.737 5.958 4.367 2.312 0.261 -1.201 -1.800 -1.640 -1.175 -1.019 -1.667 -3.276 -5.596 -8.116 -10.279 -11.731 -12.431 -12.582 -12.416 -12.017 -11.218
1.274 1.856 2.129 2.093 1.708 0.942 -0.151 -1.359 -2.346 -2.731 -2.313 -1.154 0.375 1.768 2.602 2.738 2.393 2.022 2.092 2.851 4.200 5.765 7.102 7.914 8.186 8.135 8.043 8.055 8.087 7.883 7.196 5.978 4.478 3.151 2.451 2.621 3.542 4.781 5.796 6.167 5.780 4.885 3.959 3.501 3.840 5.004 6.716 8.480 9.746 10.065 9.195 7.252 4.620 1.714 -0.844 -2.545 -3.244 -3.167 -2.814 -2.756 -3.394 -4.803 -6.726 -8.719 -10.381 -11.500 -12.106 -12.358 -12.369 -12.031 -11.071
0.965 1.804 2.483 2.856 2.744 2.061 0.909 -0.384 -1.346 -1.583 -0.876 0.590 2.338 3.820 4.666 4.844 4.684 4.684 5.246 6.476 8.122 9.733 10.900 11.459 11.557 11.523 11.629 11.911 12.128 11.928 11.070 9.623 8.004 6.776 6.393 6.946 8.072 9.126 9.472 8.801 7.277 5.484 4.165 3.916 4.934 6.931 9.262 11.116 11.907 11.319 9.327 6.345 2.965 -0.242 -2.662 -4.023 -4.385 -4.134 -3.806 -3.868 -4.565 -5.836 -7.387 -8.858 -10.015 -10.824 -11.397 -11.863 -12.183 -12.089 -11.177
0.085 0.928 1.894 2.753 3.215 3.075 2.361 1.375 0.574 0.374 0.969 2.199 3.642 4.846 5.552 5.831 6.054 6.657 7.908 9.731 11.745 13.454 14.503 14.879 14.865 14.857 15.112 15.584 15.945 15.793 14.927 13.515 12.052 11.110 11.037 11.744 12.680 13.105 12.430 10.535 7.880 5.314 3.726 3.682 5.164 7.575 9.987 11.499 11.469 9.955 7.238 3.783 0.377 -2.298 -3.878 -4.369 -4.098 -3.573 -3.304 -3.631 -4.599 -5.986 -7.441 -8.661 -9.542 -10.191 -10.807 -11.489 -12.088 -12.208 -11.380
-0.322 0.359 1.408 2.585 3.534 3.951 3.758 3.140 2.483 2.173 2.411 3.116 4.000 4.758 5.265 5.670 6.325 7.569 9.520 11.948 14.381 16.305 17.436 17.855 17.908 18.026 18.445 19.092 19.627 19.660 19.042 17.984 16.949 16.402 16.522 17.047 17.348 16.724 14.798 11.664 8.005 4.805 2.960 2.896 4.372 6.591 8.521 9.348 8.609 6.574 3.747 0.669 -1.868 -3.363 -3.731 -3.228 -2.352 -1.664 -1.599 -2.337 -3.750 -5.488 -7.143 -8.434 -9.315 -9.958 -10.595 -11.310 -11.920 -11.988 -11.082
0.227 0.683 1.568 2.706 3.759 4.393 4.467 4.051 3.450 2.998 2.902 3.156 3.597 4.046 4.475 5.066 6.117 7.878 10.346 13.224 16.007 18.227 19.637 20.340 20.680 21.062 21.692 22.505 23.226 23.553 23.388 22.914 22.476 22.344 22.506 22.557 21.884 20.081 16.955 12.746 8.342 4.649 2.463 1.982 2.826 4.182 5.187 5.225 4.148 2.295 0.108 -1.788 -2.906 -3.080 -2.440 -1.352 -0.303 0.248 -0.001 -1.112 -2.885 -4.941 -6.863 -8.363 -9.377 -10.032 -10.519 -10.925 -11.105 -10.732 -9.562
1.465 1.715 2.245 2.981 3.691 4.114 4.115 3.717 3.154 2.698 2.538 2.701 3.083 3.574 4.169 5.034 6.404 8.455 11.139 14.169 17.116 19.574 21.335 22.469 23.251 23.977 24.809 25.711 26.521 27.070 27.329 27.448 27.582 27.802 27.972 27.501 25.942 23.144 19.076 14.229 9.453 5.462 2.818 1.549 1.154 1.101 0.866 0.220 -0.762 -1.797 -2.560 -2.833 -2.571 -1.886 -0.986 -0.112 0.498 0.637 0.152 -0.987 -2.671 -4.649 -6.606 -8.210 -9.296 -9.848 -9.945 -9.684 -9.056 -7.974 -6.348
2.675 2.794 2.903 3.057 3.186 3.156 2.907 2.485 2.060 1.841 1.960 2.433 3.160 4.037 5.027 6.239 7.836 9.937 12.516 15.380 18.223 20.755 22.812 24.402 25.654 26.696 27.626 28.430 29.078 29.553 29.954 30.402 30.899 31.481 31.666 30.868 28.770 25.381 21.081 16.201 11.469 7.408 4.258 1.877 -0.040 -1.736 -3.211 -4.301 -4.762 -4.474 -3.556 -2.340 -1.228 -0.523 -0.300 -0.429 -0.700 -0.984 -1.312 -1.848 -2.760 -4.086 -5.703 -7.250 -8.327 -8.695 -8.285 -7.187 -5.606 -3.721 -1.737
3.168 3.250 3.044 2.703 2.316 1.912 1.516 1.199 1.072 1.273 1.882 2.856 4.084 5.449 6.898 8.457 10.210 12.232 14.525 17.006 19.529 21.951 24.168 26.134 27.797 29.116 30.021 30.526 30.694 30.717 30.838 31.226 31.856 32.589 32.840 32.085 29.931 26.747 22.755 18.373 14.085 10.119 6.451 2.928 -0.529 -3.711 -6.162 -7.362 -7.017 -5.320 -2.922 -0.716 0.533 0.510 -0.538 -1.965 -3.035 -3.313 -2.854 -2.105 -1.664 -1.958 -3.073 -4.584 -5.814 -6.172 -5.407 -3.600 -1.217 1.228 3.257
2.640 2.800 2.492 1.956 1.388 0.928 0.648 0.629 0.934 1.581 2.603 3.931 5.483 7.172 8.944 10.777 12.676 14.644 16.669 18.748 20.882 23.081 25.342 27.585 29.624 31.188 32.069 32.204 31.732 31.008 30.478 30.436 30.885 31.613 32.135 31.702 29.977 27.318 24.041 20.388 16.579 12.766 8.664 4.184 -0.481 -4.741 -7.743 -8.756 -7.568 -4.716 -1.327 1.284 2.189 1.226 -0.947 -3.180 -4.310 -3.787 -1.863 0.585 2.473 3.016 2.059 0.156 -1.689 -2.510 -1.804 0.221 2.958 5.550 7.352
1.304 1.606 1.447 1.071 0.713 0.540 0.640 1.048 1.749 2.698 3.851 5.170 6.650 8.314 10.171 12.197 14.311 16.398 18.363 20.199 22.006 23.957 26.183 28.642 31.068 33.007 34.048 33.988 33.003 31.545 30.227 29.584 29.749 30.449 31.140 31.119 30.063 28.030 25.239 21.944 18.383 14.388 9.949 4.887 -0.461 -5.213 -8.292 -8.948 -7.113 -3.580 0.220 2.811 3.342 1.941 -0.432 -2.293 -2.338 -0.135 3.656 7.722 10.577 11.215 9.586 6.483 3.302 1.395 1.419 3.090 5.778 8.246 9.590
-0.368 0.142 0.309 0.336 0.418 0.711 1.277 2.098 3.083 4.110 5.100 6.062 7.117 8.442 10.184 12.355 14.794 17.226 19.393 21.205 22.806 24.518 26.648 29.281 32.140 34.654 36.165 36.325 35.239 33.382 31.492 30.290 30.094 30.691 31.451 31.617 30.729 28.877 26.061 22.676 18.875 14.491 9.644 4.380 -1.046 -5.665 -8.432 -8.707 -6.567 -2.916 0.795 3.194 3.719 2.850 1.567 1.462 3.588 7.981 13.557 18.571 21.307 20.926 17.665 12.669 7.674 4.223 3.156 4.287 6.664 8.880 9.912
-1.842 -1.078 -0.531 -0.081 0.415 1.091 2.007 3.118 4.276 5.288 6.028 6.536 7.050 7.927 9.476 11.777 14.610 17.530 20.075 22.010 23.473 24.915 26.853 29.561 32.835 36.034 38.359 39.181 38.481 36.775 34.719 33.264 32.819 33.211 33.743 33.799 32.714 30.375 26.450 22.346 17.727 12.700 7.615 2.431 -2.515 -6.459 -8.637 -8.621 -6.572 -3.324 -0.055 2.234 3.304 3.720 4.599 7.164 11.949 18.405 25.064 29.831 30.754 28.492 23.398 16.730 10.017 5.095 3.083 3.736 5.819 7.891 8.943
-2.735 -1.694 -0.839 -0.140 0.522 1.303 2.324 3.579 4.896 6.015 6.724 7.022 7.205 7.749 9.126 11.514 14.677 18.043 20.952 23.008 24.305 25.391 26.985 29.576 33.103 36.911 40.036 41.837 41.834 40.552 38.849 37.470 36.875 37.000 37.227 36.654 34.619 31.338 26.380 20.627 14.709 9.147 3.986 -0.684 -4.620 -7.492 -8.947 -8.782 -7.181 -4.734 -2.169 0.018 1.874 4.036 7.403 12.646 19.662 27.328 33.689 36.991 36.516 31.768 25.263 17.384 9.488 3.834 1.528 2.080 4.161 6.258 7.435
-2.925 -1.607 -0.577 0.130 0.637 1.197 2.086 3.399 4.985 6.497 7.588 8.130 8.352 8.787 10.041 12.400 15.678 19.263 22.351 24.406 25.462 26.109 27.193 29.400 32.813 36.860 40.456 42.771 43.323 42.904 41.597 40.526 39.960 39.842 39.395 37.854 34.981 30.493 24.034 16.976 10.161 4.185 -0.570 -4.127 -6.646 -8.258 -8.980 -8.826 -7.919 -6.504 -4.809 -2.847 -0.318 3.338 8.623 15.607 23.595 30.936 35.596 37.144 36.687 31.735 23.118 14.205 6.151 1.024 -0.679 0.334 2.685 4.936 6.221
-2.548 -0.975 0.121 0.652 0.796 0.951 1.576 2.925 4.914 7.104 8.952 10.126 10.721 11.239 12.350 14.491 17.601 21.092 24.122 26.063 26.859 27.067 27.564 29.144 32.038 35.767 39.435 42.032 42.998 42.645 41.742 40.900 40.337 39.884 38.662 36.592 32.948 26.710 19.339 11.558 4.434 -1.070 -4.697 -6.718 -7.660 -8.027 -8.165 -8.201 -8.112 -7.791 -7.019 -5.467 -2.712 1.618 7.615 14.852 22.173 27.895 31.327 32.914 30.525 24.264 15.993 7.681 1.218 -2.214 -2.520 -0.618 2.132 4.457 5.642
-1.962 -0.141 1.008 1.353 1.123 0.886 1.268 2.681 5.113 8.060 10.772 12.705 13.786 14.427 15.342 17.105 19.811 22.981 25.818 27.644 28.269 28.145 28.101 28.927 30.956 33.857 36.790 38.982 39.825 39.532 38.634 37.739 36.953 36.128 34.585 31.613 26.947 20.343 12.660 5.129 -1.031 -5.068 -6.954 -7.267 -6.751 -6.197 -6.102 -6.547 -7.321 -8.011 -8.116 -7.149 -4.723 -0.680 4.753 10.839 16.542 20.507 22.767 22.503 18.768 12.967 6.215 0.243 -3.607 -4.713 -3.342 -0.480 2.602 4.833 5.684
-1.621 0.440 1.742 2.091 1.724 1.323 1.603 3.083 5.814 9.274 12.603 15.102 16.550 17.272 17.977 19.344 21.602 24.419 27.067 28.861 29.477 29.177 28.711 28.795 29.753 31.416 33.183 34.375 34.740 34.182 33.081 31.873 30.683 29.298 27.203 23.647 18.531 12.152 5.429 -0.431 -4.456 -6.248 -6.117 -4.858 -3.391 -2.552 -2.754 -3.897 -5.556 -7.120 -7.963 -7.630 -5.897 -2.862 1.086 5.245 8.791 10.970 11.303 9.581 6.103 1.698 -2.581 -5.645 -6.764 -5.745 -3.033 0.444 3.644 5.693 6.213
-1.892 0.417 2.018 2.658 2.511 2.238 2.594 4.117 6.889 10.427 13.898 16.565 18.176 18.974 19.609 20.776 22.784 25.387 27.938 29.769 30.470 30.159 29.344 28.660 28.512 28.849 29.334 29.538 29.204 28.273 26.971 25.528 23.909 21.859 18.987 15.034 10.127 4.869 0.192 -2.986 -4.149 -3.410 -1.429 0.848 2.430 2.689 1.557 -0.629 -3.237 -5.545 -6.964 -7.199 -6.249 -4.418 -2.239 -0.250 1.062 1.319 0.429 -1.429 -3.823 -6.156 -7.871 -8.424 -7.531 -5.263 -2.005 1.559 4.666 6.658 7.187
-2.884 -0.351 1.655 2.815 3.227 3.389 3.972 5.481 8.022 11.217 14.377 16.884 18.512 19.473 20.332 21.672 23.741 26.320 28.817 30.633 31.314 30.850 29.665 28.297 27.097 26.245 25.648 25.086 24.379 23.445 22.268 20.773 18.807 16.177 12.768 8.745 4.609 1.160 -0.868 -0.978 0.811 3.811 7.004 9.318 10.002 8.898 6.262 2.711 -0.920 -3.892 -5.765 -6.455 -6.190 -5.414 -4.649 -4.307 -4.542 -5.397 -6.606 -7.850 -8.794 -9.203 -8.938 -7.934 -6.196 -3.778 -0.839 2.336 5.300 7.541 8.662
-4.405 -1.740 0.624 2.390 3.536 4.333 5.269 6.749 8.900 11.505 14.119 16.343 18.041 19.392 20.805 22.652 25.029 27.661 29.983 31.567 31.947 31.093 29.394 27.330 25.275 23.522 22.224 21.360 20.800 20.359 19.752 18.637 16.718 13.884 10.322 6.648 3.735 2.424 3.191 6.023 10.252 14.660 18.009 19.328 18.257 15.232 10.700 5.672 1.020 -2.566 -4.846 -5.928 -6.210 -6.175 -6.284 -6.788 -7.687 -8.689 -9.421 -9.704 -9.334 -8.327 -6.944 -5.403 -3.792 -2.024 0.084 2.649 5.540 8.351 10.577
-6.045 -3.447 -0.888 1.353 3.160 4.628 5.987 7.501 9.305 11.351 13.470 15.510 17.448 19.405 21.574 24.060 26.758 29.320 31.277 32.313 32.147 30.769 28.485 25.785 23.071 20.723 19.088 18.307 18.306 18.737 19.083 18.758 17.350 14.817 11.657 8.854 7.520 8.489 11.831 16.990 22.666 27.327 29.637 29.077 25.699 20.554 14.268 7.969 2.493 -1.603 -4.279 -5.774 -6.557 -7.036 -7.583 -8.331 -9.187 -9.801 -9.821 -9.164 -7.741 -5.956 -4.113 -2.602 -1.508 -0.557 0.721 2.765 5.688 9.178 12.622
-7.441 -5.156 -2.684 -0.235 2.022 4.029 5.821 7.497 9.164 10.910 12.793 14.866 17.185 19.785 22.631 25.568 28.321 30.548 31.907 32.247 31.521 29.766 27.180 24.115 20.996 18.302 16.505 15.894 16.458 17.798 19.192 19.858 19.326 17.638 15.505 14.120 14.709 17.805 23.188 29.663 35.563 39.230 39.589 37.035 31.215 24.087 16.625 9.513 3.647 -0.712 -3.737 -5.715 -7.048 -7.995 -8.789 -9.520 -10.091 -10.265 -9.784 -8.537 -6.609 -4.411 -2.407 -0.942 -0.096 0.474 1.363 3.168 6.138 10.062 14.303
-8.577 -6.787 -4.640 -2.253 0.211 2.589 4.771 6.727 8.516 10.283 12.224 14.507 17.208 20.256 23.433 26.416 28.861 30.502 31.213 31.052 30.114 28.427 26.035 23.121 19.984 17.096 15.051 14.335 15.076 16.925 19.089 20.672 21.242 20.796 20.165 20.582 23.124 28.071 34.704 41.462 46.529 48.267 46.190 41.511 33.789 25.661 17.503 10.368 4.716 0.428 -2.791 -5.262 -7.195 -8.587 -9.627 -10.345 -10.724 -10.695 -10.107 -8.853 -6.971 -4.737 -2.576 -0.848 0.346 1.256 2.320 4.141 7.046 10.898 15.177
