Data/data_grav_rasters/EIGEN-6C4_gravitation_ell.asc
ncols         159
nrows         172
xllcorner     32.4820794100
yllcorner     29.1707288100
cellsize      0.0259688
nodata_value  9999999
[rows 25 to 49 of 172, columns 0 to 56 of 159]
981950.945 981950.001 981949.860 981950.136 981950.486 981950.738 981950.910 981951.104 981951.360 981951.550 981951.396 981950.614 981949.106 981947.080 981945.024 981943.503 981942.899 981943.216 981944.069 981944.887 981945.220 981944.988 981944.536 981944.449 981945.221 981946.962 981949.308 981951.590 981953.190 981953.879 981953.957 981954.102 981955.014 981957.024 981959.896 981962.918 981965.236 981966.258 981965.917 981964.647 981963.126 981961.915 981961.200 981960.758 981960.155 981959.023 981957.267 981955.083 981952.795 981950.637 981948.615 981946.530 981944.144 981941.365 981938.334 981935.353 981932.709
981953.098 981951.907 981951.511 981951.587 981951.817 981952.018 981952.163 981952.321 981952.522 981952.672 981952.545 981951.895 981950.622 981948.887 981947.099 981945.764 981945.239 981945.548 981946.351 981947.103 981947.338 981946.931 981946.190 981945.712 981946.082 981947.553 981949.893 981952.482 981954.618 981955.872 981956.300 981956.401 981956.831 981958.045 981960.031 981962.306 981964.153 981964.976 981964.586 981963.268 981961.603 981960.158 981959.211 981958.658 981958.125 981957.210 981955.696 981953.636 981951.266 981948.827 981946.420 981943.972 981941.335 981938.423 981935.313 981932.217 981929.373
981954.962 981953.641 981952.970 981952.712 981952.620 981952.539 981952.445 981952.400 981952.454 981952.558 981952.543 981952.191 981951.370 981950.145 981948.803 981947.746 981947.298 981947.528 981948.184 981948.801 981948.940 981948.430 981947.503 981946.714 981946.683 981947.786 981949.951 981952.674 981955.246 981957.095 981958.045 981958.372 981958.617 981959.275 981960.512 981962.068 981963.395 981963.947 981963.461 981962.082 981960.271 981958.553 981957.261 981956.388 981955.642 981954.634 981953.094 981950.991 981948.505 981945.885 981943.305 981940.781 981938.215 981935.506 981932.645 981929.745 981926.986
981955.939 981954.686 981953.872 981953.349 981952.952 981952.576 981952.213 981951.933 981951.815 981951.864 981951.975 981951.956 981951.635 981950.966 981950.088 981949.281 981948.837 981948.888 981949.317 981949.787 981949.910 981949.468 981948.572 981947.657 981947.305 981947.974 981949.763 981952.342 981955.092 981957.390 981958.880 981959.612 981959.959 981960.376 981961.126 981962.132 981963.014 981963.307 981962.714 981961.267 981959.305 981957.289 981955.568 981954.216 981953.027 981951.667 981949.865 981947.562 981944.917 981942.198 981939.630 981937.286 981935.081 981932.864 981930.523 981928.059 981925.584
981955.835 981954.896 981954.193 981953.650 981953.168 981952.680 981952.187 981951.758 981951.494 981951.457 981951.613 981951.818 981951.875 981951.639 981951.103 981950.430 981949.876 981949.650 981949.792 981950.123 981950.329 981950.141 981949.509 981948.686 981948.141 981948.357 981949.586 981951.715 981954.297 981956.751 981958.622 981959.767 981960.369 981960.781 981961.292 981961.944 981962.504 981962.597 981961.925 981960.440 981958.375 981956.120 981954.018 981952.197 981950.533 981948.752 981946.617 981944.070 981941.274 981938.521 981936.076 981934.040 981932.321 981930.700 981928.958 981926.984 981924.822
981954.922 981954.483 981954.136 981953.843 981953.550 981953.203 981952.785 981952.343 981951.983 981951.819 981951.897 981952.143 981952.373 981952.374 981952.020 981951.358 981950.605 981950.039 981949.854 981950.039 981950.371 981950.540 981950.331 981949.777 981949.182 981948.990 981949.572 981951.028 981953.124 981955.396 981957.368 981958.761 981959.586 981960.070 981960.476 981960.914 981961.258 981961.219 981960.516 981959.051 981956.979 981954.623 981952.312 981950.207 981948.240 981946.190 981943.844 981941.153 981938.286 981935.554 981933.249 981931.497 981930.190 981929.053 981927.776 981926.166 981924.213
981953.748 981953.832 981953.925 981954.011 981954.061 981954.019 981953.830 981953.495 981953.101 981952.794 981952.703 981952.844 981953.080 981953.172 981952.900 981952.206 981951.248 981950.344 981949.816 981949.810 981950.216 981950.712 981950.950 981950.755 981950.242 981949.773 981949.773 981950.512 981951.956 981953.789 981955.573 981956.959 981957.834 981958.317 981958.628 981958.906 981959.098 981958.975 981958.277 981956.878 981954.874 981952.550 981950.220 981948.070 981946.067 981944.014 981941.700 981939.061 981936.252 981933.590 981931.388 981929.793 981928.702 981927.812 981926.767 981925.325 981923.460
981952.809 981953.249 981953.647 981954.019 981954.368 981954.636 981954.724 981954.567 981954.208 981953.801 981953.540 981953.536 981953.726 981953.875 981953.702 981953.041 981951.972 981950.806 981949.949 981949.684 981950.022 981950.686 981951.258 981951.411 981951.087 981950.534 981950.170 981950.352 981951.192 981952.502 981953.910 981955.058 981955.772 981956.112 981956.267 981956.388 981956.456 981956.273 981955.580 981954.226 981952.279 981950.006 981947.737 981945.686 981943.848 981942.028 981939.983 981937.601 981934.994 981932.458 981930.321 981928.761 981927.703 981926.859 981925.869 981924.485 981922.683
981952.266 981952.779 981953.205 981953.621 981954.084 981954.552 981954.890 981954.955 981954.719 981954.311 981953.965 981953.876 981954.063 981954.327 981954.346 981953.859 981952.839 981951.548 981950.418 981949.835 981949.938 981950.541 981951.240 981951.636 981951.548 981951.109 981950.668 981950.589 981951.043 981951.921 981952.915 981953.698 981954.104 981954.186 981954.132 981954.098 981954.066 981953.829 981953.100 981951.702 981949.689 981947.348 981945.054 981943.080 981941.453 981939.972 981938.339 981936.361 981934.077 981931.741 981929.686 981928.130 981927.052 981926.209 981925.268 981923.995 981922.368
981951.874 981952.199 981952.395 981952.626 981953.031 981953.601 981954.167 981954.507 981954.495 981954.207 981953.885 981953.792 981954.036 981954.475 981954.773 981954.590 981953.788 981952.534 981951.234 981950.333 981950.081 981950.414 981951.010 981951.479 981951.587 981951.369 981951.082 981951.027 981951.356 981951.981 981952.638 981953.052 981953.108 981952.897 981952.635 981952.479 981952.388 981952.106 981951.295 981949.739 981947.494 981944.895 981942.400 981940.364 981938.870 981937.709 981936.521 981935.016 981933.138 981931.088 981929.196 981927.726 981926.725 981926.010 981925.285 981924.313 981923.051
981951.148 981951.170 981951.042 981951.028 981951.351 981952.033 981952.874 981953.558 981953.858 981953.770 981953.528 981953.451 981953.738 981954.327 981954.905 981955.081 981954.611 981953.549 981952.231 981951.101 981950.487 981950.442 981950.758 981951.115 981951.283 981951.246 981951.174 981951.277 981951.645 981952.165 981952.592 981952.703 981952.449 981951.986 981951.565 981951.345 981951.246 981950.945 981950.035 981948.261 981945.687 981942.712 981939.891 981937.682 981936.228 981935.323 981934.549 981933.520 981932.087 981930.394 981928.769 981927.523 981926.773 981926.395 981926.111 981925.658 981924.923
981949.661 981949.454 981949.124 981949.016 981949.407 981950.331 981951.538 981952.624 981953.256 981953.360 981953.153 981953.012 981953.232 981953.849 981954.604 981955.092 981954.989 981954.239 981953.077 981951.901 981951.059 981950.679 981950.655 981950.757 981950.804 981950.773 981950.784 981950.977 981951.373 981951.822 981952.078 981951.956 981951.462 981950.810 981950.285 981950.044 981949.969 981949.677 981948.703 981946.755 981943.910 981940.621 981937.531 981935.178 981933.763 981933.083 981932.676 981932.081 981931.073 981929.754 981928.455 981927.531 981927.160 981927.264 981927.568 981927.749 981927.587
981947.297 981947.077 981946.815 981946.890 981947.586 981948.907 981950.542 981952.006 981952.889 981953.072 981952.778 981952.438 981952.444 981952.930 981953.709 981954.393 981954.617 981954.237 981953.391 981952.398 981951.567 981951.042 981950.768 981950.583 981950.365 981950.124 981949.981 981950.052 981950.326 981950.629 981950.706 981950.386 981949.704 981948.901 981948.281 981948.002 981947.927 981947.647 981946.668 981944.686 981941.782 981938.433 981935.318 981933.014 981931.742 981931.300 981931.203 981930.951 981930.281 981929.273 981928.266 981927.648 981927.646 981928.215 981929.071 981929.830 981930.149
981944.306 981944.333 981944.432 981944.955 981946.135 981947.915 981949.920 981951.619 981952.575 981952.671 981952.161 981951.532 981951.246 981951.511 981952.197 981952.950 981953.401 981953.368 981952.922 981952.302 981951.745 981951.349 981951.041 981950.678 981950.175 981949.591 981949.091 981948.825 981948.801 981948.848 981948.710 981948.206 981947.359 981946.402 981945.636 981945.226 981945.052 981944.729 981943.786 981941.932 981939.243 981936.172 981933.363 981931.360 981930.361 981930.158 981930.273 981930.216 981929.731 981928.899 981928.061 981927.621 981927.832 981928.672 981929.863 981930.980 981931.590
981941.146 981941.638 981942.299 981943.406 981945.100 981947.247 981949.432 981951.127 981951.939 981951.808 981951.045 981950.174 981949.678 981949.775 981950.352 981951.078 981951.617 981951.805 981951.708 981951.525 981951.420 981951.404 981951.330 981951.005 981950.344 981949.442 981948.530 981947.832 981947.420 981947.162 981946.807 981946.147 981945.159 981944.031 981943.039 981942.363 981941.938 981941.459 981940.532 981938.907 981936.643 981934.119 981931.872 981930.338 981929.656 981929.613 981929.773 981929.712 981929.226 981928.411 981927.598 981927.165 981927.359 981928.180 981929.381 981930.554 981931.238
981938.218 981939.298 981940.590 981942.263 981944.355 981946.666 981948.777 981950.227 981950.730 981950.339 981949.430 981948.532 981948.074 981948.203 981948.756 981949.404 981949.862 981950.051 981950.107 981950.251 981950.609 981951.098 981951.459 981951.402 981950.791 981949.728 981948.506 981947.438 981946.684 981946.174 981945.670 981944.929 981943.860 981942.577 981941.315 981940.267 981939.451 981938.683 981937.689 981936.285 981934.507 981932.623 981931.004 981929.937 981929.471 981929.403 981929.387 981929.115 981928.469 981927.565 981926.687 981926.141 981926.126 981926.654 981927.549 981928.486 981929.057
981935.649 981937.333 981939.207 981941.333 981943.655 981945.926 981947.768 981948.835 981949.000 981948.452 981947.631 981947.025 981946.939 981947.369 981948.035 981948.581 981948.790 981948.717 981948.634 981948.855 981949.512 981950.453 981951.295 981951.628 981951.231 981950.186 981948.822 981947.533 981946.569 981945.930 981945.398 981944.698 981943.662 981942.313 981940.829 981939.408 981938.147 981937.002 981935.839 981934.556 981933.173 981931.832 981930.723 981929.957 981929.500 981929.179 981928.775 981928.136 981927.253 981926.251 981925.326 981924.658 981924.352 981924.423 981924.791 981925.284 981925.619
981933.259 981935.460 981937.799 981940.250 981942.678 981944.817 981946.347 981947.061 981947.005 981946.507 981946.048 981946.038 981946.611 981947.558 981948.450 981948.887 981948.727 981948.180 981947.698 981947.720 981948.423 981949.609 981950.796 981951.460 981951.291 981950.333 981948.933 981947.545 981946.494 981945.843 981945.403 981944.875 981944.020 981942.771 981941.225 981939.563 981937.937 981936.423 981935.025 981933.737 981932.573 981931.574 981930.757 981930.076 981929.422 981928.671 981927.752 981926.690 981925.588 981924.568 981923.702 981923.001 981922.442 981922.024 981921.783 981921.736 981921.777
981930.719 981933.267 981935.924 981938.603 981941.110 981943.164 981944.502 981945.039 981944.974 981944.744 981944.848 981945.600 981946.948 981948.485 981949.638 981949.972 981949.424 981948.353 981947.374 981947.044 981947.584 981948.769 981950.047 981950.817 981950.709 981949.745 981948.282 981946.809 981945.709 981945.093 981944.805 981944.540 981944.007 981943.050 981941.676 981940.008 981938.211 981936.437 981934.811 981933.420 981932.310 981931.454 981930.739 981929.990 981929.039 981927.810 981926.378 981924.934 981923.689 981922.752 981922.066 981921.452 981920.743 981919.909 981919.096 981918.521 981918.268
981927.804 981930.480 981933.304 981936.147 981938.772 981940.872 981942.216 981942.805 981942.936 981943.115 981943.831 981945.302 981947.328 981949.351 981950.711 981950.969 981950.141 981948.702 981947.369 981946.757 981947.089 981948.110 981949.229 981949.819 981949.511 981948.337 981946.676 981945.041 981943.842 981943.226 981943.070 981943.080 981942.940 981942.423 981941.437 981940.015 981938.279 981936.411 981934.620 981933.093 981931.934 981931.102 981930.404 981929.565 981928.359 981926.743 981924.900 981923.163 981921.840 981921.035 981920.579 981920.127 981919.372 981918.245 981916.981 981915.966 981915.461
981924.578 981927.186 981930.040 981932.995 981935.768 981938.026 981939.540 981940.347 981940.789 981941.387 981942.602 981944.572 981947.004 981949.277 981950.720 981950.943 981950.040 981948.548 981947.203 981946.585 981946.854 981947.702 981948.523 981948.725 981947.998 981946.435 981944.451 981942.570 981941.204 981940.512 981940.401 981940.609 981940.824 981940.776 981940.283 981939.267 981937.769 981935.954 981934.083 981932.438 981931.205 981930.374 981929.714 981928.874 981927.562 981925.725 981923.609 981921.652 981920.248 981919.523 981919.245 981918.950 981918.218 981916.935 981915.378 981914.055 981913.360
981921.402 981923.840 981926.641 981929.645 981932.540 981934.968 981936.694 981937.759 981938.501 981939.420 981940.923 981943.090 981945.597 981947.837 981949.212 981949.430 981948.659 981947.454 981946.483 981946.206 981946.658 981947.453 981947.993 981947.761 981946.561 981944.579 981942.272 981940.157 981938.614 981937.792 981937.614 981937.866 981938.278 981938.573 981938.509 981937.904 981936.703 981935.021 981933.142 981931.428 981930.157 981929.373 981928.833 981928.120 981926.863 981924.962 981922.679 981920.518 981918.961 981918.187 981917.964 981917.769 981917.102 981915.793 981914.115 981912.625 981911.797
981918.750 981921.064 981923.804 981926.798 981929.725 981932.227 981934.080 981935.322 981936.269 981937.365 981938.950 981941.057 981943.366 981945.343 981946.513 981946.713 981946.185 981945.464 981945.106 981945.401 981946.227 981947.119 981947.499 981946.953 981945.418 981943.176 981940.714 981938.509 981936.877 981935.920 981935.573 981935.680 981936.042 981936.428 981936.578 981936.243 981935.278 981933.740 981931.910 981930.204 981928.974 981928.313 981927.977 981927.487 981926.387 981924.510 981922.101 981919.709 981917.902 981916.945 981916.654 981916.503 981915.943 981914.734 981913.095 981911.561 981910.632
981916.954 981919.312 981922.058 981925.007 981927.854 981930.286 981932.118 981933.407 981934.444 981935.605 981937.153 981939.072 981941.055 981942.657 981943.536 981943.657 981943.330 981943.061 981943.285 981944.131 981945.342 981946.393 981946.743 981946.086 981944.471 981942.254 981939.911 981937.843 981936.267 981935.218 981934.631 981934.414 981934.469 981934.651 981934.736 981934.456 981933.611 981932.203 981930.491 981928.902 981927.822 981927.368 981927.285 981927.044 981926.116 981924.272 981921.735 981919.090 981916.982 981915.770 981915.350 981915.226 981914.819 981913.815 981912.336 981910.845 981909.815
981916.028 981918.620 981921.465 981924.364 981927.056 981929.303 981930.997 981932.235 981933.288 981934.473 981935.971 981937.714 981939.400 981940.652 981941.232 981941.204 981940.923 981940.870 981941.394 981942.522 981943.921 981945.056 981945.438 981944.847 981943.408 981941.490 981939.515 981937.781 981936.391 981935.303 981934.448 981933.801 981933.371 981933.125 981932.918 981932.511 981931.692 981930.425 981928.926 981927.591 981926.786 981926.611 981926.787 981926.753 981925.945 981924.103 981921.443 981918.576 981916.202 981914.760 981914.219 981914.124 981913.888 981913.128 981911.863 981910.450 981909.308
