Data/data_grav_rasters/EIGEN-6C4_gravity_ell.asc
ncols         159
nrows         172
xllcorner     32.4820794100
yllcorner     29.1707288100
cellsize      0.0259688
nodata_value  9999999
[rows 100 to 124 of 172, columns 0 to 56 of 159]
979410.146 979410.177 979409.989 979409.794 979409.675 979409.555 979409.281 979408.762 979408.077 979407.473 979407.243 979407.559 979408.351 979409.319 979410.080 979410.372 979410.204 979409.858 979409.746 979410.184 979411.227 979412.634 979413.995 979414.938 979415.301 979415.181 979414.836 979414.506 979414.271 979414.013 979413.518 979412.640 979411.432 979410.171 979409.248 979408.988 979409.497 979410.606 979411.939 979413.071 979413.697 979413.735 979413.340 979412.828 979412.548 979412.760 979413.541 979414.748 979416.046 979416.997 979417.200 979416.440 979414.795 979412.644 979410.552 979409.061 979408.455
979409.309 979409.902 979410.183 979410.155 979409.775 979409.007 979407.906 979406.687 979405.703 979405.320 979405.753 979406.926 979408.475 979409.888 979410.734 979410.874 979410.524 979410.148 979410.221 979410.989 979412.354 979413.939 979415.291 979416.113 979416.389 979416.339 979416.248 979416.265 979416.304 979416.105 979415.415 979414.186 979412.666 979411.317 979410.610 979410.785 979411.724 979412.992 979414.030 979414.412 979414.025 979413.116 979412.168 979411.697 979412.040 979413.232 979414.997 979416.838 979418.187 979418.570 979417.739 979415.748 979412.959 979409.947 979407.337 979405.601 979404.891
979406.919 979407.771 979408.464 979408.848 979408.745 979408.060 979406.898 979405.594 979404.621 979404.407 979405.129 979406.611 979408.383 979409.889 979410.746 979410.929 979410.767 979410.764 979411.334 979412.577 979414.243 979415.874 979417.054 979417.620 979417.721 979417.686 979417.796 979418.087 979418.320 979418.126 979417.257 979415.787 979414.132 979412.882 979412.501 979413.074 979414.237 979415.328 979415.697 979415.022 979413.471 979411.638 979410.290 979410.036 979411.081 979413.146 979415.575 979417.569 979418.449 979417.847 979415.794 979412.682 979409.141 979405.859 979403.393 979402.017 979401.653
979403.956 979404.811 979405.791 979406.669 979407.144 979407.009 979406.294 979405.299 979404.493 979404.304 979404.914 979406.164 979407.632 979408.855 979409.571 979409.855 979410.077 979410.685 979411.950 979413.798 979415.839 979417.570 979418.637 979419.016 979418.995 979418.982 979419.243 979419.730 979420.109 979419.965 979419.087 979417.642 979416.135 979415.168 979415.108 979415.856 979416.850 979417.314 979416.642 979414.714 979411.997 979409.369 979407.751 979407.716 979409.251 979411.763 979414.310 979415.947 979416.041 979414.448 979411.510 979407.903 979404.406 979401.674 979400.068 979399.581 979399.879
979401.471 979402.162 979403.226 979404.425 979405.395 979405.830 979405.640 979405.020 979404.360 979404.053 979404.300 979405.020 979405.922 979406.692 979407.205 979407.613 979408.272 979409.532 979411.508 979413.975 979416.445 979418.402 979419.553 979419.966 979420.010 979420.122 979420.553 979421.219 979421.769 979421.814 979421.191 979420.104 979419.034 979418.475 979418.624 979419.208 979419.573 979418.981 979417.002 979413.776 979410.019 979406.753 979404.889 979404.845 979406.380 979408.693 979410.751 979411.666 979410.999 979408.859 979405.808 979402.624 979400.040 979398.522 979398.163 979398.699 979399.618
979399.950 979400.414 979401.316 979402.476 979403.554 979404.211 979404.286 979403.875 979403.273 979402.821 979402.727 979402.989 979403.437 979403.892 979404.324 979404.915 979405.976 979407.758 979410.265 979413.193 979416.032 979418.289 979419.718 979420.419 979420.755 979421.136 979421.785 979422.629 979423.375 979423.720 979423.561 979423.081 979422.639 979422.528 979422.736 979422.866 979422.285 979420.429 979417.132 979412.785 979408.241 979404.497 979402.299 979401.848 979402.741 979404.163 979405.223 979405.293 979404.204 979402.241 979399.980 979398.051 979396.919 979396.759 979397.439 979398.580 979399.680
979399.134 979399.391 979399.933 979400.688 979401.421 979401.863 979401.863 979401.469 979400.904 979400.446 979400.285 979400.449 979400.835 979401.329 979401.932 979402.802 979404.185 979406.257 979408.984 979412.074 979415.080 979417.583 979419.372 979420.520 979421.308 979422.045 979422.904 979423.846 979424.692 979425.274 979425.570 979425.723 979425.923 979426.221 979426.401 979425.996 979424.478 979421.527 979417.251 979412.217 979407.273 979403.233 979400.575 979399.292 979398.952 979398.936 979398.718 979398.060 979397.047 979395.983 979395.203 979394.934 979395.219 979395.941 979396.886 979397.802 979398.445
979398.297 979398.423 979398.540 979398.702 979398.838 979398.820 979398.572 979398.149 979397.722 979397.500 979397.623 979398.099 979398.833 979399.715 979400.719 979401.942 979403.554 979405.682 979408.307 979411.228 979414.130 979416.711 979418.805 979420.421 979421.693 979422.773 979423.741 979424.586 979425.265 979425.789 979426.255 979426.794 979427.452 979428.067 979428.250 979427.499 979425.414 979421.905 979417.283 979412.176 979407.293 979403.163 979399.970 979397.566 979395.640 979393.946 979392.455 979391.350 979390.884 979391.185 979392.139 979393.402 979394.556 979395.293 979395.531 979395.403 979395.123
979396.739 979396.832 979396.622 979396.279 979395.891 979395.486 979395.085 979394.762 979394.641 979394.853 979395.468 979396.454 979397.703 979399.095 979400.565 979402.143 979403.916 979405.964 979408.295 979410.821 979413.395 979415.867 979418.133 979420.137 979421.843 979423.201 979424.152 979424.677 979424.856 979424.897 979425.066 979425.560 979426.361 979427.169 979427.473 979426.742 979424.662 979421.282 979417.003 979412.399 979407.961 979403.913 979400.193 979396.611 979393.092 979389.843 979387.345 979386.135 979386.504 979388.265 979390.748 979393.033 979394.326 979394.299 979393.201 979391.711 979390.579
979394.157 979394.316 979394.002 979393.457 979392.883 979392.412 979392.132 979392.110 979392.413 979393.083 979394.123 979395.481 979397.068 979398.793 979400.598 979402.462 979404.389 979406.384 979408.440 979410.548 979412.714 979414.955 979417.264 979419.562 979421.660 979423.293 979424.218 979424.343 979423.825 979423.053 979422.505 979422.527 979423.147 979424.019 979424.558 979424.186 979422.589 979419.842 979416.322 979412.483 979408.602 979404.668 979400.474 979395.884 979391.093 979386.724 979383.655 979382.638 979383.881 979386.843 979390.354 979393.062 979393.991 979392.964 979390.662 979388.300 979387.058
979390.736 979391.042 979390.878 979390.495 979390.129 979389.950 979390.054 979390.471 979391.185 979392.154 979393.331 979394.681 979396.197 979397.896 979399.790 979401.855 979404.009 979406.131 979408.123 979409.976 979411.799 979413.778 979416.051 979418.583 979421.099 979423.137 979424.235 979424.160 979423.061 979421.460 979420.046 979419.373 979419.604 979420.431 979421.223 979421.323 979420.336 979418.261 979415.394 979412.083 979408.482 979404.481 979399.859 979394.583 979389.066 979384.190 979381.030 979380.380 979382.303 979385.972 979389.923 979392.629 979393.163 979391.612 979389.045 979387.023 979386.876
979386.970 979387.490 979387.659 979387.682 979387.765 979388.063 979388.645 979389.488 979390.497 979391.547 979392.554 979393.529 979394.596 979395.939 979397.710 979399.925 979402.420 979404.907 979407.115 979408.946 979410.552 979412.274 979414.447 979417.170 979420.162 979422.820 979424.458 979424.634 979423.399 979421.318 979419.249 979417.958 979417.783 979418.492 979419.423 979419.808 979419.118 979417.236 979414.392 979410.918 979406.999 979402.593 979397.574 979392.012 979386.403 979381.664 979378.829 979378.576 979380.819 979384.615 979388.484 979391.025 979391.555 979390.447 979388.980 979388.743 979390.865
979383.408 979384.185 979384.741 979385.197 979385.704 979386.396 979387.335 979388.476 979389.662 979390.693 979391.438 979391.938 979392.437 979393.305 979394.866 979397.213 979400.121 979403.126 979405.737 979407.703 979409.164 979410.599 979412.567 979415.374 979418.828 979422.255 979424.769 979425.691 979424.892 979422.893 979420.633 979419.041 979418.605 979419.165 979420.020 979420.283 979419.284 979416.816 979413.116 979408.633 979403.749 979398.632 979393.313 979387.908 979382.828 979378.788 979376.566 979376.619 979378.764 979382.142 979385.535 979387.916 979388.960 979389.254 979390.043 979392.612 979397.586
979380.436 979381.495 979382.366 979383.082 979383.758 979384.555 979385.599 979386.884 979388.233 979389.372 979390.078 979390.352 979390.492 979391.007 979392.383 979394.821 979398.083 979401.564 979404.568 979406.670 979407.958 979409.012 979410.608 979413.289 979417.017 979421.124 979424.584 979426.499 979426.537 979425.099 979423.116 979421.589 979421.089 979421.485 979422.028 979421.726 979419.809 979416.050 979410.796 979404.734 979398.551 979392.698 979387.356 979382.599 979378.589 979375.659 979374.196 979374.401 979376.074 979378.615 979381.260 979383.488 979385.342 979387.492 979390.923 979396.385 979403.852
979378.187 979379.528 979380.579 979381.298 979381.810 979382.382 979383.282 979384.619 979386.241 979387.788 979388.889 979389.408 979389.587 979389.988 979391.229 979393.638 979397.033 979400.751 979403.958 979406.076 979407.114 979407.693 979408.745 979411.018 979414.649 979419.041 979423.121 979425.846 979426.714 979425.982 979424.503 979423.253 979422.798 979422.987 979423.021 979421.847 979418.673 979413.343 979406.393 979398.797 979391.565 979385.395 979380.549 979376.952 979374.415 979372.811 979372.111 979372.297 979373.242 979374.700 979376.432 979378.412 979380.962 979384.690 979390.186 979397.602 979406.318
979376.521 979378.130 979379.247 979379.780 979379.906 979380.045 979380.667 979382.047 979384.085 979386.332 979388.224 979389.408 979389.975 979390.456 979391.553 979393.739 979396.956 979400.588 979403.754 979405.769 979406.539 979406.646 979407.071 979408.682 979411.763 979415.838 979419.883 979422.836 979424.106 979423.836 979422.758 979421.741 979421.272 979421.142 979420.526 979418.388 979414.014 979407.398 979399.290 979390.911 979383.488 979377.834 979374.162 979372.167 979371.286 979370.975 979370.882 979370.870 979370.962 979371.280 979372.043 979373.591 979376.376 979380.828 979387.117 979394.900 979403.189
979375.077 979376.939 979378.105 979378.443 979378.186 979377.905 979378.269 979379.719 979382.217 979385.241 979388.040 979390.026 979391.100 979391.710 979392.603 979394.391 979397.184 979400.490 979403.463 979405.360 979405.968 979405.745 979405.601 979406.412 979408.558 979411.706 979414.986 979417.438 979418.494 979418.227 979417.233 979416.217 979415.530 979414.901 979413.537 979410.527 979405.343 979398.183 979389.975 979382.054 979375.664 979371.527 979369.661 979369.483 979370.122 979370.771 979370.932 979370.501 979369.701 979368.967 979368.820 979369.776 979372.243 979376.406 979382.086 979388.655 979395.053
979373.388 979375.505 979376.816 979377.145 979376.744 979376.267 979376.510 979378.031 979380.854 979384.427 979387.881 979390.465 979391.923 979392.611 979393.282 979394.649 979396.975 979399.915 979402.702 979404.572 979405.192 979404.845 979404.274 979404.277 979405.272 979407.088 979409.080 979410.492 979410.866 979410.241 979409.055 979407.805 979406.677 979405.364 979403.195 979399.507 979394.063 979387.291 979380.212 979374.080 979369.912 979368.115 979368.380 979369.853 979371.496 979372.457 979372.322 979371.166 979369.448 979367.815 979366.913 979367.229 979368.996 979372.136 979376.240 979380.616 979384.392
979371.065 979373.443 979375.057 979375.674 979375.499 979375.165 979375.475 979377.026 979379.892 979383.561 979387.175 979389.951 979391.568 979392.314 979392.900 979394.054 979396.112 979398.835 979401.538 979403.467 979404.195 979403.833 979402.932 979402.170 979401.982 979402.362 979402.930 979403.188 979402.815 979401.815 979400.430 979398.908 979397.257 979395.179 979392.227 979388.105 979382.951 979377.420 979372.509 979369.190 979368.018 979368.902 979371.134 979373.656 979375.444 979375.839 979374.720 979372.464 979369.761 979367.370 979365.894 979365.649 979366.620 979368.497 979370.766 979372.831 979374.149
979367.985 979370.596 979372.629 979373.793 979374.190 979374.319 979374.874 979376.401 979379.012 979382.314 979385.598 979388.198 979389.839 979390.760 979391.570 979392.894 979395.021 979397.732 979400.406 979402.332 979403.057 979402.579 979401.300 979399.792 979398.510 979397.619 979397.002 979396.416 979395.658 979394.653 979393.395 979391.841 979389.823 979387.103 979383.541 979379.296 979374.919 979371.248 979369.136 979369.097 979371.064 979374.354 979377.875 979380.492 979381.387 979380.296 979377.534 979373.830 979370.063 979366.994 979365.077 979364.392 979364.683 979365.478 979366.254 979366.587 979366.265
979364.368 979367.100 979369.526 979371.324 979372.467 979373.258 979374.186 979375.679 979377.874 979380.548 979383.242 979385.525 979387.236 979388.574 979389.975 979391.846 979394.312 979397.100 979399.640 979401.317 979401.736 979400.875 979399.062 979396.805 979394.588 979392.735 979391.370 979390.464 979389.889 979389.436 979388.814 979387.668 979385.666 979382.664 979378.876 979374.934 979371.769 979370.326 979371.188 979374.302 979378.918 979383.786 979387.546 979389.158 979388.191 979384.902 979380.086 979374.778 979369.946 979366.252 979363.947 979362.886 979362.645 979362.691 979362.560 979361.996 979361.024
979360.650 979363.294 979365.916 979368.213 979370.054 979371.531 979372.899 979374.426 979376.254 979378.334 979380.493 979382.566 979384.526 979386.510 979388.727 979391.300 979394.130 979396.869 979399.023 979400.132 979399.942 979398.487 979396.066 979393.139 979390.210 979387.726 979386.013 979385.217 979385.255 979385.778 979386.213 979385.914 979384.411 979381.669 979378.233 979375.142 979373.608 979374.549 979378.179 979383.837 979390.139 979395.412 979398.232 979397.851 979394.368 979388.599 979381.751 979375.027 979369.331 979365.125 979362.434 979360.958 979360.227 979359.757 979359.188 979358.387 979357.480
979357.193 979359.505 979362.028 979364.535 979366.849 979368.895 979370.710 979372.399 979374.078 979375.836 979377.735 979379.834 979382.198 979384.875 979387.835 979390.926 979393.856 979396.253 979397.762 979398.136 979397.300 979395.355 979392.551 979389.254 979385.923 979383.074 979381.195 979380.601 979381.281 979382.804 979384.390 979385.175 979384.588 979382.685 979380.259 979378.614 979379.065 979382.359 979388.266 979395.550 979402.343 979406.779 979407.614 979404.590 979398.415 979390.418 979382.058 979374.501 979368.406 979363.931 979360.886 979358.910 979357.618 979356.677 979355.865 979355.111 979354.519
979354.006 979355.815 979357.992 979360.424 979362.944 979365.379 979367.605 979369.584 979371.383 979373.158 979375.112 979377.429 979380.203 979383.373 979386.712 979389.871 979392.479 979394.245 979395.027 979394.825 979393.725 979391.826 979389.231 979386.101 979382.752 979379.696 979377.559 979376.859 979377.746 979379.831 979382.266 979384.073 979384.624 979384.018 979383.157 979383.418 979386.026 979391.418 979398.896 979406.754 979412.856 979415.405 979413.577 979407.741 979399.222 979389.734 979380.781 979373.268 979367.437 979363.072 979359.792 979357.279 979355.346 979353.896 979352.853 979352.150 979351.777
979350.684 979351.990 979353.757 979355.978 979358.529 979361.203 979363.783 979366.129 979368.243 979370.282 979372.488 979375.075 979378.105 979381.419 979384.665 979387.424 979389.375 979390.416 979390.674 979390.385 979389.723 979388.676 979387.068 979384.725 979381.715 979378.482 979375.786 979374.407 979374.771 979376.690 979379.400 979381.924 979383.600 979384.497 979385.471 979387.775 979392.377 979399.329 979407.513 979414.919 979419.382 979419.411 979414.764 979406.482 979396.418 979386.490 979378.032 979371.501 979366.614 979362.762 979359.439 979356.461 979353.927 979352.015 979350.783 979350.112 979349.811
