Data/data_grav_rasters/EIGEN-6C4_gravitation_ell.asc
ncols         159
nrows         172
xllcorner     32.4820794100
yllcorner     29.1707288100
cellsize      0.0259688
nodata_value  9999999
[rows 0 to 24 of 172, columns 0 to 56 of 159]
982015.288 982019.945 982024.220 982028.131 982031.517 982034.051 982035.357 982035.151 982033.340 982030.029 982025.441 982019.795 982013.234 982005.837 981997.710 981989.092 981980.406 981972.203 981965.024 981959.224 981954.862 981951.697 981949.295 981947.183 981944.993 981942.516 981939.698 981936.572 981933.215 981929.730 981926.267 981923.026 981920.230 981918.054 981916.552 981915.624 981915.070 981914.699 981914.444 981914.404 981914.793 981915.788 981917.389 981919.358 981921.296 981922.824 981923.781 981924.316 981924.819 981925.708 981927.182 981929.081 981930.930 981932.162 981932.411 981931.714 981930.525
982012.191 982016.328 982020.090 982023.611 982026.820 982029.419 982030.971 982031.065 982029.463 982026.165 982021.369 982015.367 982008.436 982000.798 981992.647 981984.224 981975.876 981968.043 981961.173 981955.602 981951.448 981948.576 981946.642 981945.197 981943.795 981942.079 981939.822 981936.940 981933.496 981929.692 981925.848 981922.348 981919.536 981917.615 981916.570 981916.175 981916.094 981916.040 981915.905 981915.806 981916.005 981916.739 981918.063 981919.774 981921.497 981922.863 981923.709 981924.167 981924.600 981925.403 981926.770 981928.565 981930.366 981931.672 981932.165 981931.881 981931.206
982008.758 982012.230 982015.175 982017.877 982020.426 982022.633 982024.087 982024.313 982022.953 982019.883 982015.232 982009.299 982002.441 981994.977 981987.170 981979.254 981971.490 981964.197 981957.722 981952.371 981948.327 981945.583 981943.927 981942.980 981942.266 981941.303 981939.698 981937.229 981933.904 981929.980 981925.908 981922.224 981919.386 981917.633 981916.905 981916.881 981917.125 981917.274 981917.195 981917.019 981917.045 981917.561 981918.668 981920.212 981921.853 981923.242 981924.204 981924.825 981925.398 981926.243 981927.517 981929.106 981930.674 981931.838 981932.376 981932.358 981932.106
982004.826 982007.615 982009.662 982011.388 982013.053 982014.617 982015.752 982015.977 982014.851 982012.136 982007.869 982002.316 981995.865 981988.903 981981.738 981974.596 981967.653 981961.097 981955.153 981950.074 981946.079 981943.286 981941.637 981940.873 981940.553 981940.137 981939.108 981937.117 981934.092 981930.280 981926.194 981922.456 981919.603 981917.909 981917.307 981917.445 981917.851 981918.139 981918.165 981918.060 981918.122 981918.639 981919.727 981921.264 981922.958 981924.502 981925.728 981926.681 981927.559 981928.575 981929.811 981931.150 981932.341 981933.141 981933.466 981933.456 981933.403
982000.402 982002.649 982003.979 982004.885 982005.745 982006.650 982007.374 982007.473 982006.478 982004.079 982000.235 981995.171 981989.283 981983.001 981976.672 981970.505 981964.593 981958.980 981953.742 981949.029 981945.055 981942.029 981940.052 981939.028 981938.632 981938.358 981937.647 981936.061 981933.437 981929.961 981926.115 981922.527 981919.750 981918.082 981917.488 981917.650 981918.136 981918.595 981918.891 981919.123 981919.530 981920.332 981921.604 981923.231 981924.982 981926.629 981928.063 981929.322 981930.527 981931.774 981933.039 981934.170 981934.974 981935.335 981935.318 981935.156 981935.145
981995.701 981997.674 981998.662 981999.126 981999.464 981999.840 982000.113 981999.918 981998.820 981996.507 981992.911 981988.237 981982.890 981977.328 981971.919 981966.852 981962.128 981957.637 981953.276 981949.049 981945.110 981941.714 981939.107 981937.388 981936.418 981935.819 981935.083 981933.746 981931.565 981928.619 981925.288 981922.114 981919.602 981918.050 981917.468 981917.627 981918.200 981918.912 981919.648 981920.451 981921.446 981922.718 981924.251 981925.917 981927.558 981929.074 981930.469 981931.834 981933.253 981934.720 981936.097 981937.163 981937.740 981937.802 981937.531 981937.250 981937.276
981990.959 981992.964 981994.029 981994.480 981994.628 981994.626 981994.401 981993.693 981992.176 981989.613 981985.981 981981.501 981976.587 981971.708 981967.230 981963.303 981959.835 981956.560 981953.186 981949.547 981945.697 981941.900 981938.519 981935.851 981933.978 981932.720 981931.691 981930.460 981928.731 981926.462 981923.884 981921.391 981919.382 981918.117 981917.650 981917.859 981918.548 981919.549 981920.774 981922.204 981923.818 981925.543 981927.243 981928.773 981930.059 981931.156 981932.228 981933.461 981934.949 981936.607 981938.188 981939.388 981940.003 981940.042 981939.754 981939.515 981939.659
981986.224 981988.488 981989.939 981990.693 981990.893 981990.620 981989.845 981988.439 981986.245 981983.177 981979.306 981974.897 981970.362 981966.145 981962.576 981959.748 981957.474 981955.355 981952.941 981949.913 981946.220 981942.111 981938.032 981934.444 981931.642 981929.651 981928.237 981927.042 981925.750 981924.218 981922.521 981920.884 981919.571 981918.771 981918.552 981918.881 981919.687 981920.907 981922.493 981924.376 981926.411 981928.383 981930.053 981931.263 981932.029 981932.555 981933.165 981934.151 981935.629 981937.463 981939.320 981940.814 981941.693 981941.960 981941.872 981941.812 981942.106
981981.339 981983.915 981985.839 981987.002 981987.352 981986.870 981985.558 981983.434 981980.539 981976.970 981972.917 981968.677 981964.626 981961.135 981958.452 981956.591 981955.293 981954.079 981952.407 981949.869 981946.350 981942.081 981937.552 981933.332 981929.861 981927.319 981925.605 981924.441 981923.523 981922.653 981921.792 981921.027 981920.486 981920.267 981920.410 981920.923 981921.815 981923.110 981924.809 981926.826 981928.956 981930.899 981932.362 981933.192 981933.474 981933.524 981933.773 981934.580 981936.070 981938.072 981940.195 981942.003 981943.209 981943.790 981943.969 981944.089 981944.436
981976.128 981978.861 981981.110 981982.586 981983.066 981982.441 981980.744 981978.127 981974.820 981971.090 981967.217 981963.487 981960.187 981957.558 981955.724 981954.617 981953.937 981953.198 981951.866 981949.538 981946.103 981941.794 981937.115 981932.664 981928.930 981926.157 981924.314 981923.184 981922.504 981922.085 981921.849 981921.808 981921.989 981922.392 981922.986 981923.754 981924.724 981925.968 981927.538 981929.384 981931.313 981933.023 981934.223 981934.782 981934.821 981934.695 981934.861 981935.676 981937.242 981939.360 981941.623 981943.596 981944.999 981945.793 981946.150 981946.334 981946.562
981970.635 981973.231 981975.507 981977.083 981977.630 981976.981 981975.192 981972.519 981969.331 981966.002 981962.841 981960.067 981957.821 981956.174 981955.107 981954.475 981953.980 981953.206 981951.721 981949.226 981945.684 981941.361 981936.752 981932.418 981928.797 981926.097 981924.278 981923.157 981922.530 981922.276 981922.367 981922.816 981923.599 981924.622 981925.747 981926.867 981927.968 981929.128 981930.449 981931.959 981933.543 981934.966 981935.985 981936.493 981936.606 981936.647 981937.013 981937.997 981939.646 981941.747 981943.925 981945.807 981947.171 981947.993 981948.396 981948.540 981948.534
981965.222 981967.389 981969.400 981970.881 981971.467 981970.965 981969.444 981967.212 981964.697 981962.304 981960.303 981958.797 981957.758 981957.078 981956.606 981956.143 981955.435 981954.184 981952.123 981949.117 981945.254 981940.860 981936.412 981932.389 981929.113 981926.678 981924.977 981923.825 981923.089 981922.759 981922.919 981923.649 981924.918 981926.546 981928.267 981929.842 981931.167 981932.300 981933.394 981934.574 981935.841 981937.062 981938.056 981938.725 981939.143 981939.549 981940.233 981941.393 981943.020 981944.909 981946.757 981948.305 981949.431 981950.156 981950.557 981950.679 981950.495
981960.456 981962.063 981963.680 981964.998 981965.670 981965.498 981964.541 981963.102 981961.597 981960.390 981959.668 981959.408 981959.430 981959.490 981959.344 981958.778 981957.599 981955.641 981952.805 981949.127 981944.828 981940.300 981936.008 981932.342 981929.489 981927.400 981925.871 981924.695 981923.802 981923.307 981923.429 981924.340 981926.023 981928.226 981930.546 981932.607 981934.204 981935.374 981936.324 981937.284 981938.373 981939.547 981940.663 981941.602 981942.368 981943.103 981943.995 981945.166 981946.581 981948.072 981949.431 981950.526 981951.351 981951.977 981952.450 981952.698 981952.542
981956.858 981958.026 981959.352 981960.604 981961.471 981961.752 981961.476 981960.898 981960.374 981960.193 981960.451 981961.032 981961.668 981962.051 981961.914 981961.062 981959.364 981956.753 981953.246 981948.997 981944.327 981939.684 981935.532 981932.197 981929.758 981928.044 981926.757 981925.658 981924.720 981924.158 981924.307 981925.417 981927.479 981930.172 981932.978 981935.404 981937.182 981938.355 981939.200 981940.053 981941.119 981942.398 981943.729 981944.931 981945.923 981946.768 981947.607 981948.543 981949.569 981950.575 981951.439 981952.126 981952.717 981953.324 981953.970 981954.493 981954.582
981954.659 981955.733 981957.055 981958.442 981959.607 981960.339 981960.632 981960.683 981960.774 981961.122 981961.765 981962.547 981963.198 981963.432 981963.026 981961.833 981959.770 981956.804 981952.985 981948.500 981943.705 981939.080 981935.102 981932.078 981930.037 981928.733 981927.799 981926.963 981926.211 981925.809 981926.156 981927.539 981929.934 981932.954 981935.999 981938.510 981940.215 981941.215 981941.893 981942.681 981943.835 981945.333 981946.929 981948.330 981949.368 981950.068 981950.592 981951.106 981951.678 981952.258 981952.771 981953.210 981953.678 981954.305 981955.112 981955.903 981956.297
981953.716 981955.105 981956.740 981958.433 981959.900 981960.927 981961.489 981961.744 981961.926 981962.208 981962.606 981962.986 981963.139 981962.870 981962.047 981960.591 981958.439 981955.534 981951.871 981947.585 981943.001 981938.603 981934.893 981932.204 981930.571 981929.729 981929.275 981928.900 981928.572 981928.558 981929.264 981930.966 981933.605 981936.736 981939.707 981941.954 981943.257 981943.837 981944.208 981944.902 981946.192 981947.976 981949.866 981951.421 981952.380 981952.771 981952.842 981952.888 981953.082 981953.422 981953.809 981954.178 981954.579 981955.135 981955.900 981956.731 981957.268
981953.585 981955.558 981957.666 981959.677 981961.297 981962.331 981962.775 981962.794 981962.615 981962.395 981962.158 981961.814 981961.240 981960.358 981959.146 981957.594 981955.644 981953.173 981950.070 981946.359 981942.290 981938.326 981934.999 981932.697 981931.502 981931.167 981931.273 981931.474 981931.697 981932.176 981933.289 981935.282 981938.048 981941.100 981943.758 981945.484 981946.150 981946.120 981946.059 981946.599 981948.015 981950.099 981952.291 981953.982 981954.823 981954.868 981954.492 981954.149 981954.128 981954.445 981954.914 981955.331 981955.633 981955.914 981956.308 981956.812 981957.194
981953.693 981956.236 981958.720 981960.848 981962.334 981963.037 981963.022 981962.512 981961.758 981960.924 981960.033 981959.020 981957.828 981956.474 981955.039 981953.577 981952.032 981950.212 981947.891 981944.966 981941.594 981938.206 981935.357 981933.496 981932.763 981932.938 981933.593 981934.344 981935.072 981935.974 981937.402 981939.582 981942.383 981945.284 981947.592 981948.787 981948.819 981948.175 981947.658 981947.996 981949.472 981951.785 981954.219 981956.010 981956.726 981956.454 981955.697 981955.072 981954.974 981955.412 981956.074 981956.571 981956.690 981956.496 981956.230 981956.094 981956.062
981953.534 981956.344 981958.879 981960.793 981961.828 981961.931 981961.276 981960.173 981958.917 981957.665 981956.409 981955.065 981953.586 981952.043 981950.588 981949.341 981948.263 981947.123 981945.606 981943.500 981940.876 981938.124 981935.811 981934.429 981934.158 981934.799 981935.907 981937.058 981938.099 981939.213 981940.762 981942.996 981945.799 981948.643 981950.806 981951.748 981951.427 981950.387 981949.518 981949.629 981951.036 981953.399 981955.903 981957.670 981958.205 981957.617 981956.513 981955.642 981955.490 981956.050 981956.886 981957.426 981957.308 981956.562 981955.544 981954.672 981954.149
981952.819 981955.441 981957.636 981959.034 981959.422 981958.845 981957.592 981956.060 981954.574 981953.261 981952.045 981950.768 981949.346 981947.859 981946.511 981945.491 981944.807 981944.231 981943.403 981942.036 981940.127 981938.017 981936.265 981935.375 981935.550 981936.586 981938.012 981939.369 981940.480 981941.549 981942.999 981945.162 981947.991 981950.975 981953.353 981954.500 981954.290 981953.217 981952.184 981952.054 981953.209 981955.348 981957.642 981959.172 981959.401 981958.439 981956.951 981955.773 981955.458 981956.001 981956.879 981957.388 981957.042 981955.836 981954.206 981952.744 981951.841
981951.559 981953.588 981955.175 981955.944 981955.723 981954.630 981953.032 981951.379 981949.994 981948.948 981948.071 981947.110 981945.916 981944.563 981943.304 981942.408 981941.959 981941.772 981941.476 981940.736 981939.478 981937.987 981936.788 981936.380 981936.963 981938.324 981939.957 981941.367 981942.364 981943.188 981944.361 981946.346 981949.215 981952.513 981955.434 981957.221 981957.574 981956.834 981955.828 981955.442 981956.151 981957.769 981959.556 981960.622 981960.417 981959.025 981957.104 981955.521 981954.874 981955.183 981955.909 981956.286 981955.754 981954.268 981952.291 981950.501 981949.397
981950.072 981951.302 981952.242 981952.515 981951.956 981950.701 981949.132 981947.692 981946.667 981946.054 981945.595 981944.951 981943.926 981942.600 981941.287 981940.347 981939.960 981940.001 981940.106 981939.893 981939.217 981938.289 981937.589 981937.603 981938.530 981940.151 981941.935 981943.347 981944.171 981944.673 981945.469 981947.175 981950.016 981953.637 981957.213 981959.848 981961.019 981960.841 981959.993 981959.343 981959.470 981960.364 981961.449 981961.934 981961.274 981959.494 981957.182 981955.165 981954.058 981953.930 981954.296 981954.409 981953.693 981952.063 981949.949 981948.027 981946.810
981948.878 981949.330 981949.782 981949.846 981949.325 981948.306 981947.115 981946.133 981945.578 981945.378 981945.215 981944.708 981943.654 981942.163 981940.624 981939.494 981939.044 981939.206 981939.618 981939.845 981939.657 981939.183 981938.857 981939.159 981940.314 981942.127 981944.057 981945.523 981946.255 981946.494 981946.904 981948.228 981950.864 981954.594 981958.640 981962.008 981963.966 981964.379 981963.733 981962.836 981962.362 981962.496 981962.874 981962.841 981961.872 981959.900 981957.380 981955.035 981953.455 981952.770 981952.601 981952.293 981951.307 981949.529 981947.320 981945.281 981943.881
981948.504 981948.336 981948.513 981948.633 981948.434 981947.912 981947.286 981946.839 981946.711 981946.786 981946.722 981946.149 981944.890 981943.110 981941.267 981939.897 981939.343 981939.576 981940.221 981940.784 981940.944 981940.750 981940.596 981940.982 981942.197 981944.108 981946.197 981947.835 981948.655 981948.803 981948.910 981949.784 981951.975 981955.447 981959.540 981963.255 981965.718 981966.574 981966.102 981965.014 981964.039 981963.540 981963.371 981963.029 981962.011 981960.140 981957.691 981955.228 981953.276 981952.019 981951.208 981950.332 981948.933 981946.888 981944.476 981942.194 981940.442
981949.236 981948.621 981948.648 981948.907 981949.079 981949.059 981948.953 981948.938 981949.094 981949.281 981949.180 981948.457 981946.985 981944.967 981942.905 981941.374 981940.755 981941.039 981941.837 981942.601 981942.932 981942.806 981942.593 981942.833 981943.912 981945.803 981948.045 981949.975 981951.099 981951.396 981951.369 981951.808 981953.371 981956.216 981959.873 981963.444 981966.015 981967.073 981966.706 981965.500 981964.183 981963.252 981962.746 981962.313 981961.476 981959.949 981957.812 981955.440 981953.264 981951.501 981950.039 981948.526 981946.612 981944.186 981941.452 981938.806 981936.583
